run_ID,t1_initial,t2_initial,t3_initial,t4_initial,t5_initial,t6_initial,t7_initial,t8_initial,t9_initial,t10_initial,t11_initial,t12_initial,alpha,prior_cost_c,lambda,k,sample_amount,learning_parameter,generations,t1_final,t2_final,t3_final,t4_final,t5_final,t6_final,t7_final,t8_final,t9_final,t10_final,t11_final,t12_final
0,0.0139063448867,0.189306372375,0.0201806886991,0.00372962927193,0.00636170886823,0.233836072725,0.134445330226,0.0780958614245,0.0459309774791,0.064178984287,0.189808180334,0.0202198494233,1,0.4,43,18,10,3,20,0.000136828377026,2.95549294376e-05,0.000136828377026,0.0224855179214,0.0036796205767,0.00311060805477,0.000136828377026,2.95549294376e-05,0.000136828377026,0.245405305443,0.479307225289,0.245405299348
1,0.166988441588,0.0181665364757,0.0519022687646,0.0302937110998,0.246975907423,0.0775240070722,0.0685022736544,0.20567951326,0.0106403437488,0.0708358921569,0.0120237182263,0.0404673865307,1,0.4,43,18,10,3,20,0.000363633285565,7.8544789682e-05,0.000363633285565,0.0874684749932,0.0115203109875,0.00234235196935,0.000363633285565,7.8544789682e-05,0.000363633285565,0.226923574633,0.443210095698,0.226923568997
2,0.0669568793777,0.0232225901782,0.0741354397574,0.0110558108681,0.0357301019053,0.00523919198103,0.0559476388431,0.463509842308,0.138321026729,0.0455708331005,0.0344252540297,0.0458853909214,1,0.4,43,18,10,3,20,0.000628959549263,0.000135855262641,0.000628959549263,0.0169230813328,0.0138490334621,0.00348725559556,0.000628959549263,0.000135855262641,0.000628959549263,0.243592878736,0.475767329465,0.243592872686
3,0.206357744549,0.00441564093139,0.204245743738,0.0967997358134,0.00484754505051,0.102181082339,0.100230065837,0.122235650332,0.0141487889664,0.00795787305929,0.0405987976011,0.0959813317833,1,0.4,43,18,10,3,20,0.000140895570588,3.04334432471e-05,0.000140895570588,0.128005891425,0.00172308759597,0.00267919262534,0.000140895570588,3.04334432471e-05,0.000140895570588,0.219311910266,0.4283435641,0.219311904819
4,0.0177902954226,0.0131675992239,0.0581566505453,0.0261215347451,0.0129475207569,0.0200233196556,0.213668325207,0.159847077999,0.142370239545,0.0496143370925,0.155218612841,0.131074486966,1,0.4,43,18,10,3,20,1.90678816888e-05,4.11866244477e-06,1.90678816888e-05,0.0266247706794,0.00166122118446,0.00068445428679,1.90678816888e-05,4.11866244477e-06,1.90678816888e-05,0.245614561394,0.479715928309,0.245614555294
5,0.227109406053,0.0225103953783,0.144426050473,0.00688460252916,0.062478974482,0.229896052909,0.0135879952254,0.139099614617,0.0763703885264,0.00681980066366,0.0600874428623,0.0107292762806,1,0.4,43,18,10,3,20,0.000923369413571,0.000199447793331,0.000923369413571,0.121586987049,0.00744368787449,0.0152001220577,0.000923369413571,0.000199447793331,0.000923369413571,0.215443945127,0.420788944875,0.215443939776
6,0.159075056279,0.0333041840245,0.106995334965,0.0234784702059,0.059871602561,0.0890812831625,0.207899144216,3.15346776129e-05,0.107302512415,0.0948338640627,0.00268814401018,0.115438869421,1,0.4,43,18,10,3,20,0.000324387596899,7.00677209301e-05,0.000324387596899,0.05093635815,0.00622116139841,0.00100470906794,0.000324387596899,7.00677209301e-05,0.000324387596899,0.237887773091,0.46462454528,0.237887767183
7,0.0301454982149,0.0154395746184,0.099300073148,0.0521683686923,0.186537554592,0.10896668735,0.0550257258283,0.0125791258579,0.139054544963,0.00266719650734,0.064917211216,0.233198439012,1,0.4,43,18,10,3,20,9.1871183911e-05,1.98441757248e-05,9.1871183911e-05,0.0216367736623,0.00139791978901,0.00276759631893,9.1871183911e-05,1.98441757248e-05,9.1871183911e-05,0.246334369697,0.481121803866,0.246334363579
8,0.170134901959,0.129943727936,0.0889004330305,0.0174273489999,0.0371170935768,0.030952275626,0.0323669154325,0.145423501897,0.0660128711319,0.179520650921,0.089535829326,0.0126644501643,1,0.4,43,18,10,3,20,0.000151561783378,3.27373452097e-05,0.000151561783378,0.0172761701804,0.00272401071093,0.000832670017841,0.000151561783378,3.27373452097e-05,0.000151561783378,0.247524539553,0.483446354308,0.247524533406
9,0.0494144966771,0.00996276211663,0.0023129450465,0.0985134019576,0.118160511694,0.0212742418617,0.145099357614,0.264861709636,0.0535912058452,0.0518385615017,0.117286244592,0.0676845614583,1,0.4,43,18,10,3,20,0.000341788219868,7.38262554915e-05,0.000341788219868,0.0131950986658,0.0020718958282,0.00302133235666,0.000341788219868,7.38262554915e-05,0.000341788219868,0.24795494348,0.484286986957,0.247954937322
10,0.0123999883611,0.248143108725,0.107973263191,0.0378972266211,0.0171292887099,0.28422836127,0.0598445277571,0.0892628879318,0.0410827814845,0.0296754741942,0.0681082642493,0.00425482750484,1,0.4,43,18,10,3,20,0.000558532149628,0.00012064294432,0.000558532149628,0.136337164152,0.00717576377945,0.00548434768489,0.000558532149628,0.00012064294432,0.000558532149628,0.21464722862,0.419232857987,0.214647223289
11,0.0496755789592,0.0217402279677,0.194930638835,0.0628453306083,0.00328261961459,0.0502465796662,0.196110495777,0.0896290833011,0.0539041066773,0.158518700342,0.0905953880489,0.0285212502032,1,0.4,43,18,10,3,20,0.000112521035647,2.43045436998e-05,0.000112521035647,0.00660914616413,0.00445368767825,0.000386868874167,0.000112521035647,2.43045436998e-05,0.000112521035647,0.249941912382,0.488167785497,0.249941906175
12,0.0502300375318,0.326256775783,0.0122488783124,0.0866304265033,0.0908565572456,0.00746609810323,0.0173590679251,0.00169586956992,0.0177267315955,0.156830558878,0.0133442799631,0.219354718589,1,0.4,43,18,10,3,20,6.51073754116e-05,1.40631930889e-05,6.51073754116e-05,0.00236742119737,0.00156738658201,0.00081980915054,6.51073754116e-05,1.40631930889e-05,6.51073754116e-05,0.251688688225,0.491579456982,0.251688681975
13,0.295265553638,0.00835484675397,0.0704417158053,0.128876726485,0.191793131853,0.0303863003688,0.0130254300206,0.0577131964156,0.0334222291172,0.126188418105,0.00302869169402,0.041503759743,1,0.4,43,18,10,3,20,0.000127815750555,2.76082021198e-05,0.000127815750555,0.0335922804865,0.0134491773522,0.000416857977391,0.000127815750555,2.76082021198e-05,0.000127815750555,0.240815866546,0.470343477666,0.240815860565
14,0.131092379255,0.0754609784541,0.00676489204165,0.0676814570105,0.168081975142,0.0501629540322,0.301505972618,0.0494431845252,0.0446854965329,0.0258813483815,0.0210922207215,0.0581471412847,1,0.4,43,18,10,3,20,0.00112635259094,0.000243292159644,0.00112635259094,0.0494465338962,0.00710888583061,0.0182915733154,0.00112635259094,0.000243292159644,0.00112635259094,0.232768007423,0.454625003208,0.232768001643
15,0.0405815841835,0.0520348768331,0.0127371283023,0.0394987952623,0.050354635173,0.0243958195159,0.0851303156777,0.129436636557,0.239447796002,0.00176537281872,0.0932321940989,0.231384845575,1,0.4,43,18,10,3,20,0.000152171113055,3.28689604198e-05,0.000152171113055,0.00764330007949,0.00273532758667,0.000537996257093,0.000152171113055,3.28689604198e-05,0.000152171113055,0.250032309133,0.488344341647,0.250032302923
16,0.0480923416723,0.047466949565,0.02154778058,0.117887662144,0.0603954153172,0.068339257996,0.117176808045,0.0736620975429,0.106438635416,0.109476094581,0.208837488747,0.0206794683938,1,0.4,43,18,10,3,20,5.72819802759e-05,1.23729077396e-05,5.72819802759e-05,0.0325777000446,0.000807691960189,0.00169012548653,5.72819802759e-05,1.23729077396e-05,5.72819802759e-05,0.244027352201,0.476615910431,0.244027346141
17,0.0961206082039,0.0432174500749,0.110804102704,0.000336062103856,0.19323669756,0.152184418314,0.113535159376,0.0740463197547,0.0866382017858,0.0215156021293,0.0459775527234,0.0623878252697,1,0.4,43,18,10,3,20,0.000505069180908,0.000109094943076,0.000505069180908,0.0512643379845,0.0104093814334,0.00295312718704,0.000505069180908,0.000109094943076,0.000505069180908,0.236049885621,0.461034921405,0.236049879759
18,0.0426483542496,0.0433601053668,0.0212777700988,0.134519702032,0.179126443859,0.0460714110885,0.0061990001471,0.035649739625,0.106809369156,0.165242977944,0.158214080194,0.0608810462391,1,0.4,43,18,10,3,20,0.000116806575943,2.52302204037e-05,0.000116806575943,0.0204098089965,0.00268503378122,0.00106498706153,0.000116806575943,2.52302204037e-05,0.000116806575943,0.246721897615,0.481878694313,0.246721891488
19,0.107328514943,0.00918126542979,0.052736963707,0.0220844452838,0.00871439937912,0.0373176202328,0.222122481849,0.0388622467937,0.0435864860737,0.369412157724,0.00900652591624,0.0796468926675,1,0.4,43,18,10,3,20,2.57041203473e-05,5.55208999501e-06,2.57041203473e-05,0.0111151821906,0.000417430588773,0.000424518189625,2.57041203473e-05,5.55208999501e-06,2.57041203473e-05,0.249910884856,0.488107184863,0.24991087865
20,0.324167928829,0.0224044040135,0.0228574331195,0.0309674872495,0.0455461416404,0.115427714815,0.0504359609695,0.0360907933514,0.0668033227112,0.00692491683275,0.0533643306697,0.225009565798,1,0.4,43,18,10,3,20,0.000116118261474,2.50815444784e-05,0.000116118261474,0.00156487366119,0.00316180623044,0.00015718765466,0.000116118261474,2.50815444784e-05,0.000116118261474,0.251598802156,0.491403898256,0.251598795907
21,0.171646184854,0.0392864609562,0.0500327429511,0.0244570277876,0.129361514012,0.00811144605445,0.216780222213,0.035426312101,0.0130486619917,0.068924006499,0.0777997596017,0.165125660979,1,0.4,43,18,10,3,20,6.6360647602e-05,1.4333899882e-05,6.6360647602e-05,0.00207378306418,0.000979089671116,0.00099224739043,6.6360647602e-05,1.4333899882e-05,6.6360647602e-05,0.25186676059,0.49192725456,0.251866754335
22,0.0321643587322,0.0618816010957,0.305250731251,0.00448428189053,0.13098299997,0.0345051416867,0.101361220386,0.0614803334853,0.0864530228081,0.0563958977623,0.0741767139214,0.0508636970107,1,0.4,43,18,10,3,20,0.00043722827112,9.4441306562e-05,0.00043722827112,0.0177558303802,0.00879716056343,0.00171220117029,0.00043722827112,9.4441306562e-05,0.00043722827112,0.245324149927,0.479148718427,0.245324143835
23,0.0320341254825,0.203995200802,0.0997724635527,0.0538541659736,0.192073941433,0.00942221836991,0.0953447110089,0.0944072783077,0.094964123128,0.0227686863965,0.0991511210354,0.00221196450956,1,0.4,43,18,10,3,20,0.00100599592087,0.000217295118908,0.00100599592087,0.0415719891698,0.0151006055601,0.0027628072011,0.00100599592087,0.000217295118908,0.00100599592087,0.236801528288,0.462502973452,0.236801522407
24,0.0303101901096,0.00241522265617,0.10595094814,0.0468642140789,0.138365899822,0.0134969775249,0.103839935255,0.155556614207,0.0515421722094,0.0397928924982,0.00731708325899,0.30454785024,1,0.4,43,18,10,3,20,9.23597555506e-05,1.99497071989e-05,9.23597555506e-05,0.0286042334879,0.00181663072135,0.000782122936604,9.23597555506e-05,1.99497071989e-05,9.23597555506e-05,0.244967637599,0.478452405303,0.244967631515
25,0.00289444814729,0.140353075046,0.0341408218171,0.150177322087,0.122501011715,0.0516895223139,0.00851966873777,0.135681196574,0.0638939652956,0.0171399135958,0.258665117286,0.0143439373845,1,0.4,43,18,10,3,20,0.000134381370541,2.90263760368e-05,0.000134381370541,0.00467092780117,0.00343332127608,0.00113869081229,0.000134381370541,2.90263760368e-05,0.000134381370541,0.250475636426,0.489210215245,0.250475630205
26,0.0867323377001,0.0877897946308,0.082272496803,0.15670563576,0.107842481006,0.120685278193,0.0708603786355,0.0402086205068,0.0801637130332,0.0603573805776,0.0621038507582,0.0442780323961,1,0.4,43,18,10,3,20,0.0001483926434,3.20528109743e-05,0.0001483926434,0.0929114594878,0.00391538201011,0.00094407055846,0.0001483926434,3.20528109743e-05,0.0001483926434,0.228065499693,0.445440418026,0.228065494029
27,0.024858024056,0.055749051682,0.164228587634,0.218417350098,0.00731500673796,0.078851457196,0.0378853139052,0.14506587259,0.0988979136035,0.00317135756432,0.0179478662909,0.147612198643,1,0.4,43,18,10,3,20,0.00027455245373,5.93033300056e-05,0.00027455245373,0.0118041666644,0.00531844422916,0.0069198255027,0.00027455245373,5.93033300056e-05,0.00027455245373,0.246574739026,0.4815912752,0.246574732902
28,0.0923115342754,0.0754366760216,0.0384633744383,0.053528637559,0.0330173631822,0.0753186202244,0.161854634256,0.065229537036,0.198307853443,0.0218229179329,0.0614772747359,0.123231576895,1,0.4,43,18,10,3,20,0.000335031073772,7.23667119347e-05,0.000335031073772,0.0213156423456,0.00366836444459,0.00176677021715,0.000335031073772,7.23667119347e-05,0.000335031073772,0.245821820282,0.480120730815,0.245821814177
29,0.19807274043,0.00887149432304,0.0865976703105,0.0118227638718,0.127913386887,0.12309078639,0.0726433567483,0.0511211661848,0.0249263913135,0.0937090620906,0.14759093824,0.0536402432112,1,0.4,43,18,10,3,20,9.47419262596e-05,2.04642560721e-05,9.47419262596e-05,0.00887249521148,0.00498953991473,0.00105579802935,9.47419262596e-05,2.04642560721e-05,9.47419262596e-05,0.249084531578,0.486493213657,0.249084525392
30,0.045283084671,0.112240887591,0.0469586218001,0.00360896911588,0.0712247382852,0.0624477435275,0.0615669190034,0.105116735143,0.137268425902,0.106089522176,0.0979886687615,0.150205684023,1,0.4,43,18,10,3,20,2.89159450155e-08,6.24584412334e-09,2.89159450155e-08,1.54291443918e-06,3.02940435735e-06,3.53623734863e-08,2.89159450155e-08,6.24584412334e-09,2.89159450155e-08,0.252963233572,0.494068803301,0.25296322729
31,0.273942866313,0.0467334440523,0.154160866494,0.155525262681,0.0333228222148,0.0124829831604,0.0289727785978,0.0482812607446,0.0392265489841,0.0426658825776,0.0244562383551,0.140229045825,1,0.4,43,18,10,3,20,0.000295329776699,6.37912317671e-05,0.000295329776699,0.00760545508322,0.0047441704035,0.00238522048319,0.000295329776699,6.37912317671e-05,0.000295329776699,0.248905934094,0.486144390454,0.248905927912
32,0.0281558500994,0.00360217155636,0.215713098304,0.0248925383504,0.0372250528007,0.0622636931503,0.278473793836,0.033223471866,0.0425542898055,0.0427041060375,0.00969884805214,0.221493086142,1,0.4,43,18,10,3,20,9.36029933686e-05,2.02182465676e-05,9.36029933686e-05,0.00549806859056,0.00389057865213,0.00110399153438,9.36029933686e-05,2.02182465676e-05,9.36029933686e-05,0.25020522526,0.48868206845,0.250205219046
33,0.105185096339,0.05218960852,0.0126628093265,0.144959168157,0.00360279354339,0.256630283524,0.0727146655987,0.0783581664718,0.0205693064281,0.107782417015,0.0807951396179,0.0645505454574,1,0.4,43,18,10,3,20,0.000119957626575,2.59108473403e-05,0.000119957626575,0.00905272634283,0.00388901736618,0.00249431478521,0.000119957626575,2.59108473403e-05,0.000119957626575,0.248925168711,0.486181958065,0.248925162529
34,0.0789843308649,0.0164745178978,0.131510210789,0.320615227298,0.0170400329846,0.168583531975,0.000860404756717,0.0666036527113,0.00970135190781,0.0230639849076,0.0989411809178,0.0676215729892,1,0.4,43,18,10,3,20,0.000272386457255,5.8835474767e-05,0.000272386457255,0.0263862742011,0.013816618205,0.000990760839446,0.000272386457255,5.8835474767e-05,0.000272386457255,0.242238519587,0.473122096818,0.242238513571
35,0.176751994385,0.0817693788559,0.206109396651,2.09425163516e-05,0.0993587765367,0.0059553074713,0.0571240935226,0.153586688479,0.066573276594,0.103889993537,0.0409765001547,0.00788365129558,1,0.4,43,18,10,3,20,0.000418564239005,9.04098756251e-05,0.000418564239005,0.0757565053981,0.00140374372166,0.00704498070538,0.000418564239005,9.04098756251e-05,0.000418564239005,0.231194235048,0.451551229114,0.231194229306
36,0.0263286115982,0.0311891211546,0.0778174182391,0.0630967365614,0.128392505751,0.0364325692062,0.0953044999752,0.0317253610908,0.234233946254,0.118777369415,0.0685323729657,0.0881694877882,1,0.4,43,18,10,3,20,0.000176584943875,3.81423478769e-05,0.000176584943875,0.028976492375,0.00390607318944,0.000596699159488,0.000176584943875,3.81423478769e-05,0.000176584943875,0.244297392246,0.47714333238,0.244297386179
37,0.131604783255,0.00107529698416,0.0342060571117,0.00614662271618,0.0781332841792,0.145924178039,0.0475258582621,0.117489584841,0.0379504395793,0.102029128719,0.0309306064869,0.266984159826,1,0.4,43,18,10,3,20,4.39330817092e-05,9.48954564919e-06,4.39330817092e-05,0.0150250680542,0.000695307182872,0.00276480254251,4.39330817092e-05,9.48954564919e-06,4.39330817092e-05,0.248239084018,0.484841948931,0.248239077853
38,0.265578000346,0.0604275224499,0.00718621140508,0.0384424424333,0.0242624608948,0.154555586817,0.0261581381455,0.166812418962,0.0809240650027,0.0345039077802,0.0826762010828,0.0584730446805,1,0.4,43,18,10,3,20,5.18539455014e-07,1.12004522283e-07,5.18539455014e-07,1.24421528504e-06,2.11751399913e-06,7.35574694655e-07,5.18539455014e-07,1.12004522283e-07,5.18539455014e-07,0.252962813744,0.494067983324,0.252962807462
39,0.0375914869172,0.161124194274,0.0931170882979,0.340205955339,0.159178174961,0.0549937439557,0.0066245080817,0.000284658123779,0.084552708036,0.0461768554988,0.00403189582333,0.0121187306915,1,0.4,43,18,10,3,20,0.00120708131937,0.000260729564984,0.00120708131937,0.0865139730932,0.0282510616864,0.0173102462105,0.00120708131937,0.000260729564984,0.00120708131937,0.218200778019,0.426173383984,0.2182007726
40,0.0411981048937,0.00234068405839,0.0599688539681,0.0847300129333,0.0198557796233,0.0672798115829,0.141717814957,0.0809872595271,0.0574565291148,0.185882584458,0.0576534788803,0.200929086003,1,0.4,43,18,10,3,20,9.08931355882e-05,1.96329172871e-05,9.08931355882e-05,0.00533411473476,0.000440918979447,0.00178558645677,9.08931355882e-05,1.96329172871e-05,9.08931355882e-05,0.250949959806,0.490136628073,0.250949953573
41,0.11097071143,0.0310208683456,0.0722750681916,0.0230895925871,0.0390161529339,0.0174284928282,0.0134544971053,0.0218453855071,0.0594565456996,0.100801760158,0.0503022208471,0.460338704367,1,0.4,43,18,10,3,20,1.73218106781e-05,3.74151110646e-06,1.73218106781e-05,0.00408444976629,0.000212597393002,0.000373491912697,1.73218106781e-05,3.74151110646e-06,1.73218106781e-05,0.251763531163,0.49172563459,0.25176352491
42,0.0332673012641,0.0120973785253,0.221530664737,0.135895578777,0.203007773637,0.0158703981276,0.0112258988961,0.0337018179453,0.0800088489146,0.0373056222668,0.199037641678,0.0170510752315,1,0.4,43,18,10,3,20,1.14729502646e-06,2.47815725716e-07,1.14729502646e-06,6.00673039754e-06,3.19853377459e-05,1.1787754241e-06,1.14729502646e-06,2.47815725716e-07,1.14729502646e-06,0.252953236464,0.494049277699,0.252953230182
43,0.208828978019,0.0679874116516,0.176767150566,0.019602089776,0.00422703719319,0.0372675035917,0.157193621147,0.0371044859177,0.0109217387293,0.0123937665511,0.22119295063,0.0465132662268,1,0.4,43,18,10,3,20,0.000118970103669,2.56975423925e-05,0.000118970103669,0.0194071083494,0.00152059722689,0.00106548510107,0.000118970103669,2.56975423925e-05,0.000118970103669,0.247267554645,0.482944430673,0.247267548505
44,0.239806915951,0.0589406729458,0.326797302469,0.0895105612831,0.000939589960615,0.00475138364132,0.182961305986,0.0128964254009,0.0126594885831,0.036704307485,0.00788811427364,0.0261439320199,1,0.4,43,18,10,3,20,0.00136014067575,0.000293790385962,0.00136014067575,0.0714483249026,0.0275592577281,0.0122371971562,0.00136014067575,0.000293790385962,0.00136014067575,0.223298553199,0.436129975886,0.223298547653
45,0.100561771306,0.025239415228,0.108158966805,0.147503354827,0.0515909955417,0.17333485635,0.00524504659607,0.0223458506843,0.00153439324051,0.150563936059,0.172075455213,0.041845958149,1,0.4,43,18,10,3,20,0.000151452766904,3.27137976512e-05,0.000151452766904,0.0160154823046,0.0037448002784,0.000479327206752,0.000151452766904,3.27137976512e-05,0.000151452766904,0.247674730678,0.483739696342,0.247674724527
46,0.0799637714331,0.0190961977624,0.107230413413,0.137948391613,0.0413506424096,0.135318461001,0.0433058800543,0.0304413619531,0.164251291845,0.0264684203154,0.0500026552372,0.164622512963,1,0.4,43,18,10,3,20,0.000168593617178,3.64162213105e-05,0.000168593617178,0.00363728262848,0.0016244317639,0.00300818284138,0.000168593617178,3.64162213105e-05,0.000168593617178,0.250683424946,0.489616052188,0.25068341872
47,0.0468576470507,0.142777609909,0.00234365711076,0.101073231967,0.08513080864,0.119297257356,0.00865516402878,0.058892382342,0.00577145596974,0.213522656277,0.16389938544,0.0517787439102,1,0.4,43,18,10,3,20,9.64070596315e-05,2.08239248804e-05,9.64070596315e-05,0.0130208558641,0.00127278176319,0.00192057930296,9.64070596315e-05,2.08239248804e-05,9.64070596315e-05,0.248754725749,0.485849061662,0.248754719571
48,0.0562353648719,0.108549713746,0.08779846243,0.00313011416157,0.189326354053,0.064242830279,0.01760151774,0.157016654759,0.0452890251814,0.111355142443,0.0461438772105,0.113310943125,1,0.4,43,18,10,3,20,0.000152979583528,3.30435900421e-05,0.000152979583528,0.0235649720241,0.00248234466977,0.00233638538146,0.000152979583528,3.30435900421e-05,0.000152979583528,0.24561285323,0.479712592051,0.24561284713
49,0.038186672533,0.143386133587,0.225023301389,0.0827421775435,0.0147752830781,0.181203265708,0.0658132241583,0.0187299686937,0.0373634947534,0.0876139370404,0.0819654159992,0.0231971255173,1,0.4,43,18,10,3,20,9.53905002654e-05,2.06043480573e-05,9.53905002654e-05,0.00251497367216,0.00734417258136,0.000356667774301,9.53905002654e-05,2.06043480573e-05,9.53905002654e-05,0.250273248033,0.488814925425,0.250273241817
50,0.0593832717444,0.217780070376,0.144133780615,0.026751535147,0.116068225674,0.130596097738,0.0283564911196,0.128927052686,0.0511620373273,0.0307789434169,0.0115400148297,0.0545224793253,1,0.4,43,18,10,3,20,0.000873853586596,0.000188752374705,0.000873853586596,0.0308113092245,0.014893426337,0.00946825633133,0.000873853586596,0.000188752374705,0.000873853586596,0.238027916261,0.464898262401,0.238027910349
51,0.0163364312697,0.382000941393,0.00734830669115,0.00404556776251,0.00260273810943,0.0446333576738,0.214356856296,0.0671532258191,0.01031950993,0.0232215314148,0.120581590048,0.107399943593,1,0.4,43,18,10,3,20,0.000110153925965,2.37932480085e-05,0.000110153925965,0.0234412835169,0.00215429014735,0.00131694647354,0.000110153925965,2.37932480085e-05,0.000110153925965,0.24603302342,0.480533236933,0.24603301731
52,0.0942049998545,0.11711876754,0.149697999176,0.146878062506,0.0309789256521,0.0254671249227,0.0314366435099,0.140018215128,0.11684611282,0.00360311749504,0.0709225951199,0.0728274362761,1,0.4,43,18,10,3,20,0.000365922854881,7.90393366543e-05,0.000365922854881,0.0279832316825,0.0161467830703,0.000344161701661,0.000365922854881,7.90393366543e-05,0.000365922854881,0.241303796655,0.471296466136,0.241303790662
53,0.0504111279766,0.0507579856309,0.118238961843,0.0852067575726,0.119992513024,0.12796578983,0.0719041605034,0.0612725268177,0.0691822900491,0.156053563595,0.0873547959715,0.00165952718561,1,0.4,43,18,10,3,20,0.000231754252819,5.0058918609e-05,0.000231754252819,0.0205421114165,0.00498730217356,0.00299703817223,0.000231754252819,5.0058918609e-05,0.000231754252819,0.245488425333,0.47946956882,0.245488419236
54,0.0937744267025,0.0842192042067,0.0518763549564,0.00531142705964,0.0377142873579,0.00984054247558,0.078489912804,0.0161771011172,0.272997044737,0.0169870353547,0.0752621107214,0.257350552507,1,0.4,43,18,10,3,20,5.04360615261e-05,1.08941892896e-05,5.04360615261e-05,0.00115278751773,0.00125506351036,0.000304955588491,5.04360615261e-05,1.08941892896e-05,5.04360615261e-05,0.252221642184,0.492620382656,0.25222163592
55,0.0857836689526,0.0522609781148,0.0296591418039,0.114075509379,0.0316342486993,0.0376805510477,0.127434170022,0.0395846567564,0.0572870586904,0.141557124937,0.259829025843,0.0232138657546,1,0.4,43,18,10,3,20,7.3906115045e-05,1.59637208497e-05,7.3906115045e-05,0.00938561242599,0.0016088702398,0.000433540107618,7.3906115045e-05,1.59637208497e-05,7.3906115045e-05,0.249990689305,0.488263052923,0.249990683097
56,0.029671778507,0.117820583727,0.0552462276559,0.0125126358265,0.0729008221616,0.0308909125798,0.19385664493,0.0623234236639,0.0453899224367,0.065867775614,0.0158260505809,0.297693222317,1,0.4,43,18,10,3,20,0.000122712531678,2.65059068425e-05,0.000122712531678,0.00994705036694,0.000667267466307,0.00230335278803,0.000122712531678,2.65059068425e-05,0.000122712531678,0.249559142638,0.48742018836,0.24955913644
57,0.00606676533723,0.0203730017167,0.00722978838089,0.0418358243516,0.012509887549,0.155934789662,0.14870059176,0.0908500040723,0.395058340643,0.0128770697195,0.0273513281128,0.0812126086959,1,0.4,43,18,10,3,20,0.00061666597199,0.00013319984995,0.00061666597199,0.0522948213118,0.010581572151,0.00849334937025,0.00061666597199,0.00013319984995,0.00061666597199,0.234219057267,0.457459084863,0.23421905145
58,0.281918673266,0.0229951367073,0.0238406041463,0.0771536710754,0.103146574228,0.134104001297,0.0166205731036,0.0406141607881,0.0908083879466,0.0596515364179,0.0316783282933,0.11746835273,1,0.4,43,18,10,3,20,0.00014212120891,3.06981811246e-05,0.00014212120891,0.0660295539634,0.0036898022002,0.00204638947559,0.00014212120891,3.06981811246e-05,0.00014212120891,0.23465091298,0.458302553031,0.234650907152
59,0.0922053773718,0.0643800897055,0.0265887582251,0.0414740994433,0.0362156540663,0.135087979623,0.0363137262754,0.190297242752,0.12905377265,0.0205418558811,0.134294295366,0.0935471486406,1,0.4,43,18,10,3,20,7.4206231903e-05,1.60285460911e-05,7.4206231903e-05,0.00129250760139,0.00340592621682,0.000421482739857,7.4206231903e-05,1.60285460911e-05,7.4206231903e-05,0.251586079336,0.491379048999,0.251586073087
60,0.143179756021,0.0311583615274,0.0154360456691,0.270475304702,0.0105985840322,0.0277535599819,0.0858188756175,0.135923534427,0.0328403911881,0.139913963325,0.00449816843501,0.102403455074,1,0.4,43,18,10,3,20,0.000103269954142,2.23063100947e-05,0.000103269954142,0.0587025356032,0.00295092764398,0.000749682321351,0.000103269954142,2.23063100947e-05,0.000103269954142,0.237062875417,0.463013417049,0.237062869529
61,0.0716375892967,0.0939401345069,0.120582656071,0.125674940416,0.00137598768064,0.29426998599,0.107813014255,0.00319899427994,0.0539730004633,0.0101815176578,0.0866044602459,0.0307477191372,1,0.4,43,18,10,3,20,0.000639224019759,0.000138072388268,0.000639224019759,0.0768090538345,0.0171731850383,0.00166572344938,0.000639224019759,0.000138072388268,0.000639224019759,0.228052240581,0.445414521323,0.228052234918
62,0.149550564757,0.0456539901562,0.00850944529262,0.0723336584869,0.327839321415,0.00478877069668,0.011205483247,0.117553019685,0.0692815863074,0.0978305949548,0.0502333359719,0.0452202290291,1,0.4,43,18,10,3,20,0.00010232873287,2.21030062999e-05,0.00010232873287,0.0939707132859,0.00124423216821,0.00139358969019,0.00010232873287,2.21030062999e-05,0.00010232873287,0.228411183725,0.446115582134,0.228411178053
63,0.0388105462822,0.155907313568,0.132558266627,0.0976460487258,0.093458180889,0.0945878914967,0.0614186648555,0.168810517311,0.117182420179,0.00462769615929,0.0248512577326,0.0101411961739,1,0.4,43,18,10,3,20,0.00061820865389,0.00013353306924,0.00061820865389,0.366690762562,0.006466172571,0.0137834155491,0.00061820865389,0.00013353306924,0.00061820865389,0.154389188272,0.301541375854,0.154389184437
64,0.0808960145427,0.0472023201498,0.133405902077,0.005775269742,0.247888920561,0.0666018004794,0.0256465375561,0.13019488603,0.00693584556882,0.0736169056882,0.136923371408,0.0449122261966,1,0.4,43,18,10,3,20,0.000193188382033,4.17286905191e-05,0.000193188382033,0.0111997117598,0.0051013609224,0.00139614954316,0.000193188382033,4.17286905191e-05,0.000193188382033,0.248271072904,0.484904427223,0.248271066738
65,0.0200947110518,0.0284614037158,0.0968503225177,0.0489277328475,0.0649001497683,0.0170503116002,0.098761724172,0.0173868744279,0.149198604202,0.00313876780754,0.101366128247,0.353863269642,1,0.4,43,18,10,3,20,7.04157168119e-05,1.52097948314e-05,7.04157168119e-05,0.00756276621804,0.000660964913256,0.000938425667493,7.04157168119e-05,1.52097948314e-05,7.04157168119e-05,0.250567786023,0.489390194922,0.2505677798
66,0.0689902001952,0.0367382007813,0.0430951841331,0.00102547059993,1.3002223764e-05,0.0134508076556,0.312458007988,0.0492564564539,0.224192584285,0.166823388433,0.0809149193545,0.00304177789654,1,0.4,43,18,10,3,20,0.00013865408848,2.99492831116e-05,0.00013865408848,0.00215327640787,0.00171039149508,0.00180663170949,0.00013865408848,2.99492831116e-05,0.00013865408848,0.251374597035,0.490965997641,0.251374590792
67,0.00660842146363,0.0571305331329,0.00993785153066,0.0718740888492,0.108631443033,0.0513421353088,0.0205486804551,0.000875335969054,0.280503108639,0.201856585215,0.00209323139752,0.188598585006,1,0.4,43,18,10,3,20,1.08932541683e-06,2.35294290035e-07,1.08932541683e-06,6.50559583995e-06,3.90640495533e-05,3.14408627388e-06,1.08932541683e-06,2.35294290035e-07,1.08932541683e-06,0.252950887445,0.494044689771,0.252950881163
68,0.0320320495332,0.0665868397396,0.0064873721291,0.444774533144,0.0388790654629,0.0253352480053,0.0106562326485,0.0305579867619,0.147345515215,0.0569278645257,0.0986726955719,0.0417445972626,1,0.4,43,18,10,3,20,0.00018329873876,3.95925275721e-05,0.00018329873876,0.0532003522669,0.0106260284609,0.00269510733088,0.00018329873876,3.95925275721e-05,0.00018329873876,0.235931357909,0.460803421972,0.23593135205
69,0.000586469923636,0.0324516559165,0.17545429448,0.195072436701,0.0141104411544,0.374298029781,0.0579487361117,0.070506451742,0.0277299848439,0.00744898483059,0.00304914338705,0.0413433711282,1,0.4,43,18,10,3,20,0.00113390848552,0.000244924232872,0.00113390848552,0.16246517223,0.026339362568,0.016194067334,0.00113390848552,0.000244924232872,0.00113390848552,0.199835808409,0.390304303605,0.199835803446
70,0.158646660474,0.085585523771,0.0421366224576,0.0483328231521,0.00549996030785,0.118210718372,0.0415304628503,0.161877249608,0.154173397004,0.00940260557215,0.0953912672771,0.0792127091537,1,0.4,43,18,10,3,20,0.000166448225977,3.59528168109e-05,0.000166448225977,0.00542678925335,0.00394665128143,0.00511401187598,0.000166448225977,3.59528168109e-05,0.000166448225977,0.249113009915,0.486548835408,0.249113003729
71,0.00527407817876,0.0507682875634,0.0287100787341,0.0183507846389,0.208728500764,0.139307792242,0.0673867852709,0.115935788389,0.0813955405536,0.258531839448,0.00941846689887,0.0161920573183,1,0.4,43,18,10,3,20,0.000228964822392,4.94564016366e-05,0.000228964822392,0.0233120941967,0.00456569516278,0.0023202905697,0.000228964822392,4.94564016366e-05,0.000228964822392,0.245068690201,0.478649773662,0.245068684115
72,0.116491078637,0.218767374104,0.0144850672556,0.0710596424406,0.00848213746253,0.0865059047197,0.0112260317671,0.0669508167825,0.0588163263941,0.0976365771979,0.182609440559,0.0669696026795,1,0.4,43,18,10,3,20,0.000131527899198,2.84100262268e-05,0.000131527899198,0.0174660670458,0.00113567093963,0.00180692188661,0.000131527899198,2.84100262268e-05,0.000131527899198,0.247654305554,0.483699803522,0.247654299403
73,0.00470674853217,0.0846683605208,0.0549333417912,0.186097824031,0.014732602596,0.0898984804263,0.327362347408,0.0527445379474,0.139315592111,0.0175869024468,0.0255410460996,0.00241221608968,1,0.4,43,18,10,3,20,0.00131907658139,0.000284920541581,0.00131907658139,0.283714946447,0.0134443020362,0.0100648638603,0.00131907658139,0.000284920541581,0.00131907658139,0.173768791271,0.339392162022,0.173768786955
74,0.0572496490223,0.127222828964,0.107812923912,0.0451521958367,0.0264406333348,0.0400901378321,0.100910201512,0.107777328877,0.0796515186236,0.155125764189,0.0549605201405,0.097606297758,1,0.4,43,18,10,3,20,5.33821746958e-05,1.15305497343e-05,5.33821746958e-05,0.000532753609471,0.000399052883717,0.0017372489212,5.33821746958e-05,1.15305497343e-05,5.33821746958e-05,0.252229406681,0.492635547689,0.252229400417
75,0.0120250014177,0.0506569324093,0.0372796344306,0.345601831499,0.00154948332039,0.0540620900617,0.127750784603,0.221710712636,0.00825758544568,0.0378450507637,0.0874067764514,0.0158541169606,1,0.4,43,18,10,3,20,0.000643270347612,0.000138946395084,0.000643270347612,0.0329589077697,0.00849870528192,0.00792617597159,0.000643270347612,0.000138946395084,0.000643270347612,0.239750894389,0.468263453973,0.239750888434
76,0.0207989064598,0.00735009284708,0.012286902031,0.00282118656821,0.0481633138246,0.0728321573099,0.070470884683,0.213911700146,0.147511943665,0.0817760010207,0.150169564802,0.171907346643,1,0.4,43,18,10,3,20,6.3875917608e-05,1.37971982033e-05,6.3875917608e-05,0.0149485438815,0.00282633893605,0.000286752868922,6.3875917608e-05,1.37971982033e-05,6.3875917608e-05,0.248323866424,0.485007539565,0.248323860257
77,0.228308912699,0.0282621875346,0.091507127672,0.00493696688173,0.0253890877441,0.203328770586,0.163246810535,0.00973401927912,0.0247951408049,0.0625257754036,0.137214073206,0.0207511276533,1,0.4,43,18,10,3,20,6.35400760937e-05,1.37246564362e-05,6.35400760937e-05,0.0625715313679,0.00231962546908,0.00159741472237,6.35400760937e-05,1.37246564362e-05,6.35400760937e-05,0.236073950643,0.461081923399,0.236073944781
78,0.00338533735289,0.150653279788,0.0611769478223,0.115056102557,0.0136058504102,0.0317466339077,0.0779378641165,0.00759503704523,0.0830849184417,0.233876146188,0.221241450782,0.000640431588318,1,0.4,43,18,10,3,20,8.49671267647e-05,1.83528993812e-05,8.49671267647e-05,0.0092857473566,0.00096856856613,0.00110424330859,8.49671267647e-05,1.83528993812e-05,8.49671267647e-05,0.249995860186,0.4882731523,0.249995853977
79,0.0471708222728,0.00268508535707,0.139739244318,0.152515619257,0.1477393309,0.0417305985477,0.14494368113,0.0250962611307,0.153671588364,0.0376014943873,0.0704477227435,0.0366585515908,1,0.4,43,18,10,3,20,0.000258696701531,5.58784875306e-05,0.000258696701531,0.0328077815509,0.00816597603042,0.00523322624544,0.000258696701531,5.58784875306e-05,0.000258696701531,0.240985673376,0.470675131624,0.240985667392
80,0.0173877996126,0.00998142941588,0.220914733551,0.0348345910476,0.00760396339888,0.0511638668438,0.484727201969,0.00900675412341,0.0665009183817,0.0175403311322,0.0677055482137,0.0126328623102,1,0.4,43,18,10,3,20,0.00115533260708,0.000249551843129,0.00115533260708,0.0585537923991,0.020205586567,0.00871779537955,0.00115533260708,0.000249551843129,0.00115533260708,0.229540530182,0.448321336877,0.229540524481
81,0.0374056153637,0.314070999087,0.121689145684,0.0432562337447,0.0212962508065,0.016090802669,0.112260670886,0.118930492195,0.0205396035106,0.00580389419358,0.135544190878,0.0531121009827,1,0.4,43,18,10,3,20,0.000213874301861,4.6196849202e-05,0.000213874301861,0.0451044731,0.00224054871296,0.0022664663701,0.000213874301861,4.6196849202e-05,0.000213874301861,0.240174706979,0.469091212918,0.240174701014
82,0.45311439814,0.0404101928599,0.0106842468035,0.158900619664,0.00360691346783,0.0468339594928,0.0301438349094,0.116983242745,0.0334340570647,0.005753360161,0.0516762276084,0.0484589470829,1,0.4,43,18,10,3,20,0.00105312548384,0.000227475104509,0.00105312548384,0.0230455652401,0.0076152754876,0.0112906111403,0.00105312548384,0.000227475104509,0.00105312548384,0.241171507017,0.471038087944,0.241171501027
83,0.02526738489,0.0218696128152,0.000968667996307,0.0597467956812,0.0500505439378,0.0741901275073,0.0275349375378,0.0707249876845,0.164698008361,0.0723587443903,0.271735675494,0.160854513704,1,0.4,43,18,10,3,20,4.80411030997e-05,1.03768782695e-05,4.80411030997e-05,0.00564600788442,0.00126870143755,0.000310271641102,4.80411030997e-05,1.03768782695e-05,4.80411030997e-05,0.251082907645,0.490396291814,0.251082901409
84,0.0523838179207,0.000535999572519,0.0162717505543,0.271671184149,0.229747738708,0.0633940392683,0.0944034513992,0.00865358376281,0.108165902417,0.00270426079093,0.0382987876605,0.113769483797,1,0.4,43,18,10,3,20,0.000557507634018,0.000120421648948,0.000557507634018,0.0273065058528,0.00434005145522,0.0110680223446,0.000557507634018,0.000120421648948,0.000557507634018,0.241534119014,0.471746314484,0.241534113016
85,0.0913093296152,0.0389414072746,0.0243494159134,0.0538593154895,0.318884498958,0.1704078586,0.0376737300789,0.00842418323848,0.0671625070518,0.152971403682,0.032972561526,0.00304378857212,1,0.4,43,18,10,3,20,0.00021416642901,4.62599486661e-05,0.00021416642901,0.00763313672787,0.00151917937648,0.00821560806099,0.00021416642901,4.62599486661e-05,0.00021416642901,0.248330854307,0.485021187774,0.24833084814
86,0.19384502734,0.0357846289952,0.036159955625,0.236236551892,0.041775263477,0.0247073737307,0.0774714469483,0.0569557928373,0.200155727069,0.0227360978575,0.00572915033857,0.0684429838893,1,0.4,43,18,10,3,20,0.000514742858523,0.000111184457441,0.000514742858523,0.177066528562,0.0032784233783,0.00309456646031,0.000514742858523,0.000111184457441,0.000514742858523,0.205983660106,0.402311826154,0.205983654991
87,0.0824322610183,0.0973847668142,0.0591312935517,0.221515804737,0.016337169075,0.0283091934652,0.0571712806508,0.192278745419,0.0388506802117,0.0115861937495,0.0359136228974,0.15908898841,1,0.4,43,18,10,3,20,0.00033281546816,7.18881411226e-05,0.00033281546816,0.0331341413861,0.00732695984139,0.00271096347403,0.00033281546816,7.18881411226e-05,0.00033281546816,0.241670302575,0.472012297995,0.241670296573
88,0.0229180457914,0.0459521458659,0.29532705599,0.00479931833997,0.0162563481657,0.0874831514622,0.0422572248108,0.0391586435486,0.0308349556143,0.0595529240738,0.233920059795,0.121540126541,1,0.4,43,18,10,3,20,6.18795210178e-05,1.33659765398e-05,6.18795210178e-05,0.0140059278373,0.000862750625887,0.000695773058241,6.18795210178e-05,1.33659765398e-05,6.18795210178e-05,0.248957803434,0.486245697756,0.248957797251
89,0.165060058204,0.127516159061,0.0585404362205,0.213771542196,0.0425120815557,0.150786487349,0.00306329450095,0.106153000522,0.00616609508249,0.0173419137517,0.0451475953588,0.0639413361984,1,0.4,43,18,10,3,20,0.00077788843955,0.000168023902943,0.00077788843955,0.0746135003876,0.00439510344629,0.00760334116553,0.00077788843955,0.000168023902943,0.00077788843955,0.230182569567,0.44957532002,0.23018256385
90,0.003230922359,0.118074588075,0.0715425197462,0.127447734939,0.0295649865271,0.0980853586926,0.0727805514232,0.0116541520372,0.099136177004,0.29349433472,0.0710111522708,0.00397752220638,1,0.4,43,18,10,3,20,0.000192474942244,4.15745875247e-05,0.000192474942244,0.0190148251817,0.000841386050302,0.00108855543516,0.000192474942244,4.15745875247e-05,0.000192474942244,0.247450359535,0.483301471464,0.24745035339
91,0.169870636022,0.000950617318299,0.298916053999,0.0934948149502,0.0213828848207,0.0169598675052,0.0808335069321,0.0059457262637,0.130308493303,0.000105725634781,0.0323074630066,0.148924210244,1,0.4,43,18,10,3,20,0.000323647638366,6.9907889887e-05,0.000323647638366,0.0267182072742,0.00483142635565,0.00446918087913,0.000323647638366,6.9907889887e-05,0.000323647638366,0.24349009885,0.475566587505,0.243490092803
92,0.0347836313234,0.0655973815111,0.0180897090893,0.054445865857,0.222004497818,0.0473440113375,0.0752451519081,0.0447148780275,0.165488021899,0.0872105352127,0.117244086953,0.0678322290634,1,0.4,43,18,10,3,20,0.00013957853726,3.01489640482e-05,0.00013957853726,0.0204050450209,0.00248725267274,0.00230788439532,0.00013957853726,3.01489640482e-05,0.00013957853726,0.246433194981,0.481314821993,0.24643318886
93,0.0244066082426,0.0992396104386,0.0191860747625,0.262092037947,0.0598819911711,0.0025481251214,0.0734077215987,0.029303934677,0.0053317539481,0.00871135148844,0.107293580213,0.308597210392,1,0.4,43,18,10,3,20,3.88986268152e-07,8.40210339209e-08,3.88986268152e-07,7.28056294423e-07,8.9581185419e-07,4.85918116704e-06,3.88986268152e-07,8.40210339209e-08,3.88986268152e-07,0.252962355482,0.494067088281,0.2529623492
94,0.0645331761872,0.0199995517739,0.118635937684,0.0759711928448,0.0143102215227,0.0675052402173,0.0585715487206,0.238861588127,0.109841885378,0.0755668594993,0.0386098510665,0.117592946979,1,0.4,43,18,10,3,20,0.000131160038292,2.8330568271e-05,0.000131160038292,0.0502046693066,0.00404905431206,0.00190939741697,0.000131160038292,2.8330568271e-05,0.000131160038292,0.238610111032,0.466035361536,0.238610105106
