run_ID,t1_initial,t2_initial,t3_initial,t4_initial,t5_initial,t6_initial,t7_initial,t8_initial,t9_initial,t10_initial,t11_initial,t12_initial,alpha,prior_cost_c,lambda,k,sample_amount,learning_parameter,generations,t1_final,t2_final,t3_final,t4_final,t5_final,t6_final,t7_final,t8_final,t9_final,t10_final,t11_final,t12_final
0,0.115050574803,0.0166975990354,0.066041038389,0.0362760850032,0.141558352904,0.0387573744591,0.0478944686565,0.118347792647,0.102141871434,0.0889168009519,0.0437313323035,0.184586709413,1,0.4,49,16,10,3,20,4.02901232208e-05,8.7026666157e-06,4.02901232208e-05,0.000173505013428,0.00117394262871,8.61551908967e-05,4.02901232208e-05,8.7026666157e-06,4.02901232208e-05,0.252556605764,0.493274620091,0.252556605486
1,0.161366254064,0.0491356923387,0.0103012350176,0.148335760752,0.0101535072194,0.212080297579,0.131001019939,0.0640345517198,0.0589631565291,0.10083056502,0.0048408699802,0.0489570898421,1,0.4,49,16,10,3,20,0.000589120101154,0.000127249941849,0.000589120101154,0.063467301935,0.00408638771722,0.00820660811863,0.000589120101154,0.000127249941849,0.000589120101154,0.233139281631,0.455350158935,0.233139281375
2,0.0390010737433,0.342388264272,0.00847738656903,0.0220243227665,0.0414132057484,0.105711741566,0.123094652945,0.0189429234754,0.0622177742403,0.0437479980861,0.0077479413794,0.185232715208,1,0.4,49,16,10,3,20,0.000354464042784,7.65642332413e-05,0.000354464042784,0.00717334856317,0.0023281041597,0.00170829585971,0.000354464042784,7.65642332413e-05,0.000354464042784,0.249731356228,0.487756554597,0.249731355954
3,0.0228280223842,0.0323644717991,0.0393714448388,0.0626089025074,0.262273385005,0.0826361911922,0.142138274806,0.156803100492,0.030845755037,0.0242620808823,0.100760181384,0.0431081896731,1,0.4,49,16,10,3,20,0.000586383109153,0.000126658751577,0.000586383109153,0.0374165535688,0.0040095106505,0.00507746096612,0.000586383109153,0.000126658751577,0.000586383109153,0.240543272893,0.469811079353,0.240543272629
4,0.0329874281206,0.145697353651,0.0294779849805,0.101886289191,0.0352411911371,0.180217999051,0.0156726531921,0.00315879398275,0.355996483116,0.0284500504059,0.0249230741119,0.0462906990608,1,0.4,49,16,10,3,20,0.000684273472808,0.000147803070126,0.000684273472808,0.0146507151893,0.0228147378287,0.000808104582371,0.000684273472808,0.000147803070126,0.000684273472808,0.242515413288,0.473662916058,0.242515413022
5,0.0656697646681,0.0343735716987,0.0674978337488,0.196684431016,0.0482651778945,0.0871721151681,0.0278852947672,0.236447255889,0.0298832623079,0.0828063927478,0.0883818887752,0.0349330113189,1,0.4,49,16,10,3,20,0.000561238586644,0.000121227534715,0.000561238586644,0.0259790643459,0.00118495303413,0.00515997091929,0.000561238586644,0.000121227534715,0.000561238586644,0.244158381806,0.476871838941,0.244158381538
6,0.0802632276646,0.0420824345042,0.101258199206,0.0352447093606,0.0340719140539,0.199571706209,0.0307532199233,0.0266861195721,0.0366467143109,0.217007890297,0.0958144547941,0.100599410103,1,0.4,49,16,10,3,20,8.59952308232e-05,1.85749698578e-05,8.59952308232e-05,0.00199445680482,0.00074092332913,0.000974619659019,8.59952308232e-05,1.85749698578e-05,8.59952308232e-05,0.251929516563,0.492049836496,0.251929516286
7,0.112510543699,0.0257901786121,0.0974022508061,0.109413233442,0.059739316748,0.0554866881691,0.394114491263,0.0829383642317,0.0103153758373,0.0042090071945,0.0296885896558,0.018391960341,1,0.4,49,16,10,3,20,0.00385184669708,0.00083199888657,0.00385184669708,0.0433575769271,0.0195415312401,0.0198657059993,0.00385184669708,0.00083199888657,0.00385184669708,0.227709420272,0.444744960979,0.227709420021
8,0.0544760061519,0.0186821340228,0.0322121168704,0.001832632591,0.134124098855,0.0684906772488,0.176432942111,0.243885255331,0.0387202221209,0.0728167931626,0.0985801796661,0.0597469418696,1,0.4,49,16,10,3,20,0.000241284144796,5.21173752759e-05,0.000241284144796,0.0223797062978,0.00322251371605,0.00380270117383,0.000241284144796,5.21173752759e-05,0.000241284144796,0.245255515138,0.479014677477,0.245255514868
9,5.33172603492e-05,0.0736793964708,0.202214740078,0.00350413082322,0.0235054963462,0.0500959196037,0.0123632696461,0.261317487817,0.0690597423997,0.0321858118063,0.0841500950913,0.187870592658,1,0.4,49,16,10,3,20,0.000110104460661,2.37825635029e-05,0.000110104460661,0.00816912289719,0.00381105474951,0.000947211919866,0.000110104460661,2.37825635029e-05,0.000110104460661,0.249570815057,0.487442997623,0.249570814783
10,0.0247227419924,0.171200698413,0.0138994151156,0.100547671231,0.0714370126946,0.00554734802227,0.0324207137773,0.0444743975624,0.244338207489,0.0652941070301,0.0263247704917,0.199792916181,1,0.4,49,16,10,3,20,0.0001719926159,3.71504050343e-05,0.0001719926159,0.0192701903597,0.00390746385529,0.000617219148776,0.0001719926159,3.71504050343e-05,0.0001719926159,0.246752343061,0.481938169512,0.24675234279
11,0.0438382873126,0.0103375390873,0.00202835092122,0.0611685873921,0.181682758981,0.00525604633892,0.00177964298656,0.389339195669,0.0709070971698,0.0117323431182,0.120991962486,0.100938188537,1,0.4,49,16,10,3,20,0.000267272591025,5.77308796614e-05,0.000267272591025,0.0328755037678,0.00423192524775,0.00285459002562,0.000267272591025,5.77308796614e-05,0.000267272591025,0.242555808284,0.473741812534,0.242555808017
12,0.114786384936,0.0776729303458,0.129265723948,0.0114585814012,0.068095237946,0.0643151645087,0.0759527914102,0.0526417112059,0.00175904925315,0.174693947554,0.152135930263,0.0772225472281,1,0.4,49,16,10,3,20,4.01798366671e-05,8.6788447201e-06,4.01798366671e-05,0.000470503841583,0.000338924835534,0.000684488121854,4.01798366671e-05,8.6788447201e-06,4.01798366671e-05,0.252541472123,0.493245062197,0.252541471845
13,0.0449141875357,0.211376245433,0.043923258229,0.0159782664336,0.0693455373127,0.0450935903764,0.0731828750076,0.0510210503143,0.15598435605,0.0310604284879,0.12701360501,0.131106599809,1,0.4,49,16,10,3,20,0.000183891886638,3.97206475139e-05,0.000183891886638,0.00230562060505,0.000966076531898,0.000845021555325,0.000183891886638,3.97206475139e-05,0.000183891886638,0.251716875455,0.491634521833,0.251716875178
14,0.0726432628099,0.0343001578556,0.137661121547,0.0151465662328,0.026098911237,0.0395644538022,0.117254895076,0.0720927736413,0.291161456721,0.0561077665927,0.0759080746346,0.0620605598499,1,0.4,49,16,10,3,20,0.000389566473547,8.41463582861e-05,0.000389566473547,0.0293161664551,0.00164660815743,0.00292390825809,0.000389566473547,8.41463582861e-05,0.000389566473547,0.243955543857,0.476475671072,0.243955543589
15,0.0172579071829,0.0548945254989,0.0168282145961,0.176155858443,0.051237679276,0.0435336371202,0.212366725392,0.0502052822552,0.0371226510389,0.257676256423,0.0782689952659,0.00445226750812,1,0.4,49,16,10,3,20,0.000225755377004,4.8763161433e-05,0.000225755377004,0.00537668327146,0.00101908016042,0.00156210956097,0.000225755377004,4.8763161433e-05,0.000225755377004,0.250698265294,0.489645048864,0.250698265018
16,0.226205594262,0.0533498743666,0.178803682321,0.140731643567,0.0110257530217,0.024572774344,0.0696868698075,0.0680701221863,0.00918706148987,0.0246150060255,0.136045934199,0.0577056844103,1,0.4,49,16,10,3,20,3.56451745461e-06,7.69935770196e-07,3.56451745461e-06,7.80550357293e-06,4.12514382458e-05,1.36956228505e-05,3.56451745461e-06,7.69935770196e-07,3.56451745461e-06,0.252944556601,0.494032336569,0.252944556323
17,0.0249383659991,0.00640535073061,0.17190626392,0.00690675858941,0.0119978611112,0.00213776700705,0.0700543404461,0.0945197279829,0.253029934555,0.196917720747,0.146287698813,0.0148982100983,1,0.4,49,16,10,3,20,8.29848924931e-05,1.79247367785e-05,8.29848924931e-05,0.0131177996344,0.00217531081711,0.000316881078472,8.29848924931e-05,1.79247367785e-05,8.29848924931e-05,0.248922616976,0.486176985747,0.248922616703
18,0.0110749855592,0.0785643655491,0.06979852421,0.0192712668396,0.0443862317585,0.00168036970556,0.0726887558544,0.229053465381,0.14985506392,0.218738892918,0.0381786411831,0.0667094371224,1,0.4,49,16,10,3,20,0.000162485723476,3.50969162707e-05,0.000162485723476,0.00890290397849,0.00187790635651,0.000899082825581,0.000162485723476,3.50969162707e-05,0.000162485723476,0.249827660629,0.48794464913,0.249827660354
19,0.070018007146,0.0659416991845,0.00512370338693,0.0924663849219,0.0464416196903,0.0152840850298,0.0480499133252,0.0906308116772,0.101511257115,0.0731051614242,0.352920020228,0.0385073368707,1,0.4,49,16,10,3,20,4.84577851437e-05,1.0466881591e-05,4.84577851437e-05,0.00680886968344,0.00174897966057,0.000737102368277,4.84577851437e-05,1.0466881591e-05,4.84577851437e-05,0.25055880707,0.48937266952,0.250558806794
20,0.178890706572,0.0955544615263,0.0359129774019,0.0594517387601,0.00310662212627,0.207451806953,0.161899079411,0.00994843497307,0.108453822859,0.0299769289437,0.0322196134575,0.0771338070146,1,0.4,49,16,10,3,20,0.000303014691701,6.54511734073e-05,0.000303014691701,0.0177394940917,0.0141607260049,0.00219637345838,0.000303014691701,6.54511734073e-05,0.000303014691701,0.243999480442,0.476561484715,0.243999480174
21,0.0570381949697,0.0848041293372,0.0208791385649,0.0238420852203,0.0670696378147,0.13768031886,0.074191254653,0.00553139306859,0.381534417541,0.0325895434147,0.0862561065086,0.0285837800477,1,0.4,49,16,10,3,20,0.000700653306431,0.000151341114189,0.000700653306431,0.0129380806344,0.00785168956383,0.00213403606001,0.000700653306431,0.000151341114189,0.000700653306431,0.246379990283,0.481210917993,0.246379990012
22,0.158068671874,0.0918073084612,0.00084180398564,0.284251916596,0.0610607894579,0.133270244941,0.0226269442164,0.104737111098,0.0608245352739,0.0520716717521,0.00851534543284,0.0219236569116,1,0.4,49,16,10,3,20,0.00109981280643,0.000237559566189,0.00109981280643,0.00699838695108,0.00647506313428,0.0114280125162,0.00109981280643,0.000237559566189,0.00109981280643,0.24543220056,0.479359766191,0.24543220029
23,0.0456923098675,0.0759165269224,0.136705369712,0.19023183615,0.0189307083209,0.033748239602,0.00867502920787,0.340116880235,0.0489170240735,0.0959404452566,0.00167915800373,0.00344647264857,1,0.4,49,16,10,3,20,0.00114039448626,0.000246325209033,0.00114039448626,0.0561536876722,0.016541085489,0.00925498557378,0.00114039448626,0.000246325209033,0.00114039448626,0.230955513335,0.451084986486,0.230955513081
24,0.065410086484,0.0872285075981,0.00159203633027,0.257951981904,0.0858767491288,0.129220327292,0.156442328783,0.0149431956679,0.0329480088228,0.0346278208511,0.0664704349354,0.0672885222024,1,0.4,49,16,10,3,20,0.000376695466133,8.13662206846e-05,0.000376695466133,0.0742209121796,0.00571792847231,0.0039381766208,0.000376695466133,8.13662206846e-05,0.000376695466133,0.231324197735,0.451805073205,0.231324197481
25,0.0247658668502,0.170577345729,0.0226729627749,0.034185956394,0.0186111038224,0.160651922892,0.122448677746,0.0713230440358,0.104917453478,0.00524777387434,0.0327951933922,0.231802699012,1,0.4,49,16,10,3,20,9.79050471636e-05,2.11474901873e-05,9.79050471636e-05,0.00065641518392,0.00080163170186,0.00113045224634,9.79050471636e-05,2.11474901873e-05,9.79050471636e-05,0.252199863783,0.49257785841,0.252199863506
26,0.0073115260169,0.0302324405641,0.335184980839,0.0048763016613,0.0613662271704,0.0154543815853,0.0455257390971,0.0709613764089,0.0570186366947,0.16365786182,0.17383593653,0.0345745916128,1,0.4,49,16,10,3,20,7.21879880772e-05,1.55926054247e-05,7.21879880772e-05,0.00482830564735,0.000829848945595,0.000706036279017,7.21879880772e-05,1.55926054247e-05,7.21879880772e-05,0.251273580466,0.490768711309,0.25127358019
27,0.0183591611597,0.117962294951,0.032487695396,0.055731360206,0.0278573546115,0.0939940334509,0.103339604928,0.151661657575,0.133218653332,0.0576029607181,0.0629346807867,0.144850542884,1,0.4,49,16,10,3,20,0.000430878789793,9.30698185952e-05,0.000430878789793,0.0234517628892,0.00140527773404,0.00347706031937,0.000430878789793,9.30698185952e-05,0.000430878789793,0.245313832742,0.479128579047,0.245313832472
28,0.157884932362,0.0883319952849,0.0192505324042,0.254216954573,0.185060888705,0.0499278584222,0.0309964501277,0.0161901981848,0.0398473072281,0.0177917585307,0.0335542881671,0.106946836009,1,0.4,49,16,10,3,20,0.000564151546536,0.000121856734052,0.000564151546536,0.0182494522159,0.00652623709513,0.00637633543105,0.000564151546536,0.000121856734052,0.000564151546536,0.244451581065,0.477444493743,0.244451580796
29,0.323832205051,0.0962559471186,0.127633713031,0.0118567796294,0.0568626454376,0.00341406372295,0.058749389547,0.0632492870724,0.035589913421,0.0133298406311,0.187373251576,0.021852963761,1,0.4,49,16,10,3,20,0.000175869615704,3.79878369921e-05,0.000175869615704,0.00617644901605,0.0058674489038,0.00108140691348,0.000175869615704,3.79878369921e-05,0.000175869615704,0.249447017699,0.487201205907,0.249447017424
30,0.039133228269,0.0892209597436,0.000222128437348,0.0469000888159,0.127892320633,0.18424394987,0.150953746579,0.100694476091,0.0968062225156,0.0709521286695,0.0904501280772,0.00253062229787,1,0.4,49,16,10,3,20,0.000463156110864,0.000100041719947,0.000463156110864,0.0391333052614,0.0104098243671,0.00291008147756,0.000463156110864,0.000100041719947,0.000463156110864,0.239176368515,0.467141344243,0.239176368252
31,0.0149840175582,0.128263112913,0.0936531286625,0.000719940260104,0.00308693554576,0.264340394366,0.144364104449,0.133939359748,0.0234641217001,0.0982381022073,0.0564871388234,0.038459643768,1,0.4,49,16,10,3,20,0.000316347605666,6.83310828239e-05,0.000316347605666,0.0118775851566,0.00767697279793,0.00158167218214,0.000316347605666,6.83310828239e-05,0.000316347605666,0.247263043308,0.48293563093,0.247263043036
32,0.281871675199,0.0474666020562,0.241673465957,0.0774035246988,0.0153509588226,0.000372623641578,8.9935443628e-06,0.1415932828,0.0383862363007,0.0668775270504,0.0650483263117,0.0239467836168,1,0.4,49,16,10,3,20,0.000628481281248,0.00013575195675,0.000628481281248,0.00901507943262,0.00295156677874,0.00242070188119,0.000628481281248,0.00013575195675,0.000628481281248,0.248620325357,0.485586572429,0.248620325084
33,0.0660174575496,0.0138793504654,0.0564064920626,0.0445999028346,0.0180941541966,0.0148693664804,0.00898486914935,0.0773258998355,0.261350332475,0.183450420233,0.224317004243,0.030704750475,1,0.4,49,16,10,3,20,8.09609857118e-05,1.74875729137e-05,8.09609857118e-05,0.0155986517482,0.000701589777519,0.00136573550309,8.09609857118e-05,1.74875729137e-05,8.09609857118e-05,0.248404794862,0.485165614432,0.248404794589
34,0.22655736572,0.00125171912944,0.0759424351145,0.00272393733172,0.113169338846,0.0630265005959,0.108010025114,0.063278625052,0.198914559517,0.0193217947871,0.0382050027948,0.0895986959969,1,0.4,49,16,10,3,20,0.000619544831858,0.000133821683681,0.000619544831858,0.0498564024952,0.00418402214226,0.00269150922028,0.000619544831858,0.000133821683681,0.000619544831858,0.237918670475,0.46468490276,0.237918670213
35,0.118426926924,0.0806177512502,0.321553079298,0.0248271030746,0.0319540499648,0.0236029219656,0.0828169580733,0.00585038819334,0.102795749229,0.0697060779365,0.0491577878753,0.0886912062156,1,0.4,49,16,10,3,20,0.000452057295289,9.76443757824e-05,0.000452057295289,0.0608670368271,0.0021820277099,0.00139835921608,0.000452057295289,9.76443757824e-05,0.000452057295289,0.236154702692,0.461239653189,0.236154702433
36,0.335687760847,0.0104339220809,0.0573685890656,0.00419254525618,0.0421441947246,0.0959817640803,0.165746945287,0.156749008667,0.0272635269306,0.0980897590546,0.00564312748913,0.000698856517165,1,0.4,49,16,10,3,20,0.000776034382239,0.000167623426564,0.000776034382239,0.00611501268053,0.0129115522093,0.00284438629312,0.000776034382239,0.000167623426564,0.000776034382239,0.24656181255,0.481566039607,0.246561812279
37,0.133041188878,0.0377360104489,0.00307872090165,0.0212853228263,0.219159443667,0.0312529249083,0.101647343053,0.0643684221539,0.0430228471198,0.0607366360319,0.000820910559389,0.283850229452,1,0.4,49,16,10,3,20,8.37277434057e-07,1.80851925756e-07,8.37277434057e-07,2.84908607549e-06,3.54789540409e-06,1.11015195611e-05,8.37277434057e-07,1.80851925756e-07,8.37277434057e-07,0.252959061883,0.494060667197,0.252959061605
38,0.190225938254,0.1468638658,0.107192863436,0.0406561317908,0.183160441626,0.0146869440657,0.00352236803836,0.0310410538635,0.0229539851121,0.0547500607877,0.0328052118253,0.172141135401,1,0.4,49,16,10,3,20,0.000333499400854,7.20358705844e-05,0.000333499400854,0.0179099689659,0.00262113204462,0.00183944683437,0.000333499400854,7.20358705844e-05,0.000333499400854,0.246931575301,0.48228823248,0.24693157503
39,0.148332999571,0.125940819009,0.0795440297951,0.155983106302,0.10553196569,0.00742742087564,0.0389796549223,0.0419332140294,0.042936941273,0.0661311836557,0.131214353016,0.0560443118614,1,0.4,49,16,10,3,20,0.000311213414058,6.72220974365e-05,0.000311213414058,0.00576591322767,0.00151098107914,0.00156445550116,0.000311213414058,6.72220974365e-05,0.000311213414058,0.250378966806,0.489021419005,0.25037896653
40,0.0444903629692,0.243453331324,0.155237474353,0.014431262457,0.031536155526,0.0609277626915,0.0452757754384,0.0282409891139,0.156694980091,0.161749984391,0.0536087624105,0.00435315923545,1,0.4,49,16,10,3,20,0.000206893478998,4.46889914635e-05,0.000206893478998,0.015380925413,0.0053776375907,0.00462638653116,0.000206893478998,4.46889914635e-05,0.000206893478998,0.246310981658,0.481076135522,0.246310981387
41,0.086160865898,0.00878090317087,0.0681941217826,0.0141171653036,0.176474593496,0.0694483917252,0.0927525768675,0.000659845399536,0.224701582163,0.0281935461993,0.142568624385,0.0879477836101,1,0.4,49,16,10,3,20,0.000243510013011,5.25981628105e-05,0.000243510013011,0.0154269556189,0.00224764410629,0.0039871587024,0.000243510013011,5.25981628105e-05,0.000243510013011,0.247211764363,0.482835476741,0.247211764091
42,0.140451344018,0.0153769999828,0.0700458464383,0.0392327668821,0.00660390816471,0.231219015191,0.0236084015508,0.122830768223,0.108135715929,0.0277754061601,0.0969293386308,0.11779048883,1,0.4,49,16,10,3,20,0.000177488177613,3.83374463643e-05,0.000177488177613,0.0203565701606,0.0029295276197,0.00347899129835,0.000177488177613,3.83374463643e-05,0.000177488177613,0.24599482286,0.480458637869,0.245994822589
43,0.0289297256052,0.200410686642,0.000218613011258,0.0174413701651,0.0662186347701,0.10829032942,0.0247312935588,0.0441723975536,0.134834936763,0.0440707689325,0.150992954693,0.179688288885,1,0.4,49,16,10,3,20,6.8829746275e-05,1.48672251954e-05,6.8829746275e-05,0.00314214240699,0.0013264535156,0.00136856795078,6.8829746275e-05,1.48672251954e-05,6.8829746275e-05,0.251410664603,0.491036453762,0.251410664326
44,0.125686547045,0.0405501440884,0.0156348988272,0.265417328948,0.0581751317206,0.00638541475677,0.258109404348,0.00587436976873,0.064947175509,0.0387185708549,0.0503325312729,0.0701684828604,1,0.4,49,16,10,3,20,1.75748139076e-06,3.79615980404e-07,1.75748139076e-06,5.17071546984e-06,4.29128819652e-05,2.2218062039e-06,1.75748139076e-06,3.79615980404e-07,1.75748139076e-06,0.252949731228,0.494042443261,0.25294973095
45,0.261085325502,0.0308606428066,0.235356508468,0.0417295572016,0.0734719580831,0.00272706782846,0.056777881845,2.79244478304e-05,0.153459455036,0.0372036497298,0.081431642824,0.025868386227,1,0.4,49,16,10,3,20,0.000585759844752,0.000126524126466,0.000585759844752,0.0368421319535,0.00399729208289,0.00720353425137,0.000585759844752,0.000126524126466,0.000585759844752,0.240154549846,0.469051854652,0.240154549582
46,0.203149566797,0.00974928212739,0.043164900626,0.115952565341,0.131570408057,0.0169117014719,0.0550512435979,0.0300419138479,0.0673056485748,0.0661729323935,0.171829133676,0.0891007034885,1,0.4,49,16,10,3,20,0.000161494853532,3.48828883629e-05,0.000161494853532,0.00356117585514,0.0017199946797,0.000669797678686,0.000161494853532,3.48828883629e-05,0.000161494853532,0.251277985748,0.490777315375,0.251277985472
47,0.0180646981499,0.0257385222068,0.110695148954,0.0923225546049,0.0642056736159,0.02753831037,0.0950637590582,0.206653093696,0.0506631915781,0.0831106302159,0.0322616813147,0.193682736235,1,0.4,49,16,10,3,20,0.000154410868787,3.3352747658e-05,0.000154410868787,0.00819093450779,0.00337971644869,0.000739458175676,0.000154410868787,3.3352747658e-05,0.000154410868787,0.249677291436,0.4876509593,0.249677291162
48,0.140290646292,0.000592361372369,0.0938560884053,0.201197083481,0.130594821373,0.044371738231,0.106009447295,0.145082032713,0.0112297645365,0.0879257886386,0.0307576553961,0.00809257226576,1,0.4,49,16,10,3,20,0.000502971050397,0.000108641746886,0.000502971050397,0.0919943897731,0.00704513367708,0.0108863337698,0.000502971050397,0.000108641746886,0.000502971050397,0.224593195463,0.438658584406,0.224593195216
49,0.0776912801357,0.0176946808412,0.0648060310751,0.0644929348452,0.387637733552,0.062304623473,0.111848469226,0.045449378298,0.0258637230419,0.0250616358821,0.0657746980944,0.0513748115355,1,0.4,49,16,10,3,20,0.000194429914856,4.19968616089e-05,0.000194429914856,0.0802114538325,0.00260205463433,0.0104119278155,0.000194429914856,4.19968616089e-05,0.000194429914856,0.229163725174,0.447585400239,0.229163724922
50,0.172867705165,0.0391381353702,0.138993224202,0.0774148254851,0.0131156490609,0.0191456387512,0.00224509386589,0.0387329039157,0.275071879047,0.144262868997,0.0407790188091,0.0382330573308,1,0.4,49,16,10,3,20,0.000250949110067,5.42050077745e-05,0.000250949110067,0.031463574239,0.00395811863523,0.0042444308197,0.000250949110067,5.42050077745e-05,0.000250949110067,0.242648960161,0.473923749794,0.242648959895
51,0.17882003798,0.0965984030851,0.137665308651,0.0572322672887,0.00920530482702,0.0450523491656,0.0522999795915,0.0958828260488,0.0359508554739,0.203918617253,0.0341632954628,0.0532107551728,1,0.4,49,16,10,3,20,0.000110752078078,2.39224488649e-05,0.000110752078078,0.00471495773098,0.00104262377342,0.00198456047105,0.000110752078078,2.39224488649e-05,0.000110752078078,0.250881772175,0.49000346074,0.250881771899
52,0.166764066473,0.0646928497119,0.245581671026,0.0110012543069,0.0167601461801,0.0993601209941,0.00194783001097,0.0601506351575,0.233811419869,0.0270022079157,0.0370521811856,0.035875617169,1,0.4,49,16,10,3,20,0.0009463132445,0.000204403660812,0.0009463132445,0.0699291253913,0.0122645422701,0.0113923532197,0.0009463132445,0.000204403660812,0.0009463132445,0.228229544869,0.445760829332,0.228229544618
53,0.249585640951,0.136009109576,0.241153796145,0.00386586033206,0.0409709412541,0.0333644402783,0.00886834373076,0.0734021694706,0.00701411464736,0.0289130267497,0.0480773725609,0.128775184305,1,0.4,49,16,10,3,20,0.00014673353282,3.1694443089e-05,0.00014673353282,0.022931418751,0.00730816574214,0.000503516764885,0.00014673353282,3.1694443089e-05,0.00014673353282,0.245023007499,0.478560560996,0.24502300723
54,0.137634901472,0.167501391835,0.0562990962466,0.00103707718993,0.0117891634236,0.101486211738,0.0170960536403,0.224131193093,0.149081875955,0.0578149118801,0.0315282772088,0.0445998463183,1,0.4,49,16,10,3,20,1.62983357269e-05,3.52044051701e-06,1.62983357269e-05,2.39082794035e-05,5.15044286942e-05,0.000226349573504,1.62983357269e-05,3.52044051701e-06,1.62983357269e-05,0.252869819273,0.493886365226,0.252869818995
55,0.0833044185724,0.173871260563,0.168607114223,0.134899029053,0.137776287081,0.00300806345847,0.0772120233705,0.0493375460184,0.0013174002449,0.0053009785837,0.0822946729718,0.0830712058596,1,0.4,49,16,10,3,20,0.000449806373002,9.71581765683e-05,0.000449806373002,0.0062551835866,0.00523005455995,0.00171120462005,0.000449806373002,9.71581765683e-05,0.000449806373002,0.24912190133,0.486566213001,0.249121901057
56,0.0242570434947,0.0349964486284,0.0620879972055,0.0757851705458,0.104242012975,0.191314937107,0.18235939421,0.0754833523735,0.032917003499,0.067215107583,0.010655484683,0.138686047694,1,0.4,49,16,10,3,20,0.000225853943188,4.87844517287e-05,0.000225853943188,0.00387237043648,0.00501922655695,0.00067437444422,0.000225853943188,4.87844517287e-05,0.000225853943188,0.250291363086,0.48885031799,0.250291362811
57,0.154281063656,0.217400238623,0.0853417958388,0.0429480006832,0.0942429309134,0.0535117835093,0.0341160480217,0.00572264945685,0.018599639775,0.107670951555,0.138576867935,0.0475880300326,1,0.4,49,16,10,3,20,0.000155258994407,3.35359427918e-05,0.000155258994407,0.00809614047096,0.00215925699046,0.00207097828665,0.000155258994407,3.35359427918e-05,0.000155258994407,0.249672225695,0.487641065274,0.24967222542
58,0.0178804132596,0.0236098536978,0.312627711882,0.080543040541,0.0878916961789,0.0389833869984,0.0597714371601,0.0868425347692,0.00884284751806,0.0207229853221,0.200974010591,0.0613100820822,1,0.4,49,16,10,3,20,0.000150591827726,3.25278347888e-05,0.000150591827726,0.0298349836541,0.00371598390045,0.000944922017639,0.000150591827726,3.25278347888e-05,0.000150591827726,0.244069359871,0.476697967974,0.244069359603
59,0.00596783225123,0.0893488038225,0.00578213449303,0.0870530097296,0.00875128576468,0.155585748183,0.0104899686142,0.117402162441,0.262390921627,0.0867236746511,0.146112334342,0.0243921240802,1,0.4,49,16,10,3,20,0.000162673650898,3.5137508594e-05,0.000162673650898,0.00491482628826,0.00162838654452,0.0033763511173,0.000162673650898,3.5137508594e-05,0.000162673650898,0.250272750607,0.488813965491,0.250272750331
60,0.00392548471511,0.011693435054,0.177439168392,0.0215819554046,0.085177449353,0.0370443086668,0.044706538303,0.0730788602284,0.0996593966934,0.049724949009,0.050719984188,0.345248469993,1,0.4,49,16,10,3,20,3.00339082257e-05,6.48732417674e-06,3.00339082257e-05,0.000578136357441,0.00058440272588,0.000314110291807,3.00339082257e-05,6.48732417674e-06,3.00339082257e-05,0.252557215156,0.493275810309,0.252557214878
61,0.257929863338,0.116686159742,0.000392313783283,0.0213510845918,0.0964527857748,0.00236969102095,0.156089788138,0.00810403156488,0.0087410886087,0.262442247085,0.049548999063,0.0198919472895,1,0.4,49,16,10,3,20,0.000132233988522,2.85625415207e-05,0.000132233988522,0.0184636095649,0.00258894248515,0.00119031853229,0.000132233988522,2.85625415207e-05,0.000132233988522,0.247189519477,0.482792029698,0.247189519205
62,0.0857938392219,0.0424902120461,0.0474372853782,0.209051382433,0.0861614149869,0.0317455967183,0.0226392117355,0.0227284053146,0.0358210737529,0.282342024685,0.0334260443565,0.100363509371,1,0.4,49,16,10,3,20,9.31014550499e-07,2.01099142908e-07,9.31014550499e-07,3.52264378064e-06,1.80568333369e-05,8.09600036459e-07,9.31014550499e-07,2.01099142908e-07,9.31014550499e-07,0.252957719649,0.494058045646,0.252957719371
63,0.0359487957447,0.0616615009245,0.0251468534354,0.314368137281,0.0688819749732,0.0812459366499,0.0414789876764,0.130069678206,0.00551500881033,0.178786852019,0.035160541228,0.0217357330518,1,0.4,49,16,10,3,20,0.000314116962765,6.78492639571e-05,0.000314116962765,0.00602774017266,0.00423492836948,0.00102854168297,0.000314116962765,6.78492639571e-05,0.000314116962765,0.249755983989,0.487804655692,0.249755983715
64,0.0436748690628,0.203779554955,0.00762214063736,0.146858136926,0.0602333128675,0.00978172055437,0.0218417718872,0.0563719437802,0.136947567994,0.0474856691976,0.211973612035,0.0534297001033,1,0.4,49,16,10,3,20,0.000111446441213,2.4072431302e-05,0.000111446441213,0.00648279450091,0.00154712383471,0.00330531656733,0.000111446441213,2.4072431302e-05,0.000111446441213,0.249972069004,0.488226696737,0.249972068729
65,0.0113870702974,0.0254726721236,0.0358216887917,0.0333321352974,0.0697742618267,0.00558803003589,0.0490543060456,0.146905592153,0.00186150045503,0.321531632127,0.195897232816,0.10337387803,1,0.4,49,16,10,3,20,3.22362124815e-05,6.963021896e-06,3.22362124815e-05,0.00516786691778,0.0005735090396,0.000201593112848,3.22362124815e-05,6.963021896e-06,3.22362124815e-05,0.251424926065,0.491064308182,0.251424925789
66,0.0234952453546,0.0128492924017,0.063083094984,0.18034816787,0.0960851471747,0.0545032310579,0.0196800616597,0.161800820788,0.0295546332899,0.0245837424343,0.0181043890355,0.31591217395,1,0.4,49,16,10,3,20,0.00015899610882,3.43431595051e-05,0.00015899610882,0.0207173714129,0.00280618079536,0.000715201571642,0.00015899610882,3.43431595051e-05,0.00015899610882,0.246654627988,0.48174731976,0.246654627717
67,0.0346159253155,0.133806584006,0.118739666213,0.0205481473917,0.00474137053578,0.198855209404,0.152337438716,0.117607506436,0.0600178858486,0.0280066672683,0.122869456271,0.00785414259366,1,0.4,49,16,10,3,20,0.000393927690934,8.50883812418e-05,0.000393927690934,0.0678707628127,0.0111183973975,0.000844115990651,0.000393927690934,8.50883812418e-05,0.000393927690934,0.232327800671,0.453765235187,0.232327800415
68,0.0415069836269,0.0260507112981,0.00171081064171,0.0856293621988,0.05185409994,0.351317194974,0.210114338084,0.0302966799437,0.111451922843,0.0717075180189,0.0104482688964,0.0079121095353,1,0.4,49,16,10,3,20,0.00088602123585,0.000191380586943,0.00088602123585,0.031243988135,0.0254624512324,0.00589159856208,0.00088602123585,0.000191380586943,0.00088602123585,0.236135997905,0.461203120402,0.236135997646
69,0.0555666055688,0.153731981356,0.00118522168033,0.163493172341,0.0668778499896,0.0606671088493,0.145861073315,0.0355638224788,0.041348381713,0.14381216926,0.0992373181242,0.0326552953235,1,0.4,49,16,10,3,20,1.49266819402e-06,3.22416329909e-07,1.49266819402e-06,4.22783796381e-06,1.92187439064e-05,1.65939415365e-06,1.49266819402e-06,3.22416329909e-07,1.49266819402e-06,0.252956402679,0.494055473439,0.252956402401
70,0.32000463172,0.0731410535481,0.165335372729,0.0161856133269,0.150349689055,0.0609343483918,0.0088228580602,0.0327965575324,0.0432541115496,0.0247792100123,0.0642980245196,0.0400985295558,1,0.4,49,16,10,3,20,0.000477562551589,0.000103153511143,0.000477562551589,0.0844500685812,0.00562083563325,0.00584407281483,0.000477562551589,0.000103153511143,0.000477562551589,0.228165936185,0.445636593622,0.228165935935
71,0.00545817692429,0.068409301629,0.0212279890482,0.0929261362196,0.117589662707,0.0266305867968,0.000106736432962,0.261930415131,0.0661619420331,0.22051616304,0.0269667786544,0.0920761113842,1,0.4,49,16,10,3,20,0.000125989190739,2.72136651995e-05,0.000125989190739,0.00819438495537,0.0023637333243,0.000932588054634,0.000125989190739,2.72136651995e-05,0.000125989190739,0.249916435828,0.488118038191,0.249916435554
72,0.00782736769781,0.230101672094,0.00375372674076,0.126974657913,0.0640250481867,0.0144448890366,0.0603919340685,0.188029431617,0.107733076823,0.077104473999,0.101361963764,0.0182517580607,1,0.4,49,16,10,3,20,0.000189810986312,4.09991730434e-05,0.000189810986312,0.00770542591261,0.00540375802378,0.00304760108928,0.000189810986312,4.09991730434e-05,0.000189810986312,0.248664530843,0.48567291127,0.24866453057
73,0.347845080062,0.0109005677745,0.00943478856279,0.0920458497837,0.0210278885958,0.0824644606486,0.00845755654267,0.142701999629,0.0943494100153,0.0712210941056,0.0234822432338,0.0960690610467,1,0.4,49,16,10,3,20,0.00036914093515,7.97344419923e-05,0.00036914093515,0.0193485926796,0.00365876937249,0.00080871668033,0.00036914093515,7.97344419923e-05,0.00036914093515,0.246525948318,0.481495992279,0.246525948047
74,0.111290450875,0.214742318714,0.0527973939007,0.00436837123032,0.150429836172,0.0680741373047,0.0460172599692,0.13305803447,0.0195209907161,0.0292794575627,0.16600263315,0.00441911593483,1,0.4,49,16,10,3,20,0.000417579449787,9.01971611539e-05,0.000417579449787,0.0103871151923,0.0030298002417,0.0018502690416,0.000417579449787,9.01971611539e-05,0.000417579449787,0.24863420818,0.485613687317,0.248634207906
75,0.0791044908097,0.0365684596569,0.0186200647245,0.0391788732904,0.303520375195,0.0643712331347,0.0383604376594,0.105032050245,0.00546686450961,0.175236664877,0.0189027074246,0.115637778473,1,0.4,49,16,10,3,20,9.57019387345e-05,2.06716187667e-05,9.57019387345e-05,0.0012520753819,0.00175261317516,0.000454222333949,9.57019387345e-05,2.06716187667e-05,9.57019387345e-05,0.25198215056,0.492152637273,0.251982150284
76,0.0275655511058,0.0275096143276,0.121098549689,0.061860170683,0.233160177499,0.00689428558127,0.0275527282874,0.00522840745828,0.0171982120738,0.013841651865,0.417196813188,0.0408938382421,1,0.4,49,16,10,3,20,9.37416515551e-05,2.02481967359e-05,9.37416515551e-05,0.00440733639106,0.00102463496389,0.000754916533683,9.37416515551e-05,2.02481967359e-05,9.37416515551e-05,0.251294267175,0.490809115037,0.251294266899
77,0.0641275312929,0.119139689237,0.0522057230548,0.0579598541333,0.0873357004434,0.0561338518125,0.239385154264,0.142876293272,0.14151174465,0.0073942095485,0.0155095716472,0.0164206766438,1,0.4,49,16,10,3,20,0.00434380867661,0.000938262674148,0.00434380867661,0.136851243053,0.0342899001582,0.0261563555532,0.00434380867661,0.000938262674148,0.00434380867661,0.198185167892,0.387080405614,0.198185167674
78,0.118540570609,0.0811728483689,0.0059622215148,0.207910434901,0.009523411585,0.046143987034,0.141458951258,0.0100723668847,0.0430459331672,0.111431559514,0.00603701355317,0.21870070161,1,0.4,49,16,10,3,20,0.000180164042335,3.89154331444e-05,0.000180164042335,0.0127117758777,0.00323184276763,0.00110353574952,0.000180164042335,3.89154331444e-05,0.000180164042335,0.248450114625,0.485254129593,0.248450114352
79,0.0556500614041,0.0763907094928,0.0447007988497,0.0715446020093,0.0267948343372,0.00342558614911,0.094681224173,0.0228131943861,0.395142710564,0.11410228861,0.0341066518936,0.060647338131,1,0.4,49,16,10,3,20,0.000424136273867,9.16134351552e-05,0.000424136273867,0.0173458850809,0.00648546061654,0.00224826856444,0.000424136273867,9.16134351552e-05,0.000424136273867,0.245891696966,0.48025722011,0.245891696696
80,0.0274302572809,0.1448176176,0.12709184005,0.101061956061,0.0733180295048,0.0680307619763,0.0239029189235,0.0003840817795,0.0826427067471,0.0963517333146,0.0532985783545,0.201669518408,1,0.4,49,16,10,3,20,0.00020486506927,4.42508549624e-05,0.00020486506927,0.0184892526118,0.00113253825605,0.00140920944663,0.00020486506927,4.42508549624e-05,0.00020486506927,0.247414650056,0.483231737859,0.247414649784
81,0.111338820601,0.0109526047582,0.00880263951368,0.0377625634001,0.04113812041,0.167887043169,0.0924005875167,0.101715443049,0.0416241502236,0.0438836369255,0.0882922341544,0.254202156279,1,0.4,49,16,10,3,20,8.17111728796e-05,1.7649613342e-05,8.17111728796e-05,0.00337837761122,0.00137995604232,0.000906988090149,8.17111728796e-05,1.7649613342e-05,8.17111728796e-05,0.251439692687,0.49109314924,0.251439692411
82,0.0963333065782,0.086377845995,0.0518022954827,0.00620801835163,0.133858665784,0.0449283627712,0.0531796580355,0.0330886820886,0.20519997042,0.124985413922,0.095918682086,0.068119098486,1,0.4,49,16,10,3,20,0.00025056202053,5.41213964346e-05,0.00025056202053,0.0102561259021,0.00307057817585,0.00172860525779,0.00025056202053,5.41213964346e-05,0.00025056202053,0.248875054696,0.48608409067,0.248875054423
83,0.0969802008385,0.0309138550464,0.135963248418,0.129710000365,0.12808074579,0.00873476036477,0.0708404509674,0.0319279106555,0.0194783679245,0.074940991813,0.112561678402,0.159867789415,1,0.4,49,16,10,3,20,0.000110710986857,2.3913573161e-05,0.000110710986857,0.0013978194775,0.000673759152461,0.000830246862918,0.000110710986857,2.3913573161e-05,0.000110710986857,0.25210624613,0.492395011431,0.252106245853
84,0.2863948944,0.141704234133,0.0699814605107,0.0722642022791,0.119842336878,0.00754548600409,0.201536873882,0.0201141411074,0.00830403257755,0.0085215009218,0.0352126289193,0.0285782083863,1,0.4,49,16,10,3,20,0.00191345596512,0.000413306488467,0.00191345596512,0.152784160746,0.021056700309,0.00319366902014,0.00191345596512,0.000413306488467,0.00191345596512,0.206035739764,0.402413553785,0.206035739538
85,0.238941443781,0.10779373303,0.0182170364532,0.0730080521871,0.0305117056261,0.0922117495079,0.0713049535674,0.0356582401979,0.0830189158178,0.150650760607,0.0692179318682,0.0294654773566,1,0.4,49,16,10,3,20,0.000203987516774,4.40613036232e-05,0.000203987516774,0.0092992745603,0.00423986552391,0.00195647504608,0.000203987516774,4.40613036232e-05,0.000203987516774,0.248815889455,0.485968533558,0.248815889182
86,0.0639064254729,0.0577239736879,0.17205258522,0.0877458943889,0.0447027036545,0.0409434263282,0.0926272745518,0.0101429947501,0.226000555856,0.0157828716809,0.108735850509,0.0796354438995,1,0.4,49,16,10,3,20,0.000173409429784,3.74564368332e-05,0.000173409429784,0.0610442411304,0.00129737199298,0.00308346448618,0.000173409429784,3.74564368332e-05,0.000173409429784,0.23621979385,0.461366784357,0.236219793591
87,0.0267870020445,0.246850912171,0.0809238665499,0.11085349789,0.137929650169,0.011301576848,0.0462343367218,0.00861367157137,0.123684845596,0.129149025121,0.00672272793959,0.0709488873771,1,0.4,49,16,10,3,20,0.000189137047782,4.08536023209e-05,0.000189137047782,0.0106275466374,0.00660793668772,0.00293797542244,0.000189137047782,4.08536023209e-05,0.000189137047782,0.247649210855,0.483689864419,0.247649210583
88,0.0188446712228,0.196276605302,0.0598448465393,0.038067964209,0.00971592662417,0.0505181132012,0.337308318228,0.0568050667586,0.0584716385233,0.0520781082742,0.0898266202184,0.0322421208988,1,0.4,49,16,10,3,20,0.000371408260253,8.02241842146e-05,0.000371408260253,0.016247455972,0.00756516680413,0.00472987878413,0.000371408260253,8.02241842146e-05,0.000371408260253,0.24532778949,0.47915583832,0.24532778922
89,0.0364566959753,0.0289145993955,0.532871266466,0.0513980434563,0.00678800911329,0.00175556100664,0.0276844761061,0.101846547578,0.00373016297587,0.029719192353,0.0413494006331,0.13748604494,1,0.4,49,16,10,3,20,0.000269528362338,5.82181262651e-05,0.000269528362338,0.0196074817474,0.00505519406816,0.00238377281276,0.000269528362338,5.82181262651e-05,0.000269528362338,0.245820459122,0.480118083695,0.245820458852
90,0.179023848928,0.170758771797,0.0663698045807,0.00286122257818,0.038585828738,0.243107987492,0.0135199180758,0.0859150586384,0.0182017436784,0.119421056882,0.0589993974894,0.00323536112237,1,0.4,49,16,10,3,20,0.000344231049125,7.4353906611e-05,0.000344231049125,0.00164177465472,0.00164261153854,0.000947564089362,0.000344231049125,7.4353906611e-05,0.000344231049125,0.251507963579,0.491226490826,0.251507963303
91,0.0860297437401,0.11312450001,0.0263292530636,0.00149971064481,0.0513107841865,0.0258357759945,0.000595770583369,0.0769610935428,0.091255679745,0.0424151968239,0.290332893145,0.19430959852,1,0.4,49,16,10,3,20,3.30065656521e-05,7.12941818085e-06,3.30065656521e-05,0.000571202485818,0.000298510465521,0.000351440147437,3.30065656521e-05,7.12941818085e-06,3.30065656521e-05,0.252618513865,0.49339553435,0.252618513587
92,0.0337039346655,0.0206279495009,0.160181671449,0.230286586138,0.0107952227159,0.0425622269617,0.0569993138684,0.0212004828667,0.152592263933,0.0245010932932,0.0528943240863,0.193654930522,1,0.4,49,16,10,3,20,0.000278139014562,6.00780271454e-05,0.000278139014562,0.0214152515146,0.00437916633995,0.00200707643636,0.000278139014562,6.00780271454e-05,0.000278139014562,0.245619805696,0.479726182474,0.245619805427
93,0.108992038055,0.159978717356,0.0149892264858,0.0649545576221,0.189988852372,0.150168255018,0.114200458474,0.0252966371143,0.0569625175381,0.0278740066101,0.051480205122,0.0351145282322,1,0.4,49,16,10,3,20,0.000626743002838,0.000135376488613,0.000626743002838,0.0492989732497,0.0188085903706,0.00667464309808,0.000626743002838,0.000135376488613,0.000626743002838,0.233344523396,0.455751021757,0.23334452314
94,0.123242931726,0.00546227295001,0.0171466188854,0.0557152042226,0.00509611171134,0.153078284211,0.00128762027094,0.00775139142548,0.337572559959,0.0829890409909,0.0243558724631,0.186302091184,1,0.4,49,16,10,3,20,0.000195684271123,4.22678025626e-05,0.000195684271123,0.0164915374496,0.00169782170744,0.000613446757593,0.000195684271123,4.22678025626e-05,0.000195684271123,0.24798859692,0.484352727828,0.247988596648
