run_ID,t1_initial,t2_initial,t3_initial,t4_initial,t5_initial,t6_initial,t7_initial,t8_initial,t9_initial,t10_initial,t11_initial,t12_initial,alpha,prior_cost_c,lambda,k,sample_amount,learning_parameter,generations,t1_final,t2_final,t3_final,t4_final,t5_final,t6_final,t7_final,t8_final,t9_final,t10_final,t11_final,t12_final
0,0.110106868781,0.02257892409,0.0853984421024,0.161373953813,0.093727112031,0.0585366393391,0.0471672392236,0.00498748159271,0.100120502028,0.032839642012,0.0742728626331,0.208890332354,1,0.4,49,15,10,3,20,0.0001875922886,4.05199343376e-05,0.0001875922886,0.00143449824574,0.000753709537294,0.000394449560824,0.0001875922886,4.05199343376e-05,0.0001875922886,0.25210078973,0.492384354433,0.25210078947
1,0.0457692721733,0.000422036053825,0.0393650873448,0.1056412734,0.012307723187,0.101400431881,0.171985028264,0.0281871510638,0.0791593515802,0.166016540291,0.0418577892435,0.207888315517,1,0.4,49,15,10,3,20,0.000119742190861,2.58643132259e-05,0.000119742190861,0.0147643203386,0.000831410466965,0.00112467924388,0.000119742190861,2.58643132259e-05,0.000119742190861,0.248600510562,0.485547871692,0.248600510306
2,0.19158323723,0.123785899274,0.0654699353974,0.0168963768567,0.0844662840279,0.168217284348,0.112484411842,0.0872069910035,0.0563771553774,0.0253973201915,0.0334345231742,0.0346805812776,1,0.4,49,15,10,3,20,0.00115299254129,0.000249046388919,0.00115299254129,0.0459934045855,0.00937323231278,0.0192367462067,0.00115299254129,0.000249046388919,0.00115299254129,0.232799760863,0.454687032466,0.232799760623
3,0.0568386370714,0.0857863137888,0.00974118238376,0.121100388549,0.0665858456851,0.0288305314159,0.0767955752571,0.0322800670727,0.204466328547,0.0436978279222,0.143627018925,0.130250283382,1,0.4,49,15,10,3,20,0.00017764478755,3.83712741107e-05,0.00017764478755,0.00635810569732,0.00221427160326,0.00186848672273,0.00017764478755,3.83712741107e-05,0.00017764478755,0.250124095504,0.488523623528,0.250124095246
4,0.00956724127322,0.0361419105211,0.0290486100699,0.0245004750046,0.067904940945,0.03704959892,0.06538616438,0.234692578969,0.0232067301116,0.25513554475,0.0886900832987,0.128676121757,1,0.4,49,15,10,3,20,6.17642161383e-05,1.33410706859e-05,6.17642161383e-05,0.00229336539399,0.000202696583385,0.000605183104904,6.17642161383e-05,1.33410706859e-05,6.17642161383e-05,0.252110676156,0.49240366386,0.252110675896
5,0.00147590383564,0.042305209271,0.0767108751663,0.160931044176,0.0678709605142,0.0205722387718,0.193156808126,0.0616041627059,0.230781967678,0.0257912102794,0.0976357094621,0.0211639100138,1,0.4,49,15,10,3,20,0.00078198614695,0.000168909007741,0.00078198614695,0.066986245304,0.00851502317833,0.0016240107385,0.00078198614695,0.000168909007741,0.00078198614695,0.23257776035,0.454253437716,0.23257776011
6,0.0686801630065,0.101847829834,0.0673725367726,0.0365584233829,0.0607236795803,0.0529449793132,0.0101709421068,0.200210375535,0.00279107935214,0.102506900848,0.184413621783,0.111779468486,1,0.4,49,15,10,3,20,7.70727759315e-05,1.66477196012e-05,7.70727759315e-05,0.0118819518882,0.00164061265853,0.000412818528079,7.70727759315e-05,1.66477196012e-05,7.70727759315e-05,0.249352861633,0.487017307374,0.249352861376
7,0.0325746169705,0.0385729226799,0.0126958444806,0.168369965069,0.0714525607124,0.0343287708743,0.082400097288,0.0759963715682,0.146740979744,0.284393163461,0.0223087663204,0.0301659408317,1,0.4,49,15,10,3,20,0.000130253455787,2.81347464499e-05,0.000130253455787,0.00277719832379,0.00113194078918,0.00172102703444,0.000130253455787,2.81347464499e-05,0.000130253455787,0.251394163175,0.491004224445,0.251394162916
8,0.0569501136323,0.101352279718,0.0670941246948,0.0350633571257,0.0240938269932,0.148043601098,0.0765523039972,0.0311713193841,0.0097660722349,0.0899251214268,0.0987865996136,0.261201280081,1,0.4,49,15,10,3,20,3.39728140827e-06,7.33812784187e-07,3.39728140827e-06,3.49275035771e-06,1.16405195409e-05,2.06956432953e-05,3.39728140827e-06,7.33812784187e-07,3.39728140827e-06,0.252951554809,0.494046004978,0.252951554549
9,0.150519837888,0.00149881004106,0.0839140416296,0.0356642301982,0.0620487198314,0.00900103927587,0.138977936736,0.0279364143388,0.131317315781,0.00529653554962,0.282713429994,0.0711116887373,1,0.4,49,15,10,3,20,0.00011788333896,2.54628012154e-05,0.00011788333896,0.0168819653489,0.0030378725741,0.000334665589318,0.00011788333896,2.54628012154e-05,0.00011788333896,0.247708594665,0.483805848456,0.247708594409
10,0.0190362335631,0.00175525678543,0.0321071273524,0.190764009619,0.147846023479,0.00540311675971,0.23450253554,0.0764931208494,0.055806731116,0.0564209375641,0.0648106503199,0.115054257053,1,0.4,49,15,10,3,20,0.000297542332586,6.42691438386e-05,0.000297542332586,0.0385493739968,0.00304709401872,0.00311783094603,0.000297542332586,6.42691438386e-05,0.000297542332586,0.241319713936,0.471327565796,0.241319713688
11,0.195005572115,0.0304784764004,0.00464765033146,0.0808699723759,0.061396551562,0.0561088737482,0.0296335299902,0.0965643319488,0.100001958018,0.0396856616742,0.24020440427,0.0654030175657,1,0.4,49,15,10,3,20,8.35488232253e-05,1.80465458167e-05,8.35488232253e-05,0.00148983756109,0.000320254997864,0.0017329042962,8.35488232253e-05,1.80465458167e-05,8.35488232253e-05,0.251974505114,0.492137704793,0.251974504854
12,0.0341486647242,0.152987253139,0.0935794111728,0.0243687219487,0.12501580089,0.118510985792,0.0446822980705,0.059501948404,0.0452939164608,0.262807437772,0.0177673914056,0.0213361702206,1,0.4,49,15,10,3,20,0.000229965340919,4.96725136385e-05,0.000229965340919,0.0105683612744,0.00100391451339,0.00338754621402,0.000229965340919,4.96725136385e-05,0.000229965340919,0.24892230131,0.486176369244,0.248922301053
13,0.244497083596,0.0779699722713,0.0296293375882,0.0433464392472,0.0712335844967,0.211993274005,0.000263890703532,0.186768823042,0.019318114726,0.00113558494636,0.0823875499425,0.0314563454351,1,0.4,49,15,10,3,20,0.000827183172137,0.000178671565182,0.000827183172137,0.0412669640098,0.0163852656145,0.00289349647424,0.000827183172137,0.000178671565182,0.000827183172137,0.236721125389,0.462345947549,0.236721125145
14,0.0205337455415,0.141270238853,0.020770935561,0.0715186186764,0.28878772558,0.101022812541,0.0304833594063,0.0608357739202,0.0751235779382,0.0506258819545,0.0629559429422,0.076071387086,1,0.4,49,15,10,3,20,0.000404334041955,8.73361530623e-05,0.000404334041955,0.0052467315594,0.00362067317959,0.00213714188331,0.000404334041955,8.73361530623e-05,0.000404334041955,0.249727353844,0.487748737474,0.249727353586
15,0.0573787215106,0.123243507722,0.157552892231,0.0270316758339,0.0021090336104,0.00365453596697,0.172925198714,0.00876780632235,0.233567321782,0.0185080755349,0.107974611934,0.0872866188381,1,0.4,49,15,10,3,20,0.000248696372038,5.37184163603e-05,0.000248696372038,0.00424483736297,0.00234469191909,0.00234740205152,0.000248696372038,5.37184163603e-05,0.000248696372038,0.25042487832,0.489111089964,0.250424878062
16,0.0905924557892,0.0566180044433,0.365488103051,0.106042451739,0.0131111729529,0.0195434199485,0.130611552231,0.095218028087,0.0406531370419,0.0197296623213,0.0111264014297,0.0512656109649,1,0.4,49,15,10,3,20,0.00140765754029,0.000304054028702,0.00140765754029,0.0807026646434,0.00498763062837,0.0278961254924,0.00140765754029,0.000304054028702,0.00140765754029,0.222652924381,0.434868992484,0.222652924152
17,0.0356040537528,0.0157264913606,0.0383701641465,0.00710081180413,0.114006038401,0.0549807790342,0.0655603179918,0.0658486054201,0.0396794295873,0.00117973666749,0.478670515961,0.0832730558728,1,0.4,49,15,10,3,20,1.73215928166e-05,3.74146404839e-06,1.73215928166e-05,0.000490852434656,0.000299519712733,0.000396217133137,1.73215928166e-05,3.74146404839e-06,1.73215928166e-05,0.252644842293,0.493446957095,0.252644842033
18,0.275224475333,0.0135766954556,0.021170651797,0.0418125540144,0.034002476614,0.00494738225503,0.038129583514,0.0450316788203,0.303805788023,0.0781595912348,0.0404077466574,0.103731376282,1,0.4,49,15,10,3,20,0.000390368253055,8.43195426599e-05,0.000390368253055,0.0355134217782,0.00193946734789,0.00373996862622,0.000390368253055,8.43195426599e-05,0.000390368253055,0.242106442596,0.472864145208,0.242106442346
19,0.0415890982471,0.0535025201649,0.00755340403324,0.100459069276,0.153370704441,0.0381044037866,0.0114119097603,0.0878199597224,0.0334618532838,0.355207235589,0.111283580096,0.00623626159925,1,0.4,49,15,10,3,20,0.000105293376195,2.27433692582e-05,0.000105293376195,0.00961528486263,0.000729744883619,0.000888679920455,0.000105293376195,2.27433692582e-05,0.000105293376195,0.250004649701,0.488290330945,0.250004649444
20,0.0385908072255,0.0453390733195,0.22546846577,0.00245032652823,0.123866233078,0.0812166687332,0.0549752890256,0.161174153998,0.127661596032,0.0943561439297,0.0165358261711,0.0283654161899,1,0.4,49,15,10,3,20,0.000554111762038,0.0001196881406,0.000554111762038,0.0490698023788,0.0145669217209,0.00303796858199,0.000554111762038,0.0001196881406,0.000554111762038,0.235476865696,0.459915752839,0.235476865454
21,0.0168739970306,0.118058173604,0.0508894257369,0.00176731562618,0.165526318052,0.20873837683,0.161280768328,0.0831162273597,0.0236095236435,0.0611462897197,0.0664238779019,0.0425697061678,1,0.4,49,15,10,3,20,0.000469652070625,0.000101444847255,0.000469652070625,0.00898944166023,0.00475044051291,0.00276617840495,0.000469652070625,0.000101444847255,0.000469652070625,0.248262435972,0.484887569757,0.248262435716
22,0.0176514436969,0.0699199536234,0.0132715147626,0.0951896879689,0.0874774632156,0.122262935626,0.0334543565392,0.151709918745,0.0619808526381,0.270476521895,0.0341228979984,0.0424824532909,1,0.4,49,15,10,3,20,7.05796943061e-05,1.52452139701e-05,7.05796943061e-05,0.0154334961213,0.0029620542154,0.000596029585027,7.05796943061e-05,1.52452139701e-05,7.05796943061e-05,0.248081103337,0.484533404455,0.248081103081
23,0.140330810143,0.00123220350578,0.150145419656,0.0328301326272,0.114000397599,0.0546998033256,0.20141619485,0.0440093080104,0.040726701799,0.046073265077,0.173648878159,0.00088688524779,1,0.4,49,15,10,3,20,5.19086254209e-07,1.12122630909e-07,5.19086254209e-07,1.32246168942e-05,5.06558639409e-06,1.91314225333e-06,5.19086254209e-07,1.12122630909e-07,5.19086254209e-07,0.252958734377,0.494060027571,0.252958734116
24,0.163026370233,0.131637870629,0.0368344880298,0.11707681016,0.00632035760077,0.00402569525878,0.0495213548498,0.139445927296,0.024051546263,0.120075161284,0.168277277975,0.0397071404215,1,0.4,49,15,10,3,20,0.000125982364251,2.72121906781e-05,0.000125982364251,0.00149514968838,0.000925400122393,0.000814033732704,0.000125982364251,2.72121906781e-05,0.000125982364251,0.25200494884,0.492197165197,0.252004948581
25,0.0458952638725,0.0121981087142,0.0628161133856,0.00372749614232,0.107012421393,0.25757899924,0.0168199202258,0.0397056683248,0.244408057139,0.0854839347353,0.0303515235357,0.0940024932922,1,0.4,49,15,10,3,20,0.000532845598811,0.000115094649343,0.000532845598811,0.0318405641219,0.00314604495258,0.00574409243972,0.000532845598811,0.000115094649343,0.000532845598811,0.242063614869,0.472780497304,0.242063614619
26,0.114727584573,0.0219850697402,0.00997588205565,0.0649837896485,0.0634108588569,0.00466293939678,0.0125190161268,0.176635900222,0.057184746751,0.105649107438,0.142433111294,0.225831993898,1,0.4,49,15,10,3,20,0.000129396386733,2.79496195344e-05,0.000129396386733,0.0030036534334,0.00036488957819,0.000858176805868,0.000129396386733,2.79496195344e-05,0.000129396386733,0.251750146065,0.491699503526,0.251750145805
27,0.00203928324008,0.0724538604843,0.0177747414254,0.00135962231133,0.00531255974109,0.229305531845,0.0769091680222,0.123022218182,0.0503867932621,0.208336260314,0.0834764654201,0.129623495753,1,0.4,49,15,10,3,20,0.000110566853624,2.38824403828e-05,0.000110566853624,0.00496267582239,0.00183524626808,0.000570598233408,0.000110566853624,2.38824403828e-05,0.000110566853624,0.250976492811,0.490188462017,0.250976492553
28,0.112146711913,0.0113500068757,0.038775893033,0.0224811552902,0.0202808912428,0.0617897846685,0.0413944362513,0.0255351164824,0.151795052968,0.444960859024,0.0577463149059,0.0117437773451,1,0.4,49,15,10,3,20,3.48584838414e-05,7.52943250974e-06,3.48584838414e-05,0.000228717615514,0.000208957353858,0.000105109183161,3.48584838414e-05,7.52943250974e-06,3.48584838414e-05,0.252788040807,0.493726641693,0.252788040547
29,0.0802860676354,0.0385111892447,0.100649644531,0.091666196707,0.333973472026,0.0227802358766,0.0179053046622,0.0135760088849,0.0854540116758,0.0593841560058,0.0839335050656,0.0718802076843,1,0.4,49,15,10,3,20,5.29229891484e-06,1.14313656561e-06,5.29229891484e-06,1.040370281e-05,2.56030970751e-05,2.70385638424e-05,5.29229891484e-06,1.14313656561e-06,5.29229891484e-06,0.252942545439,0.494028408551,0.252942545178
30,0.0964256761394,0.00310085850979,0.0480113396059,0.173569586973,0.0491609538256,0.00357352557384,0.267981854413,0.0622119277739,0.00862743316193,0.15467995631,0.0211252594052,0.111531628309,1,0.4,49,15,10,3,20,0.000189619584469,4.09578302453e-05,0.000189619584469,0.00216994087313,0.0013717894378,0.000878760129658,0.000189619584469,4.09578302453e-05,0.000189619584469,0.251633610454,0.491471894912,0.251633610195
31,0.0375906165636,0.00233062115377,0.182894963774,0.111097030637,0.0911340963104,0.190816145848,0.0491091647116,0.0344401970207,0.0577613328358,0.0825499832821,0.0687490936714,0.0915267541913,1,0.4,49,15,10,3,20,0.000165641587674,3.57785829376e-05,0.000165641587674,0.00133178814553,0.000749561522583,0.00190534385008,0.000165641587674,3.57785829376e-05,0.000165641587674,0.251770228296,0.491738726633,0.251770228036
32,0.00397473395236,0.0314390292361,0.298453359788,0.0232493620642,0.126950728091,0.0980898850994,0.118719357087,0.0388317642586,0.0255901689196,0.00606408028105,0.201631220477,0.0270063107456,1,0.4,49,15,10,3,20,0.000381653526948,8.24371618208e-05,0.000381653526948,0.0157073784406,0.00283396179646,0.00364934638801,0.000381653526948,8.24371618208e-05,0.000381653526948,0.246923086342,0.482271652514,0.246923086087
33,0.0638389138372,0.0494005017558,0.165846835807,0.0761684987392,0.0102685607903,0.125680150892,0.0969578374782,0.140173161684,0.0324330409315,0.112190407801,0.110250198887,0.0167918913963,1,0.4,49,15,10,3,20,0.000319152565891,6.89369542325e-05,0.000319152565891,0.0253854421496,0.00322325271822,0.00266789432448,0.000319152565891,6.89369542325e-05,0.000319152565891,0.244694748428,0.477919430031,0.244694748176
34,0.0245056828825,0.0537166578815,0.0984982512011,0.171135960585,0.0795673309258,0.0167271816703,0.0975093183577,0.122425362731,0.0128782757265,0.172890294232,0.0206268629794,0.129518820827,1,0.4,49,15,10,3,20,0.000228349545309,4.93235017867e-05,0.000228349545309,0.0135487110873,0.00250010694367,0.00194859640328,0.000228349545309,4.93235017867e-05,0.000228349545309,0.248155710011,0.484679120615,0.248155709755
35,0.0419182942301,0.0693740001958,0.0870224536052,0.048464548612,0.259863264953,0.21074401941,0.0223257970597,0.0626546982455,0.0419618751284,0.0645183529376,0.0180891649243,0.0730635306983,1,0.4,49,15,10,3,20,0.000710805566621,0.00015353400239,0.000710805566621,0.0122137211247,0.00506868979947,0.00296707034121,0.000710805566621,0.00015353400239,0.000710805566621,0.247045117272,0.482509994174,0.247045117017
36,0.192410811027,0.133183715618,0.0190014410844,0.0930987737293,0.025641669196,0.160216362796,0.0799540265938,0.00408493207725,0.101838830496,0.0231199406648,0.0841256036776,0.083323893039,1,0.4,49,15,10,3,20,2.32944168517e-06,5.03159403996e-07,2.32944168517e-06,2.27974413868e-05,3.67568671273e-05,2.85353420283e-06,2.32944168517e-06,5.03159403996e-07,2.32944168517e-06,0.252946028482,0.494035211369,0.252946028221
37,0.205550896767,0.120913202661,8.00816837005e-05,0.152569473611,0.0429608922803,0.00199942762321,0.00940632399106,0.0567675200043,0.0108887094828,0.0313648210766,0.00669594329154,0.360802707528,1,0.4,49,15,10,3,20,3.24270003465e-07,7.00423207485e-08,3.24270003465e-07,1.09361114206e-06,4.78551084688e-06,6.2275500484e-07,3.24270003465e-07,7.00423207485e-08,3.24270003465e-07,0.252962418777,0.494067223665,0.252962418516
38,0.123840363872,0.188932615754,0.0738117671671,0.0854809910197,0.0214287779636,0.0214670883275,0.0018736496923,0.174792265335,0.163655756009,0.101414486367,0.0348460045465,0.00845623394699,1,0.4,49,15,10,3,20,0.00058119086214,0.000125537226222,0.00058119086214,0.0544407133023,0.00624415773624,0.00611877649858,0.00058119086214,0.000125537226222,0.00058119086214,0.235413885288,0.459792744229,0.235413885045
39,0.137328941875,0.0345127209519,0.170004252759,0.264463070893,0.0970936497805,0.0669389364778,0.0514058279905,0.0196189819515,0.0316352939404,0.0643266791208,0.0135840770038,0.0490875672555,1,0.4,49,15,10,3,20,0.000744475247916,0.00016080665355,0.000744475247916,0.0194475725544,0.00797625903464,0.00783237965797,0.000744475247916,0.00016080665355,0.000744475247916,0.243211200049,0.475021874607,0.243211199799
40,0.0355388274681,0.000981435249589,0.330462862699,0.0456724476142,0.0910348559735,0.115373125634,0.0553205762205,0.147184661273,0.0750480991457,0.0202899265537,0.0247542729034,0.0583389092656,1,0.4,49,15,10,3,20,0.000723066610985,0.000156182387973,0.000723066610985,0.0401749704132,0.0233912599128,0.00381407351992,0.000723066610985,0.000156182387973,0.000723066610985,0.235108949413,0.45919716635,0.235108949171
41,0.289907441908,0.242388048612,0.0193929007878,0.0611209905961,0.082362186219,0.0201135497384,0.000862681661516,0.0521723185677,0.0971578335337,0.0790962278049,0.0445354142283,0.0108904063431,1,0.4,49,15,10,3,20,0.000615516201679,0.000132951499563,0.000615516201679,0.0277672611747,0.0106599610285,0.00875269458772,0.000615516201679,0.000132951499563,0.000615516201679,0.240339507639,0.469413100373,0.240339507391
42,0.0542459261791,0.0380063746211,0.105184742756,0.070748218513,0.17264596949,0.007530269269,0.130668490741,0.0212369433681,0.214259130938,0.105990239658,0.0746491391805,0.00483455528539,1,0.4,49,15,10,3,20,0.000492914122461,0.000106469450452,0.000492914122461,0.0225700744909,0.00452663819608,0.00548724002174,0.000492914122461,0.000106469450452,0.000492914122461,0.244169221222,0.476893009708,0.24416922097
43,0.160065732692,0.0172309696419,0.0987871470931,0.191107942518,0.164173084292,0.0361720794028,0.100036635629,0.0145850395205,0.0847504615609,0.0496257352544,0.0288714278804,0.0545937445156,1,0.4,49,15,10,3,20,0.000530086432176,0.00011449866935,0.000530086432176,0.0590581630707,0.0075175776995,0.0118734868855,0.000530086432176,0.00011449866935,0.000530086432176,0.232525262921,0.454150903675,0.232525262681
44,0.112564688134,0.196678275425,0.0515373398934,0.0401241521909,0.0423959863061,0.0457764619638,0.123237323098,0.024773513767,0.00453559034946,0.261896503656,0.0850149125681,0.0114652526478,1,0.4,49,15,10,3,20,0.000118892636261,2.56808094323e-05,0.000118892636261,0.00390982700354,0.00186055729548,0.000978108097935,0.000118892636261,2.56808094323e-05,0.000118892636261,0.251124003466,0.490476568765,0.251124003208
45,0.11182685759,0.0151950454777,0.0496767391082,0.0325702835644,0.0612368059093,0.132539745658,0.0829089462615,0.164221482058,0.0779100361869,0.103210710855,0.1420323077,0.0266710396307,1,0.4,49,15,10,3,20,0.000212114048104,4.58166343905e-05,0.000212114048104,0.0100398314718,0.00129472399951,0.00416740482611,0.000212114048104,4.58166343905e-05,0.000212114048104,0.248805173375,0.485947603748,0.248805173119
46,0.0331452177556,0.282714854117,0.00560359324398,0.0949944922199,0.166164075823,0.0118170324756,0.0348242896191,0.0200147380729,0.0903558764185,0.191542973442,0.0524336265293,0.0163892302834,1,0.4,49,15,10,3,20,0.000100040048193,2.16086504096e-05,0.000100040048193,0.00496521666984,0.00446947152179,0.000330532321856,0.000100040048193,2.16086504096e-05,0.000100040048193,0.250382014926,0.489027372399,0.250382014668
47,0.0080988875188,0.198086600505,0.00846333769506,0.013365933183,0.111258401293,0.00476824143745,0.0657978591392,0.141956026571,0.118544780388,0.184050487093,0.0448920295858,0.10071741559,1,0.4,49,15,10,3,20,0.000109411887357,2.36329676691e-05,0.000109411887357,0.011905856592,0.00170001726875,0.00308444944581,0.000109411887357,2.36329676691e-05,0.000109411887357,0.248619703137,0.48558535719,0.248619702881
48,0.0899083915437,0.0385618794804,0.0618171685611,0.0819905247793,0.069581232386,0.175739779775,0.242670463905,0.0132162851944,0.195326707318,0.0185399956125,0.00227652565592,0.010371045788,1,0.4,49,15,10,3,20,0.00276301454152,0.000596811140969,0.00276301454152,0.314989258639,0.0365152484648,0.0139505725983,0.00276301454152,0.000596811140969,0.00276301454152,0.157419570676,0.30746009866,0.157419570514
49,0.00757483234639,0.286280819582,0.156766474133,0.0184177297119,0.0641475975425,0.00730517444063,0.0437665859087,0.00388357729009,0.0680943011184,0.132372361422,0.022043397413,0.189347149092,1,0.4,49,15,10,3,20,0.000204730342968,4.42217540812e-05,0.000204730342968,0.0150403403447,0.00149638431065,0.00139654150076,0.000204730342968,4.42217540812e-05,0.000204730342968,0.248198417636,0.484762533947,0.248198417381
50,0.0465722078635,0.00987513615538,0.122612173963,0.0268383010015,0.271260683828,0.255653059738,0.0493007657785,0.0298997395661,0.0322531019442,0.0673690690788,0.00933516558485,0.0790305954982,1,0.4,49,15,10,3,20,7.3185771931e-06,1.58081267371e-06,7.3185771931e-06,2.5062319067e-05,7.55862175673e-05,0.000133317323966,7.3185771931e-06,1.58081267371e-06,7.3185771931e-06,0.252897036895,0.493939524676,0.252897036634
51,0.0924690138006,0.161034022152,0.0682410995245,0.056950711418,0.0155857123029,0.0215031239515,0.0842891182731,0.0224252390141,0.0547931040972,0.0926302254388,0.0542941201614,0.275784509866,1,0.4,49,15,10,3,20,8.22490163193e-05,1.7765787525e-05,8.22490163193e-05,0.00925322447519,0.000621037394879,0.00029896839575,8.22490163193e-05,1.7765787525e-05,8.22490163193e-05,0.250298749181,0.48886474399,0.250298748923
52,0.056007539195,0.210927597194,0.160038784178,0.0856922082817,0.0212055317621,0.00295612492849,0.224224310197,0.168562166663,0.0499254421181,0.00749433951406,0.000997590507972,0.011968365461,1,0.4,49,15,10,3,20,0.00653749651652,0.00141209924757,0.00653749651652,0.257773504585,0.097196556529,0.0431929952136,0.00653749651652,0.00141209924757,0.00653749651652,0.14491389965,0.283034959962,0.1449138995
53,0.00502292695842,0.0539075959217,0.109359442067,0.168747621191,0.0341610794689,0.193584918839,0.0214902306746,0.0606059339162,0.151408768979,0.0596597284228,0.113458476333,0.0285932772281,1,0.4,49,15,10,3,20,0.000205032297268,4.42869762098e-05,0.000205032297268,0.00828530984817,0.00769406481069,0.00162325426721,0.000205032297268,4.42869762098e-05,0.000205032297268,0.248281718561,0.484925231066,0.248281718306
54,0.0341964371488,0.0176063020136,0.206560577731,0.0226512162654,0.0286294264225,0.0303413648323,0.297579776126,0.119458694737,0.0935831103445,0.0325852953009,0.00545256121145,0.111355237867,1,0.4,49,15,10,3,20,0.000286355194284,6.18527219654e-05,0.000286355194284,0.0188840064863,0.012525806259,0.00375104412978,0.000286355194284,6.18527219654e-05,0.000286355194284,0.24374893727,0.476072142615,0.243748937019
55,0.116927035259,0.0425813020927,0.00152848757759,0.0404841033575,0.00733357679828,0.289210210812,0.00150085074764,0.0932657316012,0.0293580506791,0.237725984647,0.0990290511514,0.0410556152758,1,0.4,49,15,10,3,20,0.000143591279579,3.10157163892e-05,0.000143591279579,0.0039543937646,0.000595549656849,0.00158509968188,0.000143591279579,3.10157163892e-05,0.000143591279579,0.25125149372,0.490725573165,0.251251493461
56,0.292635692789,0.00811083081002,0.0688883238542,0.0168812962643,0.197635479187,0.14273787347,0.0152997683944,0.00884285089481,0.136465042994,0.0461623617082,0.0522439326076,0.0140965470255,1,0.4,49,15,10,3,20,0.00129581929951,0.000279896968695,0.00129581929951,0.0459907789813,0.0109019953341,0.00763245546024,0.00129581929951,0.000279896968695,0.00129581929951,0.235189046591,0.459353606149,0.235189046349
57,0.0411695537652,0.135896804226,0.0162849411815,0.0303900739085,0.00662303554246,0.1363467607,0.00522566589857,0.0496411678273,0.0371743295837,0.2921923241,0.189133785875,0.0599215573916,1,0.4,49,15,10,3,20,4.33660074749e-05,9.36705761458e-06,4.33660074749e-05,0.00540893444687,0.000701082746283,0.000415126970809,4.33660074749e-05,9.36705761458e-06,4.33660074749e-05,0.251265178424,0.490752301103,0.251265178165
58,0.0164245368711,0.0565003156804,0.0169923724957,0.332943033744,0.00433359154086,0.00847802007848,0.0158747485213,0.0224007780222,0.0681840669296,0.0124059745848,0.27293742669,0.172525134842,1,0.4,49,15,10,3,20,0.000138709228806,2.99611934221e-05,0.000138709228806,0.00584396669015,0.00133323643961,0.00155892969498,0.000138709228806,2.99611934221e-05,0.000138709228806,0.250598984003,0.489451140126,0.250598983745
59,0.110455249112,0.0161296431539,0.115212684366,0.0962787720859,0.0634053748759,0.0237559684621,0.159396630796,0.116823162798,0.0416015986766,0.0450248689727,0.145406641246,0.0665094054539,1,0.4,49,15,10,3,20,0.000406733999604,8.78545439145e-05,0.000406733999604,0.0198820348029,0.00547430029001,0.00106680765826,0.000406733999604,8.78545439145e-05,0.000406733999604,0.245824306823,0.480125598769,0.24582430657
60,0.127526269143,0.0310765354387,0.0297415749663,0.0818687346264,0.113756758548,0.088760051469,0.01678485912,0.198654829773,0.206363691924,0.0395966583368,0.0309509287347,0.03491910792,1,0.4,49,15,10,3,20,0.000763722374487,0.000164964032889,0.000763722374487,0.00700521124947,0.0117273655579,0.00391144282056,0.000763722374487,0.000164964032889,0.000763722374487,0.246380057185,0.481211048693,0.246380056931
61,0.0127710341786,0.0582543915608,0.0339776312803,0.0619419716727,0.129568327043,0.195783208588,0.0162618539117,0.191232617811,0.0768644674527,0.0707554298012,0.0966827244746,0.055906342225,1,0.4,49,15,10,3,20,8.86040344233e-07,1.91384714354e-07,8.86040344233e-07,3.27416426575e-06,2.51449595517e-06,5.16483507531e-06,8.86040344233e-07,1.91384714354e-07,8.86040344233e-07,0.252960662854,0.494063794127,0.252960662593
62,0.0284913604924,0.0681185377531,0.0442363311335,0.0285486533634,0.0530976551745,0.138439327513,0.0337952021881,0.0739623322512,0.3737656846,0.088997802656,0.00919285627375,0.0593542566012,1,0.4,49,15,10,3,20,0.000427778316413,9.24001163452e-05,0.000427778316413,0.0157507338889,0.00206273344294,0.00798228677801,0.000427778316413,9.24001163452e-05,0.000427778316413,0.245959420241,0.480389492163,0.245959419988
63,0.0531955754681,0.00909420093237,0.0248552864755,0.0846695584609,0.0812333894336,0.0268141156549,0.126666465533,0.0209408799347,0.292208830623,0.158655131943,0.116728100004,0.00493846553704,1,0.4,49,15,10,3,20,8.45338463181e-05,1.82593108047e-05,8.45338463181e-05,0.000654994804927,0.00171343825512,0.000261522517997,8.45338463181e-05,1.82593108047e-05,8.45338463181e-05,0.25220436773,0.492586655215,0.25220436747
64,0.0579856259155,0.204158860798,0.0593345003317,0.00605660053526,0.0464014956578,0.174871260809,0.0264582403927,0.0579783252637,0.164136774395,0.179941165178,0.00788106721927,0.0147960835042,1,0.4,49,15,10,3,20,0.000228507795775,4.93576838874e-05,0.000228507795775,0.00851603399982,0.00404116917636,0.00307374406812,0.000228507795775,4.93576838874e-05,0.000228507795775,0.248754164607,0.485847977247,0.248754164351
65,0.00990114261591,0.131550747372,0.101440330448,0.0617541151984,0.143541810804,0.0347679269672,0.0325446967591,0.00154302168629,0.135372427857,0.0857620196423,0.203099893318,0.0587218673314,1,0.4,49,15,10,3,20,4.04950244932e-05,8.74692529053e-06,4.04950244932e-05,0.000764988050203,0.0019306673662,0.00012635365037,4.04950244932e-05,8.74692529053e-06,4.04950244932e-05,0.252205158641,0.492588199963,0.252205158381
66,0.0681754494901,0.0652536454887,0.243252462372,0.0207454621881,0.302678609332,0.0950764917732,0.065358892482,0.024047155282,0.00768052788238,0.0438901768663,0.0545730769277,0.00926804991546,1,0.4,49,15,10,3,20,0.000903092753246,0.000195068034701,0.000903092753246,0.070672696414,0.00990844504247,0.0107439714811,0.000903092753246,0.000195068034701,0.000903092753246,0.22884993029,0.446972519636,0.228849930054
67,0.000746966224511,0.146295848625,0.203218886959,0.0460368924149,0.0171900048681,0.00965598751808,0.0734044042972,0.088228219367,0.127998143042,0.0570329496982,0.0281431073287,0.202048589658,1,0.4,49,15,10,3,20,0.000177565197447,3.83540826486e-05,0.000177565197447,0.0182711874762,0.00267386611341,0.00252201237425,0.000177565197447,3.83540826486e-05,0.000177565197447,0.246829019025,0.482087927286,0.24682901877
68,0.217334431822,0.0494054888271,0.00303577893372,0.0212412968271,0.0924627740175,0.0364082288819,0.0960387543725,0.00210635236713,0.146264223532,0.187757558311,0.0320973180507,0.115847794058,1,0.4,49,15,10,3,20,0.000161676533204,3.4922131172e-05,0.000161676533204,0.0156714790556,0.00239313814666,0.000685360556178,0.000161676533204,3.4922131172e-05,0.000161676533204,0.248040087931,0.484453296241,0.248040087675
69,0.00339741345097,0.0579108961589,0.0868726651879,0.0343533944315,0.0391086214347,0.117387354109,0.111909890489,0.118882066417,0.26194332083,0.12043370159,0.0134812949205,0.0343193809802,1,0.4,49,15,10,3,20,0.000739583569622,0.000159750051038,0.000739583569622,0.0477782310442,0.00746134714481,0.00188233678586,0.000739583569622,0.000159750051038,0.000739583569622,0.237685439081,0.464229372727,0.237685438836
70,0.023400684759,0.120325074803,0.236652177068,0.0981192088403,0.0182281055667,0.0951078759776,0.0297292366504,0.188395979885,0.0496967357596,0.0327639500151,0.0457691819326,0.061811788743,1,0.4,49,15,10,3,20,0.000498290131073,0.000107630668312,0.000498290131073,0.0385095596591,0.0166317845744,0.00108761892775,0.000498290131073,0.000107630668312,0.000498290131073,0.23818184745,0.465198920322,0.238181847205
71,0.000140570755449,0.00792923671143,0.0628389785362,0.100343417242,0.108148025699,0.0170446850851,0.0136514304823,0.159664476552,0.114410967693,0.230413545384,0.151682542707,0.0337321231518,1,0.4,49,15,10,3,20,6.10331794708e-07,1.31831667657e-07,6.10331794708e-07,4.24861640924e-06,4.08120216038e-06,1.19612328018e-05,6.10331794708e-07,1.31831667657e-07,6.10331794708e-07,0.252958609892,0.494059784436,0.252958609631
72,0.0925923349819,0.0332248856832,0.0672769891279,0.0852476279198,0.123398798938,0.115551910634,0.000503631670843,0.198025263024,0.0275180191985,0.0807666409741,0.0392180232755,0.136675874573,1,0.4,49,15,10,3,20,0.000167391893155,3.61566489216e-05,0.000167391893155,0.0317031920008,0.0033729915319,0.0055515254026,0.000167391893155,3.61566489216e-05,0.000167391893155,0.242499392489,0.473631625467,0.242499392239
73,0.0324976975603,0.218740674135,0.0462412962454,0.036852630694,0.0243104712684,0.172391174937,0.126179784516,0.0795678452265,0.00205452841923,0.138151125072,0.0337112645172,0.0893015074098,1,0.4,49,15,10,3,20,0.0002199556328,4.75104166848e-05,0.0002199556328,0.014553269723,0.00536058209324,0.000789791895479,0.0002199556328,4.75104166848e-05,0.0002199556328,0.247480541009,0.48336043116,0.247480540754
74,0.0197590795864,0.0743867252943,0.0253766012246,0.169693937914,0.170280749908,0.0630019063874,0.043515026565,0.0985244930587,0.083749392789,0.0906814106952,0.104965789705,0.0560648868728,1,0.4,49,15,10,3,20,3.42460954411e-06,7.39715661528e-07,3.42460954411e-06,3.32526321284e-06,1.34155419524e-05,5.47758219324e-06,3.42460954411e-06,7.39715661528e-07,3.42460954411e-06,0.252954967149,0.494052669705,0.252954966889
75,0.0226020874916,0.280740789509,0.00517606999463,0.212866896203,0.0162750860969,0.0764528986444,0.0376295969991,0.146049684339,0.0166241609372,0.0952250692273,0.0692591889854,0.0210984715721,1,0.4,49,15,10,3,20,0.000370245070303,7.99729351854e-05,0.000370245070303,0.0471629441433,0.0101594726893,0.00136295147988,0.000370245070303,7.99729351854e-05,0.000370245070303,0.237704020556,0.464265664669,0.237704020311
76,0.0924394567965,0.013401242597,0.103403494634,0.0419570308924,0.0242497171925,0.286565032697,0.149299421025,0.00475350896902,0.0579983895087,0.113102084548,0.109178612137,0.00365200900251,1,0.4,49,15,10,3,20,0.000259081131879,5.59615244858e-05,0.000259081131879,0.0118297562933,0.00236170499678,0.00484738635812,0.000259081131879,5.59615244858e-05,0.000259081131879,0.247857810094,0.484097284842,0.247857809839
77,0.0112324430882,0.0683499263889,0.038389931769,0.0267030387113,0.26167368806,0.0590627635389,0.113643181681,0.143725837009,0.0835563280447,0.05293282447,0.0785848972049,0.0621451400339,1,0.4,49,15,10,3,20,0.000471718935725,0.000101891290117,0.000471718935725,0.0243081708031,0.00306890229924,0.00539092943352,0.000471718935725,0.000101891290117,0.000471718935725,0.244146425899,0.476848487594,0.244146425648
78,0.152843968094,0.00780768252881,0.0468777353394,0.236383448569,0.0138406996966,0.00535944848675,0.00864789682093,0.0733348264963,0.00521225655436,0.25250531664,0.146835274998,0.0503514457765,1,0.4,49,15,10,3,20,0.000163823984027,3.53859805499e-05,0.000163823984027,0.00960458574916,0.00144609661078,0.00116390629367,0.000163823984027,3.53859805499e-05,0.000163823984027,0.249690901302,0.487677541103,0.249690901045
79,0.0444604245594,0.112570591042,0.0335155072203,0.235217552079,0.00187658788191,0.17419156083,0.234348503139,0.0514204095703,0.0222931173819,0.0367768524752,0.0368739759537,0.0164549178679,1,0.4,49,15,10,3,20,0.00206342579048,0.000445699970744,0.00206342579048,0.0508731720495,0.0119798470635,0.00959253329011,0.00206342579048,0.000445699970744,0.00206342579048,0.232324893648,0.453759557438,0.232324893408
80,0.0121440173786,0.188342645179,0.104370007669,0.0699745140039,0.0354467790545,0.102798958151,0.0192958644054,0.0810340098922,0.0150760054708,0.121582566246,0.0503968407372,0.199537791812,1,0.4,49,15,10,3,20,0.000101700987764,2.1967413357e-05,0.000101700987764,0.00113818257552,0.000865860921952,0.000323593696302,0.000101700987764,2.1967413357e-05,0.000101700987764,0.252261596786,0.492698430716,0.252261596526
81,0.0289583431638,0.213916583956,0.109106847817,0.0543370512057,0.0113714348586,0.157445998309,0.0364464064106,0.113887348723,0.0268347492147,0.0177311544485,0.163410175186,0.0665539067074,1,0.4,49,15,10,3,20,0.000248241905067,5.36202514945e-05,0.000248241905067,0.0334878492465,0.00544742629737,0.000435744670461,0.000248241905067,5.36202514945e-05,0.000248241905067,0.242726645983,0.474075479947,0.242726645733
82,0.00217672736736,0.139910836847,0.00499695824368,0.0638713512975,0.0164674808765,0.0682960653317,0.164656944527,0.0397520461394,0.0728853383508,0.106845192637,0.219939756037,0.100201302346,1,0.4,49,15,10,3,20,8.36102887046e-05,1.80598223602e-05,8.36102887046e-05,0.019132026605,0.00149791986749,0.000412401790436,8.36102887046e-05,1.80598223602e-05,8.36102887046e-05,0.247547722799,0.483491645594,0.247547722544
83,0.052995577947,0.122023474711,0.0270923580619,0.0637881793288,0.0365641515251,0.0234468203438,0.0163539879553,0.0341255656077,0.00430127167623,0.204996271933,0.148937379121,0.265374961788,1,0.4,49,15,10,3,20,3.68989625899e-05,7.97017591941e-06,3.68989625899e-05,0.00554998695115,0.00053657302066,0.000156096552403,3.68989625899e-05,7.97017591941e-06,3.68989625899e-05,0.251343888199,0.490906031134,0.25134388794
84,0.147314243121,0.188887613279,0.161069636624,0.0260728400525,0.0612548991052,0.0181573314476,0.0524176400249,0.0313720195526,0.0520896339643,0.0521638279386,0.00257132789534,0.206628986995,1,0.4,49,15,10,3,20,0.000276082984529,5.96339246582e-05,0.000276082984529,0.009568443225,0.00401411751207,0.000780063079344,0.000276082984529,5.96339246582e-05,0.000276082984529,0.249021666948,0.486370442757,0.249021666691
85,0.0169779232652,0.168493661356,0.0189344362718,0.0555965125449,0.0518626283019,0.120647686412,0.00728464978501,0.115667051763,0.0332611130722,0.00876599348331,0.309395337871,0.0931130058745,1,0.4,49,15,10,3,20,8.03508737466e-05,1.73557887293e-05,8.03508737466e-05,0.00859754350136,0.000694286122906,0.000307116528713,8.03508737466e-05,1.73557887293e-05,8.03508737466e-05,0.250446150713,0.489152637607,0.250446150455
86,0.106284605407,0.100214312538,0.0928494299497,0.10750848881,0.0844845002767,0.182024090195,0.0192109769942,0.0504979449381,0.00123395997169,0.00147066289836,0.0421189779574,0.212102050063,1,0.4,49,15,10,3,20,0.000227562234336,4.91534426165e-05,0.000227562234336,0.00712804094265,0.00180069427089,0.00344822920346,0.000227562234336,4.91534426165e-05,0.000227562234336,0.249578366614,0.48745774679,0.249578366357
87,0.091127038546,0.0500029953327,0.0208949957944,0.171883035848,0.00521488777852,0.00635489136209,0.017530458363,0.0942305313448,0.0465226202195,0.0348194303771,0.430218902901,0.0312002121329,1,0.4,49,15,10,3,20,5.57912651975e-05,1.20509132827e-05,5.57912651975e-05,0.00319249228706,0.000998543134858,0.0010385555822,5.57912651975e-05,1.20509132827e-05,5.57912651975e-05,0.251578976854,0.491365188661,0.251578976594
88,0.102529621728,0.00777661002047,0.033159124075,0.0182236129382,0.0819546757702,0.125278707973,0.113458497705,0.0154411744351,0.040088161771,0.114021257126,0.246420074971,0.101648481488,1,0.4,49,15,10,3,20,5.85072650318e-05,1.26375692469e-05,5.85072650318e-05,0.00138774291743,0.00132675857903,9.94113903079e-05,5.85072650318e-05,1.26375692469e-05,5.85072650318e-05,0.252187012473,0.492552758229,0.252187012213
89,0.0614301703819,0.0535155547822,0.0894781560121,0.0304461530816,0.363751533352,0.0581774432289,0.125020497099,0.0173949084319,0.0220438379715,0.0476512332229,0.0427894698123,0.0883010426231,1,0.4,49,15,10,3,20,0.000653164104007,0.000141083446466,0.000653164104007,0.0501297766895,0.00804182012766,0.00245072155486,0.000653164104007,0.000141083446466,0.000653164104007,0.236896849718,0.462689159128,0.236896849474
90,0.0155870802196,0.138854891366,0.0688590805863,0.0388921724857,0.156444621844,0.0194768643995,0.105533749569,0.0371179361452,0.213646327442,0.00972328275199,0.0391780849165,0.156685908274,1,0.4,49,15,10,3,20,0.000154144530895,3.32952186733e-05,0.000154144530895,0.0578797904272,0.00380654239093,0.000434967103925,0.000154144530895,3.32952186733e-05,0.000154144530895,0.237077130685,0.463041270392,0.237077130441
91,0.000943242954679,0.0471430515696,0.128652590362,0.1234438029,0.0360306845804,0.128258051495,0.00791386648617,0.0277292024048,0.0690177582665,0.129757300908,0.132788658262,0.168321789811,1,0.4,49,15,10,3,20,0.000113887340192,2.45996654816e-05,0.000113887340192,0.00202296796628,0.000865943269359,0.000760937959234,0.000113887340192,2.45996654816e-05,0.000113887340192,0.251913461598,0.492018479177,0.251913461339
92,0.0532668622558,0.124598780452,0.236817610903,0.0865451552299,0.0184352599527,0.124537549754,0.0966866321791,0.0211571667252,0.0370257631834,0.0478191480661,0.0476004044718,0.105509666827,1,0.4,49,15,10,3,20,0.000394181256474,8.51431513985e-05,0.000394181256474,0.00604494823181,0.00378210702579,0.00119658807016,0.000394181256474,8.51431513985e-05,0.000394181256474,0.249733905734,0.487761534134,0.249733905476
93,0.0236843934294,0.070151885904,0.0745168661807,0.00284019159119,0.0515832145906,0.110004782034,0.206579463491,0.286793480346,0.0103901986564,0.0229953556282,0.076829820319,0.0636303478303,1,0.4,49,15,10,3,20,0.000415698299667,8.97908327281e-05,0.000415698299667,0.0790376688663,0.00751982539329,0.00203693695227,0.000415698299667,8.97908327281e-05,0.000415698299667,0.230087132237,0.449388929687,0.230087132
94,0.0860700828061,0.13706756542,0.00963106588452,0.0486188278706,0.0351339665895,0.100230693539,0.136587276449,0.177956693452,0.0208912968394,0.128753011552,0.00370545745545,0.115354062142,1,0.4,49,15,10,3,20,0.000297036393481,6.41598609918e-05,0.000297036393481,0.0217606750754,0.00561528953765,0.00113876030499,0.000297036393481,6.41598609918e-05,0.000297036393481,0.245418197131,0.479332415777,0.245418196878
