run_ID,t1_initial,t2_initial,t3_initial,t4_initial,t5_initial,t6_initial,t7_initial,t8_initial,t9_initial,t10_initial,t11_initial,t12_initial,alpha,prior_cost_c,lambda,k,sample_amount,learning_parameter,generations,t1_final,t2_final,t3_final,t4_final,t5_final,t6_final,t7_final,t8_final,t9_final,t10_final,t11_final,t12_final
0,0.154668858488,0.0042171191627,0.0211995094434,0.000666884044818,0.0225506757224,0.0113275972639,0.0699115949626,0.0459272360545,0.198555036253,0.17879298185,0.158929985413,0.133252521342,1,0.4,47,18,10,3,20,2.94455947421e-05,6.3602484643e-06,2.94455947421e-05,0.00037135202891,0.00039413851537,0.000340314259741,2.94455947421e-05,6.3602484643e-06,2.94455947421e-05,0.252651685648,0.493460321873,0.252651684799
1,0.000552440563515,0.193427428689,0.00635599996832,0.00817968323113,0.0100640464806,0.13151757478,0.0682309102179,0.0580633299587,0.168249495499,0.128916696677,0.0293875778725,0.197054816061,1,0.4,47,18,10,3,20,0.000142206912035,3.07166929995e-05,0.000142206912035,0.0116115071025,0.00315914317468,0.00111511844588,0.000142206912035,3.07166929995e-05,0.000142206912035,0.2487864595,0.485911052078,0.248786458664
2,0.0188500847154,0.00732702934309,0.0897704346374,0.033151512838,0.0566258007884,0.0525883976663,0.163825662847,0.150868118522,0.0356759486205,0.126561677197,0.0130200402211,0.251735292604,1,0.4,47,18,10,3,20,0.000149839966206,3.23654327004e-05,0.000149839966206,0.00352097188699,0.000850893820284,0.000303185212175,0.000149839966206,3.23654327004e-05,0.000149839966206,0.251613814602,0.491433229992,0.251613813756
3,0.102248754357,0.0253247042493,0.111443279188,0.0115765117775,0.0104210001445,0.126198944148,0.129927132674,0.133566067081,0.133381591946,0.0981362271316,0.0768608683963,0.040914918906,1,0.4,47,18,10,3,20,0.000291561767435,6.2977341766e-05,0.000291561767435,0.0129342781926,0.00769904254876,0.000729072036996,0.000291561767435,6.2977341766e-05,0.000291561767435,0.247233620976,0.482878164347,0.247233620145
4,0.029257452196,0.079409412345,0.157682591167,0.169636247017,0.0520252088825,0.0739016070065,0.110136511844,0.0444138352851,0.0408373420389,0.201242545635,0.0255423939022,0.0159148526818,1,0.4,47,18,10,3,20,0.000110786118641,2.39298016264e-05,0.000110786118641,0.0377425053391,0.00536214717875,0.000446002975968,0.000110786118641,2.39298016264e-05,0.000110786118641,0.241823454312,0.472311432616,0.2418234535
5,0.146765845566,0.00653531146452,0.16930617691,0.191877217364,0.0439138980238,0.00311250664445,0.119421831562,0.175173390359,0.0645453897877,0.0471907335669,0.0299450185439,0.00221268020786,1,0.4,47,18,10,3,20,0.000854271584354,0.000184522662221,0.000854271584354,0.130934350495,0.0117808323705,0.00966845727802,0.000854271584354,0.000184522662221,0.000854271584354,0.213459030593,0.416912167726,0.213459029876
6,0.0741900266004,0.0265187122703,0.0547866914239,0.000850074899062,0.0582684161915,0.188217520386,0.0520542239121,0.13226954875,0.270264426641,0.0859749937412,0.0461693330082,0.0104360321762,1,0.4,47,18,10,3,20,0.00064458846214,0.000139231107822,0.00064458846214,0.0330544376851,0.00677688969451,0.00333788235154,0.00064458846214,0.000139231107822,0.00064458846214,0.241321480247,0.471331014523,0.241321479436
7,0.211539597236,0.107323158312,0.159773292345,0.043325198588,0.0839982380434,0.139342641054,0.0588749295095,0.00680675504127,0.0299773239876,0.0340017872899,0.117138674657,0.00789840393617,1,0.4,47,18,10,3,20,0.000234227072655,5.05930476935e-05,0.000234227072655,0.0143892779492,0.0141465865229,0.000736662153165,0.000234227072655,5.05930476935e-05,0.000234227072655,0.245296918621,0.479095542571,0.245296917796
8,0.0147807010383,0.079702207259,0.293564469881,0.0633713974132,0.177543914581,0.181484427105,0.0245882964139,0.0358500982082,0.018911426273,0.0549007678243,0.0246684767154,0.0306338172886,1,0.4,47,18,10,3,20,0.000899292125533,0.000194247099115,0.000899292125533,0.0978502880149,0.00662634665755,0.00801476863138,0.000899292125533,0.000194247099115,0.000899292125533,0.223499873193,0.436523188362,0.223499872441
9,0.0645632951762,0.0944521111066,0.169060587913,0.00965837261687,0.121325261168,0.0746185892603,0.0947307188186,0.0115687956296,0.137050714029,0.0358543517024,0.0666924800097,0.12042472257,1,0.4,47,18,10,3,20,0.000128931317778,2.784916464e-05,0.000128931317778,0.0373367030555,0.00448852392343,0.00150361693319,0.000128931317778,2.784916464e-05,0.000128931317778,0.241859221474,0.472381290353,0.241859220661
10,0.148037394623,0.0294928038954,0.18285661407,0.129058111456,0.0568079205501,0.243275021149,0.0257919396542,0.0014562391414,0.0740810902271,0.0707524792958,0.00221278022171,0.0361776057162,1,0.4,47,18,10,3,20,0.000854142982046,0.000184494884122,0.000854142982046,0.0313469555534,0.0152558822235,0.00536855907809,0.000854142982046,0.000184494884122,0.000854142982046,0.238859900413,0.466523241426,0.23885989961
11,0.355987330382,0.0260547775444,0.0732756074177,0.0452670820922,0.170265484915,0.0612035217573,0.00182017562092,0.0441030353155,0.0225881779289,0.0828840881559,0.0649433717275,0.0516073471429,1,0.4,47,18,10,3,20,0.000291024509478,6.28612940473e-05,0.000291024509478,0.0541507827731,0.00710734099126,0.00100185059465,0.000291024509478,6.28612940473e-05,0.000291024509478,0.236888590006,0.4626730258,0.236888589209
12,0.0127047537965,0.101809094166,0.0421820283113,0.0222147278855,0.108788419787,0.0429272154338,0.0179284754201,0.33460347327,0.156674435409,0.111082300668,0.0035872558668,0.0454978199852,1,0.4,47,18,10,3,20,0.000408633331422,8.82647995871e-05,0.000408633331422,0.0284763201616,0.00382812669798,0.00823943381594,0.000408633331422,8.82647995871e-05,0.000408633331422,0.242250133452,0.473144790309,0.242250132638
13,0.078092511246,0.0521993990147,0.0612657415102,0.203897597584,0.000198467000218,0.0142125414299,0.121894536656,0.235081408493,0.0932694895357,0.0529479772344,0.0470147124542,0.0399256178412,1,0.4,47,18,10,3,20,0.00043930285333,9.48894163193e-05,0.00043930285333,0.0343227343291,0.00487473764279,0.0127471022616,0.00043930285333,9.48894163193e-05,0.00043930285333,0.239331778756,0.467444878812,0.239331777952
14,0.186088799734,0.19149810327,0.0308489068625,0.130614555665,5.78260651082e-05,0.0253257598807,0.0843138971609,0.0619757822338,0.0643699047924,0.14610794755,0.0447947249601,0.0340037918248,1,0.4,47,18,10,3,20,0.00060423704177,0.000130515201022,0.00060423704177,0.0262150929405,0.00530676931335,0.000722514822961,0.00060423704177,0.000130515201022,0.00060423704177,0.244130313809,0.476817017556,0.244130312989
15,0.0670516020548,0.0852025170433,0.0154420683964,0.137355705907,0.0319812437025,0.0950707796627,0.0196957424868,0.110164683622,0.0535039831961,0.00193164967247,0.179772577732,0.202827446523,1,0.4,47,18,10,3,20,9.34267804209e-05,2.01801845709e-05,9.34267804209e-05,0.00317616219226,0.0016213919316,0.000730091631649,9.34267804209e-05,2.01801845709e-05,9.34267804209e-05,0.251461385423,0.491135516753,0.251461384578
16,0.125202364657,0.00487920421662,0.240195317774,0.00521548874105,0.0353590726904,0.23608850863,0.0231757164429,0.0488387223164,0.0191802278086,0.133643584585,0.0160434374741,0.112178354665,1,0.4,47,18,10,3,20,0.000214576768044,4.63485818974e-05,0.000214576768044,0.0408714977693,0.00249159699784,0.00299832473314,0.000214576768044,4.63485818974e-05,0.000214576768044,0.240996067328,0.470695442418,0.240996066518
17,0.142170226499,0.313059002551,0.051862593348,0.0115543396629,0.0397061080725,0.058584343443,0.0164820070903,0.106221692623,0.0920479631695,0.00833447011339,0.0453876255821,0.114589627846,1,0.4,47,18,10,3,20,9.4300655152e-05,2.03689415128e-05,9.4300655152e-05,0.0972750174042,0.00143258822607,0.00359436296079,9.4300655152e-05,2.03689415128e-05,9.4300655152e-05,0.226979944514,0.44332020264,0.226979943751
18,0.146066048974,0.0226308776711,0.109180301046,0.168857966992,0.0393535875795,0.047564067597,0.0235960153398,0.147037600046,0.00843331284515,0.0901256681621,0.044600704366,0.152553849382,1,0.4,47,18,10,3,20,0.000142740353427,3.08319163403e-05,0.000142740353427,0.0206914877586,0.00487814150839,0.00218222751418,0.000142740353427,3.08319163403e-05,0.000142740353427,0.245784163266,0.480047192266,0.24578416244
19,0.0485565999289,0.0176250478055,0.00542381068677,0.0584835553463,0.389339966411,0.0178002268991,0.0210018921407,0.0312501126262,0.0180486701095,0.142632818939,0.242883531934,0.00695376717389,1,0.4,47,18,10,3,20,5.21911820983e-05,1.12732953332e-05,5.21911820983e-05,0.00459120372578,0.00133947003828,0.000724083025535,5.21911820983e-05,1.12732953332e-05,5.21911820983e-05,0.251222497236,0.490668938264,0.251222496391
20,0.0175584945466,0.00229014084887,0.0596494046601,0.0476917833909,0.0277800536649,0.0561699269727,0.142675610997,0.0882796079815,0.023623260704,0.00868767665426,0.100829400499,0.42476463908,1,0.4,47,18,10,3,20,4.36030143259e-05,9.41825109439e-06,4.36030143259e-05,0.00635768986139,0.000588030699437,0.000676696028274,4.36030143259e-05,9.41825109439e-06,4.36030143259e-05,0.250987342253,0.49020965119,0.250987341409
21,0.00967552676228,0.0794080674681,0.0821181108799,0.00767293323795,0.235523861774,0.110172235619,0.0165183696921,0.115105330372,0.0406775368452,0.00931405064814,0.271225732098,0.022588244603,1,0.4,47,18,10,3,20,0.000160074874031,3.45761727908e-05,0.000160074874031,0.0106779687702,0.00427038707009,0.000718200686608,0.000160074874031,3.45761727908e-05,0.000160074874031,0.248821879931,0.485980232606,0.248821879094
22,0.0530530610899,0.0633424061226,0.0195258204735,0.0393275271587,0.0305855336141,0.11707811589,0.118334456233,0.0624150259401,0.0359201498001,0.124310099388,0.0895227314888,0.246585072801,1,0.4,47,18,10,3,20,3.77459520909e-05,8.15312565164e-06,3.77459520909e-05,0.000637820244503,0.000476272385018,0.000595041161576,3.77459520909e-05,8.15312565164e-06,3.77459520909e-05,0.252489759027,0.493144058943,0.252489758179
23,0.0234466279193,0.0231408109979,0.202261903537,0.164647845041,0.160735503162,0.0276073180406,0.000713105804931,0.0050747970294,0.0520378769622,0.00943888517041,0.0537682486253,0.27712707771,1,0.4,47,18,10,3,20,7.7582013548e-05,1.67577149264e-05,7.7582013548e-05,0.0270501295072,0.00405381545837,0.00158260904143,7.7582013548e-05,1.67577149264e-05,7.7582013548e-05,0.244608911921,0.47775177949,0.244608911099
24,0.0467210354015,3.45842574688e-05,0.0381755686026,0.041375279006,0.00501047394682,0.180115512938,0.164907443315,0.00369567846848,0.401109702911,0.061846478685,0.0101482508749,0.0468599915935,1,0.4,47,18,10,3,20,0.000345255102911,7.45751022288e-05,0.000345255102911,0.128306665175,0.00383998630004,0.00565529117141,0.000345255102911,7.45751022288e-05,0.000345255102911,0.217718359247,0.425231168975,0.217718358515
25,0.0479900150036,0.00637201266543,0.027955065702,0.0125977729361,0.0859276364624,0.0161884675868,0.00551307662581,0.0591304228843,0.296843112287,0.102639840514,0.232684319498,0.106158257834,1,0.4,47,18,10,3,20,4.84594437224e-05,1.0467239844e-05,4.84594437224e-05,0.0017049592381,0.00139727736623,0.0001139986137,4.84594437224e-05,1.0467239844e-05,4.84594437224e-05,0.252096504672,0.492375984032,0.252096503824
26,0.0474587336918,0.0109756600958,0.123918850305,0.0106834208297,0.192573014152,0.00679057808782,0.00855469330943,0.17668638208,0.00573386174806,0.150934623227,0.0108866121346,0.254803570338,1,0.4,47,18,10,3,20,0.00011127784715,2.40360149844e-05,0.00011127784715,0.0138739532534,0.000569834043879,0.00245410850588,0.00011127784715,2.40360149844e-05,0.00011127784715,0.248565103113,0.485478715387,0.248565102278
27,0.25460401601,0.00578203944627,0.102286546958,0.131513745978,0.034211642518,0.119969302978,0.0557778620377,0.00892585404323,0.0928458199865,0.024025036292,0.0669257553605,0.103132378393,1,0.4,47,18,10,3,20,0.000233980878596,5.05398697766e-05,0.000233980878596,0.0481899845091,0.00888152366218,0.000768564122353,0.000233980878596,5.05398697766e-05,0.000233980878596,0.238070621803,0.464981681646,0.238070621003
28,0.273609567344,0.0144036161616,0.0355618817065,0.047080329752,0.00329101299899,0.0416282020199,0.0174208370881,0.1886748137,0.10420795697,0.0928861327323,0.115393360198,0.0658422893289,1,0.4,47,18,10,3,20,0.000103505842901,2.23572620666e-05,0.000103505842901,0.00144743790427,0.000937133261411,0.00212733151458,0.000103505842901,2.23572620666e-05,0.000103505842901,0.251707032265,0.49161529574,0.251707031419
29,0.17797593436,0.00716189110261,0.059442371321,0.083048251041,0.0377472343547,0.0750369295217,0.107904429638,0.143942636532,0.0355729712674,0.00265043081245,0.146535719384,0.122981200665,1,0.4,47,18,10,3,20,0.000214585115263,4.63503848969e-05,0.000214585115263,0.0174746663252,0.00330075068844,0.00165640368951,0.000214585115263,4.63503848969e-05,0.000214585115263,0.24704939523,0.482518348437,0.2470493944
30,0.0683732689991,0.0102192417656,0.0509732234283,0.0449314803887,0.0896798810801,0.0719052294331,0.144238746918,0.138991919659,0.171855431108,0.0222210295294,0.00644628044517,0.180164267246,1,0.4,47,18,10,3,20,0.000164876011453,3.56132184738e-05,0.000164876011453,0.00173552932977,0.00343260572111,0.000565940731073,0.000164876011453,3.56132184738e-05,0.000164876011453,0.251329061497,0.490877071586,0.251329060652
31,0.274874024747,0.157022814233,0.096361936044,0.174767494201,0.0198822465124,0.0203589928183,0.0580741189905,0.099680226649,0.0270480887973,0.0347175154738,0.0366431184895,0.000569423044925,1,0.4,47,18,10,3,20,0.00194705812648,0.000420564555321,0.00194705812648,0.0649140027766,0.0260965301299,0.0100680422067,0.00194705812648,0.000420564555321,0.00194705812648,0.225212222104,0.439867619819,0.225212221347
32,0.113210635094,0.01222369596,0.001978872309,0.0257921306615,0.0130809063044,0.0409102631092,0.0638980132653,0.14004545075,0.0687356229012,0.153349425578,0.35621933391,0.0105556501567,1,0.4,47,18,10,3,20,2.62547318628e-05,5.67102208237e-06,2.62547318628e-05,0.00203664717489,0.000413554177413,0.000694240246114,2.62547318628e-05,5.67102208237e-06,2.62547318628e-05,0.252139560457,0.492460077363,0.25213955961
33,0.181296331454,0.0814418885095,0.117470660334,0.23199389765,0.0312678109745,0.0587280915076,0.0411594339725,0.0411705417496,0.0766491642126,0.0215343972912,0.0322516272372,0.0850361551063,1,0.4,47,18,10,3,20,0.000485336851237,0.000104832759867,0.000485336851237,0.0379229804909,0.00838843435403,0.00781032546282,0.000485336851237,0.000104832759867,0.000485336851237,0.238729422707,0.466268402157,0.238729421904
34,0.0566574076886,0.00312827684583,0.107546139917,0.133026721038,0.0916079827286,0.28138226161,0.0918358369396,0.0303230850504,0.00662250967954,0.0377414666323,0.00408897810815,0.156039333762,1,0.4,47,18,10,3,20,0.000119080034875,2.57212875331e-05,0.000119080034875,0.0789213583755,0.00370380409158,0.0018472268942,0.000119080034875,2.57212875331e-05,0.000119080034875,0.231462412704,0.452075023294,0.231462411926
35,0.115044657515,0.110500431009,0.00919360102802,0.0623572886346,0.0620574777626,0.0898235252666,0.137568359805,0.114347749747,0.128503440364,0.0849284062503,0.0282890286965,0.057386033923,1,0.4,47,18,10,3,20,0.000326150997171,7.04486153889e-05,0.000326150997171,0.0454668993417,0.00390157313698,0.00435206405307,0.000326150997171,7.04486153889e-05,0.000326150997171,0.239009382355,0.466815198343,0.239009381551
36,0.0411203998054,0.00292488945027,0.0754857984931,0.00926628292855,0.183029788456,0.106002225504,0.206244420741,0.0655256647838,0.159615448796,0.0426321754471,0.0016443207091,0.106508584885,1,0.4,47,18,10,3,20,0.000164258879429,3.54799179566e-05,0.000164258879429,0.0490735664112,0.0149126617856,0.00105339521952,0.000164258879429,3.54799179566e-05,0.000164258879429,0.236327559482,0.461577263061,0.236327558687
37,0.0144203549449,0.0269228352248,0.0154647565102,0.128195299663,0.0213156577702,0.00548714940323,0.0367245961136,0.00601256003417,0.0836377161308,0.24224178002,0.0883810457397,0.331196248445,1,0.4,47,18,10,3,20,1.29430702009e-05,2.7957031634e-06,1.29430702009e-05,0.00950555721201,0.000824336398698,0.00020192938913,1.29430702009e-05,2.7957031634e-06,1.29430702009e-05,0.250285739965,0.488839334225,0.250285739123
38,0.00891465935632,0.116136653581,0.0639057232293,0.0223405704021,0.171945878918,0.0543118867989,0.01424486869,0.00247010928659,0.0242949265046,0.272893842772,0.106797770476,0.141743109985,1,0.4,47,18,10,3,20,7.32813764461e-05,1.58287773123e-05,7.32813764461e-05,0.00331258612121,0.0010354742896,8.73322836362e-05,7.32813764461e-05,1.58287773123e-05,7.32813764461e-05,0.251760272378,0.491719280335,0.251760271532
39,0.0550880442774,0.0330318876353,0.109713270989,0.0292749838499,0.180572496115,0.0558680720411,0.18094456104,0.174308163641,0.0448136748164,0.0524256253625,0.0182955996343,0.065663620599,1,0.4,47,18,10,3,20,0.000682404211634,0.000147399309713,0.000682404211634,0.0177057961101,0.00283249207179,0.0127257246533,0.000682404211634,0.000147399309713,0.000682404211634,0.243784746022,0.476142080474,0.243784745203
40,0.0102105269513,0.0814473757254,0.116012314331,0.184847739416,0.175137914217,0.0714708397248,0.00255387063516,0.0301670539224,0.178679118331,0.0315978571715,0.0522958899301,0.065579499644,1,0.4,47,18,10,3,20,0.00027426510207,5.92412620472e-05,0.00027426510207,0.0379209354529,0.0145118652985,0.00127074941249,0.00027426510207,5.92412620472e-05,0.00027426510207,0.239071850568,0.466937206571,0.239071849764
41,0.125741476975,0.0504821607355,0.0672820275815,0.0366680548848,0.265361381492,0.021881277192,0.0823853938352,0.026977736593,0.178890185074,0.019082073616,0.0664136269547,0.0588346050668,1,0.4,47,18,10,3,20,0.000297688173428,6.43006454603e-05,0.000297688173428,0.109702622055,0.000999423116444,0.00877893945191,0.000297688173428,6.43006454603e-05,0.000297688173428,0.222406239013,0.434387184113,0.222406238266
42,0.113793200884,0.0425799084979,0.076093784349,0.00743636191325,0.09518281537,0.0172514429695,0.0187379748121,0.134476117537,0.454312984257,0.00662817270404,0.00464860847838,0.0288586282276,1,0.4,47,18,10,3,20,0.00277030207235,0.000598385247627,0.00277030207235,0.247006173254,0.0130585097752,0.0509729456077,0.00277030207235,0.000598385247627,0.00277030207235,0.171177079975,0.334330233203,0.1711770794
43,0.0769561645409,0.0331597919259,0.209740625072,0.0718085121737,0.0863527628989,0.114838193073,0.0563389887547,0.0843788265407,0.0515334889336,0.0226651055121,0.105720169359,0.086507371216,1,0.4,47,18,10,3,20,0.000223722392319,4.83240367409e-05,0.000223722392319,0.00590104927709,0.00370304807908,0.0024098671591,0.000223722392319,4.83240367409e-05,0.000223722392319,0.249674498105,0.487645502472,0.249674497266
44,0.136409462327,0.06748129942,0.0169700206101,0.0209623045902,0.125332296602,0.00147703576787,0.00488251796731,0.0322988720447,0.30752529556,0.058818557653,0.0676880746742,0.160154262784,1,0.4,47,18,10,3,20,0.000167469882502,3.61734946205e-05,0.000167469882502,0.00554095826068,0.000472419697601,0.00397069582012,0.000167469882502,3.61734946205e-05,0.000167469882502,0.250251055098,0.488771590346,0.250251054257
45,0.0940565779124,0.101508954983,0.021579227834,0.0953205064415,0.00871636284085,0.104403882313,0.00153475675707,0.0797241606228,0.153669228901,0.263497508502,0.07222375054,0.00376508235216,1,0.4,47,18,10,3,20,9.71073016042e-05,2.09751771465e-05,9.71073016042e-05,0.0136793641382,0.00332744350514,0.000900226295416,9.71073016042e-05,2.09751771465e-05,9.71073016042e-05,0.248325714205,0.485011158926,0.24832571337
46,0.280280845506,0.0663774823326,0.0731821508481,0.0591588558178,0.0267102697898,0.0862778991987,0.0200819511741,0.0280062343189,0.108464338645,0.0408307535146,0.144183049763,0.0664461690908,1,0.4,47,18,10,3,20,0.000127706559741,2.7584616904e-05,0.000127706559741,0.0417985229004,0.00417658905652,0.00172518184002,0.000127706559741,2.7584616904e-05,0.000127706559741,0.240754773279,0.470224164981,0.24075477247
47,0.0133205735888,0.143636572681,0.00463159411449,0.0349126979171,0.19741724887,0.141757765591,0.0109930052242,0.06122929573,0.27766499364,0.00493328148402,0.0274576153602,0.0820453557994,1,0.4,47,18,10,3,20,0.0007774543864,0.000167930147462,0.0007774543864,0.072923791889,0.0161104596653,0.00380442711484,0.0007774543864,0.000167930147462,0.0007774543864,0.22860791039,0.446499823479,0.228607909621
48,0.047908981855,0.0935162036145,0.0814786686474,0.216556103128,0.16229568474,0.104947231263,0.097589006987,0.126061273384,0.00750290243403,0.0178341291597,0.0265920147398,0.0177178000475,1,0.4,47,18,10,3,20,0.00146466575881,0.000316367803902,0.00146466575881,0.159397463037,0.0350497204269,0.00219145653183,0.00146466575881,0.000316367803902,0.00146466575881,0.201579753578,0.393710454883,0.2015797529
49,0.0365572243401,0.0383368398961,0.085820019029,0.400604765784,0.0114881491164,0.0939773513253,0.0455953893384,0.0258978968613,0.0967884881021,0.00346185588347,0.159296265504,0.00217575481983,1,0.4,47,18,10,3,20,5.00643711046e-07,1.08139041586e-07,5.00643711046e-07,2.35551277706e-06,8.22949399806e-07,1.07888569272e-05,5.00643711046e-07,1.08139041586e-07,5.00643711046e-07,0.252960332987,0.494063148704,0.252960332137
50,0.0388929925126,0.157956592064,0.0305958581586,0.0506468394859,0.028536955731,0.142753930056,0.0108291279232,0.0490369040158,0.0624069226043,0.162069025327,0.0342008859954,0.232073966125,1,0.4,47,18,10,3,20,2.79907311917e-05,6.04599793741e-06,2.79907311917e-05,0.00243343502785,0.000200922219768,0.000491145397509,2.79907311917e-05,6.04599793741e-06,2.79907311917e-05,0.252142405043,0.492465633195,0.252142404196
51,0.0402151053221,0.281437407195,0.0720377845001,0.0169510685555,0.0314761370666,0.0273579784764,0.0564352175176,0.00160726092808,0.0749353390079,0.115922672799,0.211765294161,0.0698587344703,1,0.4,47,18,10,3,20,6.61479824393e-05,1.42879642069e-05,6.61479824393e-05,0.00153242844903,0.00108060198307,0.000444266596615,6.61479824393e-05,1.42879642069e-05,6.61479824393e-05,0.252116879081,0.492415777799,0.252116878233
52,0.0150663230282,0.171729029224,0.0806512329663,0.0364414347465,0.0605291075626,0.161678346205,0.0302967044848,0.0754452356049,0.000967555323888,0.290462543088,0.0593568372382,0.0173756505274,1,0.4,47,18,10,3,20,0.000116888702724,2.52479597883e-05,0.000116888702724,0.00256444800825,0.00210897024303,0.000347315157389,0.000116888702724,2.52479597883e-05,0.000116888702724,0.251563312154,0.491334592399,0.251563311308
53,0.0533115109871,0.0419745646648,0.00602538624654,0.140286168007,0.0328576468603,0.0439668026056,0.224322265789,0.0887097997936,0.0269424286303,0.119539857998,0.159924739821,0.0621388285961,1,0.4,47,18,10,3,20,7.55642815508e-05,1.6321884815e-05,7.55642815508e-05,0.00140022577536,0.00161690470808,0.000730484119879,7.55642815508e-05,1.6321884815e-05,7.55642815508e-05,0.251931696317,0.492054092714,0.25193169547
54,0.313203717561,0.098101409539,0.062726107495,0.00228394543463,0.0574744909047,0.0234318646296,0.000422764340189,0.00655763445468,0.08449082021,0.203560421753,0.0200418120879,0.127705011591,1,0.4,47,18,10,3,20,5.87972590318e-05,1.27002079509e-05,5.87972590318e-05,0.0106853831801,0.00165441098906,0.000464268524911,5.87972590318e-05,1.27002079509e-05,5.87972590318e-05,0.249659535262,0.487616278169,0.249659534423
55,0.0792684258884,0.120372077916,0.0218205732153,0.000460930959133,0.228911047344,0.120955139574,0.0256147650014,0.0487944167256,0.0503725691374,0.14612508737,0.0167927884202,0.140512178449,1,0.4,47,18,10,3,20,0.000171825847182,3.71143829914e-05,0.000171825847182,0.0171759058437,0.00541520757691,0.00051745452352,0.000171825847182,3.71143829914e-05,0.000171825847182,0.246926141306,0.482277618118,0.246926140477
56,0.168886439217,0.138757871479,0.0218810505031,0.000795171471317,0.263837362058,0.0200459235908,0.100354696955,0.0912372994319,0.0246288658909,0.100836213727,0.0515499664464,0.0171891392299,1,0.4,47,18,10,3,20,0.000127866061104,2.76190691985e-05,0.000127866061104,0.097180321508,0.00588543376754,0.000557460052627,0.000127866061104,2.76190691985e-05,0.000127866061104,0.226608084626,0.442593913798,0.226608083865
57,0.0156798069267,0.0755077042677,0.188840078172,0.101346687071,0.0299091738967,0.278187602052,0.00715748911919,0.0404998389553,0.160903048796,0.0296357621781,0.0606996126531,0.0116331959131,1,0.4,47,18,10,3,20,0.000930489927463,0.000200985824332,0.000930489927463,0.0491904553359,0.0125680660783,0.0140953265415,0.000930489927463,0.000200985824332,0.000930489927463,0.232732894355,0.454556432759,0.232732893572
58,0.128518604461,0.163073839283,0.247694493193,0.0900342128532,0.174353566174,0.0446476815038,0.00663813998148,0.0091647290119,0.0319417910675,0.0394675516301,0.0220531860602,0.0424122047819,1,0.4,47,18,10,3,20,0.000450555458127,9.73199789555e-05,0.000450555458127,0.156945824509,0.00731173993734,0.00369593896565,0.000450555458127,9.73199789555e-05,0.000450555458127,0.209973030674,0.410103574156,0.209973029968
59,0.186639440166,0.0376318202034,0.0258504621222,0.0193027207602,0.177309323163,0.148555964374,0.0606239859877,0.00874351269448,0.0747000710617,0.0216607066032,0.129218383768,0.109763609097,1,0.4,47,18,10,3,20,0.000174512855618,3.76947768134e-05,0.000174512855618,0.0393047120271,0.00226952357207,0.000650521102974,0.000174512855618,3.76947768134e-05,0.000174512855618,0.242087413053,0.47282697703,0.242087412239
60,0.127796803093,0.118434741475,0.00156015805634,0.0890179130508,0.135159067126,0.00621020432039,0.0749084862836,0.0826558937262,0.00770054055906,0.181276746052,0.0507753733909,0.124504072867,1,0.4,47,18,10,3,20,0.000122809741935,2.65269042579e-05,0.000122809741935,0.0358934550586,0.00155649551111,0.000354684447559,0.000122809741935,2.65269042579e-05,0.000122809741935,0.243263512948,0.475124047129,0.24326351213
61,0.0275963644805,0.0403051511439,0.0635732943234,0.0192500605433,0.192273872623,0.0476585715641,0.0461228660598,0.0259774440255,0.202940014952,0.16377753013,0.134046525185,0.0364783049689,1,0.4,47,18,10,3,20,6.00527862008e-05,1.29714018194e-05,6.00527862008e-05,0.0408670457328,0.00111061754675,0.00106456395366,6.00527862008e-05,1.29714018194e-05,6.00527862008e-05,0.242008947661,0.472673724311,0.242008946847
62,0.182161896437,0.021909165213,0.0358253056451,0.0189149876683,0.00247962420591,0.0736974112974,0.227759841238,0.0162195375788,0.0381634587955,0.2148745714,0.104777776213,0.0632164243088,1,0.4,47,18,10,3,20,9.26568566477e-05,2.00138810359e-05,9.26568566477e-05,0.0195146310819,0.00157829489943,0.000437915148415,9.26568566477e-05,2.00138810359e-05,9.26568566477e-05,0.247414009458,0.483230485598,0.247414008626
63,0.00789324052639,0.127651444723,0.14136640633,0.00217616749421,0.141623332908,0.0314979822631,0.0296327195562,0.0722890737594,0.0403344272301,0.197905411739,0.00615958946248,0.201470204008,1,0.4,47,18,10,3,20,0.000102612378205,2.21642736923e-05,0.000102612378205,0.00250782408092,0.00120205949805,0.000524283579917,0.000102612378205,2.21642736923e-05,0.000102612378205,0.25177829117,0.491754473288,0.251778290323
64,0.0180507368348,0.0160828303429,0.11998295917,0.0994702271524,0.169532819591,0.131531576248,0.0844425354793,0.141611870349,0.0533979114476,0.0208402823568,0.113806591989,0.0312496590381,1,0.4,47,18,10,3,20,0.000421030962571,9.09426879153e-05,0.000421030962571,0.0147888160739,0.0015863384799,0.00973699915253,0.000421030962571,9.09426879153e-05,0.000421030962571,0.245886947544,0.480247942807,0.245886946717
65,0.119706359163,0.0135381122803,0.0108070994383,0.0102776419017,0.0805546440866,0.15962847863,0.0481052622549,0.112012948955,0.14635746571,0.00228709596352,0.175358317442,0.121366574174,1,0.4,47,18,10,3,20,0.000141514044541,3.05670336208e-05,0.000141514044541,0.00249140880437,0.00239858607809,0.000475881607742,0.000141514044541,3.05670336208e-05,0.000141514044541,0.251448394817,0.491110144476,0.251448393972
66,0.0833145804658,0.309826212132,0.0102840960213,0.00779782726232,0.0779363882327,0.0315626715317,0.0214638093723,0.220431472791,0.0291574939636,0.0528942558752,0.0194758938206,0.135855298532,1,0.4,47,18,10,3,20,0.000360888765303,7.79519733055e-05,0.000360888765303,0.0143782618116,0.00497076607744,0.002517599329,0.000360888765303,7.79519733055e-05,0.000360888765303,0.247028342445,0.482477229715,0.247028341614
67,0.122988197775,0.0762479203279,0.238107875348,0.167435623944,0.0192901696684,0.0107133259607,0.0483534277651,0.186119589026,0.0747261741328,0.00618003668605,0.00480227059268,0.0450353887732,1,0.4,47,18,10,3,20,0.00137996702822,0.000298072878095,0.00137996702822,0.113404945691,0.0103373120067,0.0411149318173,0.00137996702822,0.000298072878095,0.00137996702822,0.209714288999,0.409598219324,0.209714288294
68,0.118856479424,0.0110676113962,0.124724784336,0.0133223695603,0.277428775973,0.238731615714,0.0417168542666,0.0489816555278,0.000296523188245,0.0333777731125,0.0835834508705,0.00791210663,1,0.4,47,18,10,3,20,0.000575849262857,0.000124383440777,0.000575849262857,0.064840106719,0.0112659353816,0.00755026769503,0.000575849262857,0.000124383440777,0.000575849262857,0.231156750309,0.45147802643,0.231156749532
69,0.187938267908,0.054422681979,0.0191957900833,0.0489745786445,0.00848615798218,0.0240600254416,0.00299734671114,0.15754928046,0.187218363317,0.119120400976,0.0317601005893,0.158277005908,1,0.4,47,18,10,3,20,0.000146329012821,3.16070667693e-05,0.000146329012821,0.0273238984149,0.0016564413523,0.00106981696274,0.000146329012821,3.16070667693e-05,0.000146329012821,0.245198751752,0.478903810406,0.245198750928
70,0.133534257324,0.0167254231774,0.0928555582628,0.11914942505,0.0194490407539,0.0498327257207,0.0433916886236,0.164529979484,0.05928275397,0.0328189572995,0.0485122338151,0.21991795652,1,0.4,47,18,10,3,20,0.000103454866061,2.23462510691e-05,0.000103454866061,0.0250779358384,0.00296358658267,0.000799377893345,0.000103454866061,2.23462510691e-05,0.000103454866061,0.245552718459,0.479595151627,0.245552717633
71,0.13368146896,0.0842767863121,0.0319062876862,0.109787044118,0.0913776439536,0.00981621744149,0.0299940935864,0.163874087528,0.0391461159067,0.142279571762,0.0279627762456,0.1358979065,1,0.4,47,18,10,3,20,0.00019412296663,4.19305607922e-05,0.00019412296663,0.020311953057,0.00239191285902,0.00208512738414,0.00019412296663,4.19305607922e-05,0.00019412296663,0.246476055313,0.481398543915,0.246476054484
72,0.0110813073483,0.0787466438284,0.0813195314699,0.064301888235,0.087815245524,0.0624773485272,0.10429856954,0.0812396955052,0.149158618379,0.0318215101464,0.00781182510452,0.239927816392,1,0.4,47,18,10,3,20,0.000176808955754,3.81907344429e-05,0.000176808955754,0.0326114725276,0.0027195757393,0.000735891612496,0.000176808955754,3.81907344429e-05,0.000176808955754,0.243642547414,0.475864348819,0.243642546595
73,0.0679705928351,0.0192564260989,0.151816314402,0.0912756578174,0.042416754913,0.0950859712056,0.0971310282367,0.025174557501,0.191538432685,0.0803709407528,0.0946369165181,0.0433264070339,1,0.4,47,18,10,3,20,0.000235567891558,5.08826645766e-05,0.000235567891558,0.0356390088576,0.00714719688139,0.000985375807144,0.000235567891558,5.08826645766e-05,0.000235567891558,0.24162767025,0.471929041871,0.241627669438
74,0.0086965406805,0.132358638326,0.00539219565222,0.112866893512,0.00911668089921,0.0723995536757,0.01030650159,0.0580755018602,0.0230634107382,0.218429407054,0.148994893005,0.200299783006,1,0.4,47,18,10,3,20,4.26043402564e-05,9.20253749538e-06,4.26043402564e-05,0.00185613027173,0.00106328969077,0.000331324208137,4.26043402564e-05,9.20253749538e-06,4.26043402564e-05,0.252094339515,0.492371755211,0.252094338668
75,0.0782372946869,0.218621913978,0.222373191124,0.207692854865,0.0277028085143,0.0618196413988,0.0589321902267,0.000996766274325,0.00962767723026,0.0558958237591,0.0262828088153,0.0318170291271,1,0.4,47,18,10,3,20,0.000493698583529,0.000106638894042,0.000493698583529,0.107430529367,0.0164151956388,0.000731593711516,0.000493698583529,0.000106638894042,0.000493698583529,0.220897292991,0.431440023922,0.220897292248
76,0.00675524126796,0.0229914289075,0.0168033855305,0.00607933408105,0.00151833479304,0.232210439384,0.0676941451245,0.0356204783588,0.09324206134,0.24376987483,0.0648275014738,0.208487774909,1,0.4,47,18,10,3,20,2.79655749311e-05,6.04056418513e-06,2.79655749311e-05,0.0018215698323,0.00102572934855,0.000595337426807,2.79655749311e-05,6.04056418513e-06,2.79655749311e-05,0.252062209636,0.49230900154,0.252062208789
77,0.0110495402029,0.034768903811,0.0543074371633,0.0162987160262,0.0496682712675,0.097626739532,0.155380711705,0.0669632760021,0.129020543977,0.102787480301,0.140500488861,0.141627891151,1,0.4,47,18,10,3,20,7.29859996543e-05,1.57649759253e-05,7.29859996543e-05,0.00959736953621,0.00101905538398,0.000918139493665,7.29859996543e-05,1.57649759253e-05,7.29859996543e-05,0.249964765626,0.488212431223,0.249964764786
78,0.198573902181,0.0713740454061,0.127237307676,0.0193506895693,0.0598756725062,0.0761606995046,0.0242911995461,0.0616511396696,0.0405312082761,0.0484444784114,0.00334312974402,0.26916652751,1,0.4,47,18,10,3,20,0.000100579749563,2.17252259057e-05,0.000100579749563,0.0257507493759,0.0034442832444,0.00119598717018,0.000100579749563,2.17252259057e-05,0.000100579749563,0.245163816776,0.478835578031,0.245163815952
79,0.176591942135,0.0730004429877,0.105544491326,0.0245461376249,0.0693661914493,0.0262726661311,0.0148298281643,0.0852678264524,0.145875177956,0.0492988253661,0.22053003167,0.00887643873827,1,0.4,47,18,10,3,20,6.36372484944e-05,1.37456456748e-05,6.36372484944e-05,0.00896955998576,0.00302950405141,0.00254419787066,6.36372484944e-05,1.37456456748e-05,6.36372484944e-05,0.249214153431,0.486746391783,0.249214152593
80,0.0882098610232,0.116909587239,0.0280026782673,0.00290417421629,0.0665344753805,0.0771790311897,0.203203614228,0.135541413564,0.0254381907092,0.0183865600742,0.101490008817,0.136200405292,1,0.4,47,18,10,3,20,7.31711607029e-05,1.58049707118e-05,7.31711607029e-05,0.00461130339783,0.00325875046237,0.00105985299609,7.31711607029e-05,1.58049707118e-05,7.31711607029e-05,0.250623443743,0.489498911916,0.250623442901
81,0.0637363039781,0.00442172327339,0.157759142779,0.0357533119238,0.329734554886,0.0259051392985,0.0603605802469,0.0782845899074,0.165152354635,0.0168710769334,0.0100679790059,0.0519532431325,1,0.4,47,18,10,3,20,0.00133360131523,0.000288057884089,0.00133360131523,0.0215464611348,0.00552947553859,0.0129737983114,0.00133360131523,0.000288057884089,0.00133360131523,0.241338117662,0.471363509474,0.241338116851
82,0.13905912147,0.269063990162,0.0018255168717,0.0467333656799,0.220703891286,0.0182885242731,0.00354167953672,0.217112581821,0.0221700271657,0.0173361488183,0.0429507833352,0.00121436958032,1,0.4,47,18,10,3,20,0.000974807486638,0.000210558417114,0.000974807486638,0.230137426234,0.0265900944937,0.00515628878557,0.000974807486638,0.000210558417114,0.000974807486638,0.185624245514,0.362547353301,0.18562424489
83,0.0581237274426,0.0274920649243,0.23444112206,0.0505357802771,0.153381087426,0.0761598228706,0.116379657834,0.0527869618763,0.0055133037113,0.160212396647,0.0323309155428,0.0326431593878,1,0.4,47,18,10,3,20,0.000261402158361,5.6462866206e-05,0.000261402158361,0.0190866365278,0.00394703181345,0.0019164077144,0.000261402158361,5.6462866206e-05,0.000261402158361,0.246359877824,0.481171634758,0.246359876996
84,0.0635973641083,0.232006100469,0.0412855069878,0.00850034926997,0.00273446055584,0.0882575144131,0.199691460352,0.147731675755,0.0613921959515,0.0522473764952,0.0817319710856,0.020824024557,1,0.4,47,18,10,3,20,0.000676510095142,0.000146126180551,0.000676510095142,0.0210415217625,0.00466333018816,0.00714558393382,0.000676510095142,0.000146126180551,0.000676510095142,0.243895974399,0.476359323396,0.243895973579
85,0.0654674279071,0.12835534951,0.0814180883104,0.122425925273,0.00364062351604,0.0490212812039,0.0179315979309,0.0813541634917,0.0133413939998,0.165291655501,0.17785933978,0.0938931535769,1,0.4,47,18,10,3,20,8.30398336416e-05,1.79366040666e-05,8.30398336416e-05,0.0163055792231,0.000620429910004,0.00111342609518,8.30398336416e-05,1.79366040666e-05,8.30398336416e-05,0.248307992966,0.484976547132,0.248307992131
86,0.00842445459283,0.0157202460263,0.418496123528,0.0582169488622,0.0153633427269,0.0694658032269,0.154765705979,0.105158607216,0.00343206822801,0.0126961698637,0.131774807246,0.00648572250397,1,0.4,47,18,10,3,20,0.000402545522318,8.69498328206e-05,0.000402545522318,0.0109130380999,0.0125541515562,0.000498062415973,0.000402545522318,8.69498328206e-05,0.000402545522318,0.246450762022,0.481349142957,0.246450761194
87,0.237084273387,0.115953137305,0.0249008557196,0.155671047362,0.00121663823108,0.0808601130486,0.0472899521259,0.00140535756838,0.0188517327715,0.0801864883603,0.0558495941443,0.180730809977,1,0.4,47,18,10,3,20,7.91634201602e-08,1.70992987546e-08,7.91634201602e-08,6.91120405416e-06,6.71861503734e-06,1.70594905964e-07,7.91634201602e-08,1.70992987546e-08,7.91634201602e-08,0.252960847746,0.494064154093,0.252960846895
88,0.012004407399,0.0178759239684,0.0541590585449,0.239049234632,0.119636997721,0.117929531471,0.0218939237692,0.0361846989735,0.00652354270092,0.141963416517,0.0337162116741,0.199063052628,1,0.4,47,18,10,3,20,0.000109326918973,2.36146144983e-05,0.000109326918973,0.0216640779645,0.00388997388398,0.000460649100736,0.000109326918973,2.36146144983e-05,0.000109326918973,0.246261062979,0.480978637015,0.246261062152
89,0.339307462126,0.0529412432871,0.0179950482071,0.0685259862498,0.0795921442277,0.0812337645694,0.0332948362579,0.155165139042,0.0440352036001,0.0215142070049,0.0135734868596,0.0928214785689,1,0.4,47,18,10,3,20,0.000829011832427,0.000179066555804,0.000829011832427,0.0232265713753,0.0044977923648,0.0116113471234,0.000829011832427,0.000179066555804,0.000829011832427,0.242084454981,0.472821199546,0.242084454168
90,0.362702436735,0.00976314617111,0.0389332206968,0.0978805708433,0.0111750230361,0.0155968903205,0.0936577895188,0.0631829921103,0.0123173121963,0.0222324272311,0.11545322279,0.15710496835,1,0.4,47,18,10,3,20,0.000131815086429,2.84720586686e-05,0.000131815086429,0.0293590896654,0.00174942582309,0.00155546885642,0.000131815086429,2.84720586686e-05,0.000131815086429,0.244553818465,0.477644175084,0.244553817643
91,0.196896429629,0.058275588751,0.0441511732452,0.0151627270318,0.0391992699238,0.058452306542,0.0422914979681,0.162402890037,0.00858499193378,0.203936178744,0.0736781241519,0.096968822043,1,0.4,47,18,10,3,20,6.51798994255e-05,1.40788582759e-05,6.51798994255e-05,0.00959827795295,0.0018439831526,0.000551683912722,6.51798994255e-05,1.40788582759e-05,6.51798994255e-05,0.249857310393,0.488002557721,0.249857309553
92,0.0420017435578,0.0612696408379,0.0121799311044,0.0936754192813,0.0648439670707,0.00315659569718,0.206254813787,0.0448059598043,0.18260618457,0.0632683767843,0.176286872432,0.0496504950729,1,0.4,47,18,10,3,20,7.23202974632e-05,1.56211842521e-05,7.23202974632e-05,0.00147515406019,0.000947839965166,0.00205698418294,7.23202974632e-05,1.56211842521e-05,7.23202974632e-05,0.251750071331,0.491699356417,0.251750070485
93,0.0665309837057,0.292716556225,0.0181771313329,0.0507785731858,0.0125587890932,0.0190303530099,0.096598101078,0.0155713108307,0.176167842757,0.0938064640208,0.0493205364694,0.108743358292,1,0.4,47,18,10,3,20,8.57855643596e-05,1.85296819017e-05,8.57855643596e-05,0.00495916543647,0.00278881794392,0.00167211629033,8.57855643596e-05,1.85296819017e-05,8.57855643596e-05,0.250485299907,0.489229099736,0.250485299065
94,0.00430408520872,0.319201879892,0.0890416158432,0.0204468627551,0.00248640762396,0.179223156848,0.108167896924,0.0508921608437,0.0396531866341,0.0571473797827,0.0582797276189,0.0711556400259,1,0.4,47,18,10,3,20,0.000220848642125,4.77033066991e-05,0.000220848642125,0.0810960272931,0.00618264954661,0.00153445846078,0.000220848642125,4.77033066991e-05,0.000220848642125,0.230250261705,0.449707540881,0.230250260931
