run_ID,t1_initial,t2_initial,t3_initial,t4_initial,t5_initial,t6_initial,t7_initial,t8_initial,t9_initial,t10_initial,t11_initial,t12_initial,alpha,prior_cost_c,lambda,k,sample_amount,learning_parameter,generations,t1_final,t2_final,t3_final,t4_final,t5_final,t6_final,t7_final,t8_final,t9_final,t10_final,t11_final,t12_final
0,0.128390743645,0.151472249264,0.0935969620973,0.0709815482629,0.0749418135467,0.0163893002679,0.0343509248647,0.0539599666958,0.0227220889139,0.216393857619,0.0170384659543,0.119762078869,1,0.4,47,14,10,3,20,0.000211025130414,4.55814281693e-05,0.000211025130414,0.0241661684484,0.00163146072188,0.00131323079839,0.000211025130414,4.55814281693e-05,0.000211025130414,0.245869755839,0.480214365618,0.245869755196
1,0.0933076605286,0.0312997517431,0.0779512438138,0.00959054086843,0.103043954588,0.0686343576709,0.0231198914664,0.120424424374,0.0518160868891,0.130309483219,0.124875546078,0.165627058761,1,0.4,47,14,10,3,20,0.000163035426079,3.5215652033e-05,0.000163035426079,0.00895911831575,0.00120894466966,0.00104421912952,0.000163035426079,3.5215652033e-05,0.000163035426079,0.249945333579,0.488174478371,0.249945332926
2,0.0579822663242,0.175963112066,0.123810513712,0.145360611864,0.0581479838251,0.133544248634,0.038270343084,0.0399837229804,0.0324660389976,0.00404053617865,0.0241293442782,0.166301278056,1,0.4,47,14,10,3,20,0.000322377049265,6.96334426413e-05,0.000322377049265,0.0190182608442,0.00569739956486,0.00579993063168,0.000322377049265,6.96334426413e-05,0.000322377049265,0.244883639087,0.478288356342,0.244883638447
3,0.248205162504,0.174747736301,0.260115120975,0.041263819603,0.0291180333723,0.00587693893743,0.00282114878894,0.00718718920295,0.166470660691,0.000760595267926,0.0443547400955,0.0190788542617,1,0.4,47,14,10,3,20,0.00318852019603,0.000688720362342,0.00318852019603,0.00999021467887,0.00998323349129,0.0106873975262,0.00318852019603,0.000688720362342,0.00318852019603,0.241633551851,0.471940529725,0.241633551219
4,0.119369974573,0.0787359950574,0.0260140619128,0.111962402975,0.0672311380346,0.0635396351754,0.121661112099,0.0215591393241,0.204676414177,0.0806974401445,0.062616524736,0.041936161791,1,0.4,47,14,10,3,20,0.000464479784555,0.000100327633464,0.000464479784555,0.0103434224457,0.00568114301176,0.00252616958477,0.000464479784555,0.000100327633464,0.000464479784555,0.247751005209,0.483888680783,0.247751004561
5,0.0339516548718,0.0890302138831,0.104194291062,0.188504794848,0.0235523438696,0.119040817092,0.0109900530477,0.0861793958661,0.0271172846452,0.0676461436382,0.0830462008063,0.166746806371,1,0.4,47,14,10,3,20,0.000207527210981,4.4825877572e-05,0.000207527210981,0.0219757760369,0.003225574938,0.00215140229579,0.000207527210981,4.4825877572e-05,0.000207527210981,0.24581248709,0.480102512593,0.245812486447
6,0.0390186706176,0.0430726492727,0.065332359982,0.176949016925,0.0760294903272,0.0681137663491,0.0397338768182,0.000167849778721,0.0130392739761,0.028017405908,0.334436672678,0.116088967367,1,0.4,47,14,10,3,20,5.72556075325e-05,1.2367211227e-05,5.72556075325e-05,0.000749379885851,0.000913440035543,0.000133713281836,5.72556075325e-05,1.2367211227e-05,5.72556075325e-05,0.252445776922,0.493058156761,0.252445776262
7,0.0136818743582,0.00822880040631,0.310093192551,0.129343947819,0.0220985907488,0.111396629135,0.0808500413027,0.0631343075182,0.167996626815,0.0325775726075,0.0211255292862,0.0394728874526,1,0.4,47,14,10,3,20,0.00101649064552,0.000219561979432,0.00101649064552,0.00891706910558,0.00890621143298,0.00825746972378,0.00101649064552,0.000219561979432,0.00101649064552,0.245227298679,0.47895956648,0.245227298038
8,0.252833317428,0.0552648424987,0.00650837553195,0.0238134336722,0.00686962422348,0.0212200397444,0.056239617326,0.277948840808,0.121119974092,0.0368520241121,0.130935514358,0.0103943962046,1,0.4,47,14,10,3,20,0.000736399074587,0.000159062200111,0.000736399074587,0.0369147190523,0.00459670954014,0.00485747841449,0.000736399074587,0.000159062200111,0.000736399074587,0.240409138125,0.469549096673,0.240409137497
9,0.0502971958437,0.00704134333996,0.0196395985003,0.0909989599588,0.114427389551,0.118725603242,0.025270537232,0.0560204717286,0.0962553252131,0.0327963807787,0.249624570861,0.138902623751,1,0.4,47,14,10,3,20,0.000116854442162,2.52405595069e-05,0.000116854442162,0.00630845199626,0.00187102487224,0.000675125413826,0.000116854442162,2.52405595069e-05,0.000116854442162,0.25059351798,0.489440463525,0.250593517325
10,0.0518909343014,0.0973476245488,0.033887538926,0.0626491543269,0.0345614130236,0.00775639925475,0.00524311924284,0.362502404246,0.0294340783033,0.075039543885,0.160576657287,0.0791111326549,1,0.4,47,14,10,3,20,0.000292535586464,6.31876866762e-05,0.000292535586464,0.0162852008723,0.00219460825605,0.000993667529353,0.000292535586464,6.31876866762e-05,0.000292535586464,0.247710357637,0.483809290996,0.24771035699
11,0.0381402861722,0.0063047332951,0.0314273058041,0.00899218688242,0.0697388486614,0.0250633223726,0.0498327214474,0.114592870763,0.0183110797022,0.0733599033236,0.138222602169,0.426014139406,1,0.4,47,14,10,3,20,3.02115569326e-05,6.52569629744e-06,3.02115569326e-05,0.000609641469264,0.000225905697411,0.000280327291952,3.02115569326e-05,6.52569629744e-06,3.02115569326e-05,0.252648279493,0.493453669595,0.252648278833
12,0.305768438585,0.0430217651276,0.0283020749274,0.0118188465758,0.0939753339793,0.0771775843212,0.0313267445418,0.0311468569671,0.0623620476455,0.146096401009,0.119304137316,0.0496997690046,1,0.4,47,14,10,3,20,0.000203072731186,4.38637099361e-05,0.000203072731186,0.0262568808693,0.00364278345745,0.000473290915139,0.000203072731186,4.38637099361e-05,0.000203072731186,0.245053477516,0.478620072022,0.245053476875
13,0.0547957968124,0.184432778504,0.0160705896212,0.129862242134,0.044343068584,0.0117508775556,0.0343740114693,0.0966838257305,0.138398429263,0.00722084260427,0.274431160712,0.00763637700951,1,0.4,47,14,10,3,20,8.36095910202e-05,1.80596716604e-05,8.36095910202e-05,0.00286759215948,0.00136056624428,0.000359249549018,8.36095910202e-05,1.80596716604e-05,8.36095910202e-05,0.251710238427,0.491621558143,0.251710237769
14,0.0248113872635,0.100795163846,0.01356288003,0.117280649573,0.102171649807,0.0217785358753,0.103929245628,0.0334739079677,0.179804762312,0.129411093342,0.0247366997688,0.148244024586,1,0.4,47,14,10,3,20,0.000131778303767,2.84641136137e-05,0.000131778303767,0.0141009928739,0.00542803291919,0.000532972704425,0.000131778303767,2.84641136137e-05,0.000131778303767,0.247741713701,0.483870533307,0.247741713053
15,0.220390447389,0.0234533849445,0.114964868834,0.164873597035,0.056513528015,0.129323541053,0.00344462712169,0.0774729059002,0.130059204172,0.0221168227561,0.00881793458088,0.0485691381984,1,0.4,47,14,10,3,20,0.00185382668734,0.000400426564466,0.00185382668734,0.0628462346136,0.0112870563382,0.013445412571,0.00185382668734,0.000400426564466,0.00185382668734,0.228731734606,0.446741667985,0.228731734008
16,0.0294658588382,0.00239462421635,0.048021129334,0.290509818509,0.0800187120116,0.0263205913491,0.0190327258797,0.109367340179,0.139949027578,0.0546994820424,0.0614171906499,0.138803499413,1,0.4,47,14,10,3,20,0.000481224415834,0.00010394447382,0.000481224415834,0.0328921537218,0.00398302978578,0.00176488637925,0.000481224415834,0.00010394447382,0.000481224415834,0.242650345075,0.473926453986,0.242650344441
17,0.0505538494198,0.149062745881,0.0765106517194,0.115549264138,0.000870744261927,0.0389598534315,0.0119623490436,0.0777091313964,0.0534011884769,0.0539503668975,0.254733837267,0.116736018067,1,0.4,47,14,10,3,20,0.000103185631838,2.22880964771e-05,0.000103185631838,0.00454339215068,0.00143444749231,0.000990531709208,0.000103185631838,2.22880964771e-05,0.000103185631838,0.251085991934,0.490402326715,0.251085991278
18,0.0682980634022,0.107873755081,0.00313132063247,0.180313274825,0.124543879996,0.0019669979531,0.0718728946731,0.1061486106,0.0334801652027,0.20949135044,0.0502091961408,0.0426704910527,1,0.4,47,14,10,3,20,1.19978032288e-06,2.59152549743e-07,1.19978032288e-06,4.84647212757e-06,1.17509603767e-05,6.63174605581e-06,1.19978032288e-06,2.59152549743e-07,1.19978032288e-06,0.252957206096,0.494057041865,0.252957205435
19,0.10326422281,0.0251992543859,0.411226604253,0.183421618534,0.0153746633418,0.00830542452544,0.0250165722871,0.107825170765,0.00537476557015,0.0402633651898,0.0142728899607,0.0604554483773,1,0.4,47,14,10,3,20,0.00114183679849,0.000246636748475,0.00114183679849,0.0400883137012,0.0152321601351,0.00349966662971,0.00114183679849,0.000246636748475,0.00114183679849,0.236804867205,0.462509505051,0.236804866586
20,0.0818302014527,0.0126802878451,0.11214458952,0.0295797410436,0.0603668236271,0.0454640547819,0.0272196414863,0.200326006323,0.196633215441,0.0480299611998,0.126458570489,0.0592669067908,1,0.4,47,14,10,3,20,0.000132538347411,2.86282830407e-05,0.000132538347411,0.000901751507918,0.00213235860449,0.000509053625301,0.000132538347411,2.86282830407e-05,0.000132538347411,0.251919539162,0.49203034864,0.251919538504
21,0.10401824523,0.087873299098,0.00651036199712,0.323874572435,0.0510785302765,0.194443266357,0.0515815578576,0.000652179287238,0.0251238780499,0.014839538521,0.091612865925,0.0483917049656,1,0.4,47,14,10,3,20,0.000596510715457,0.000128846314539,0.000596510715457,0.0202056249303,0.0075052201438,0.0050241036458,0.000596510715457,0.000128846314539,0.000596510715457,0.244014878779,0.476591558869,0.244014878141
22,0.0289156928812,0.324964716564,0.00281383662398,0.0235385438491,0.1088338892,0.233442296846,0.0338485125498,0.0156161539004,0.0211598859126,0.0710168253876,0.0241045172935,0.111745128991,1,0.4,47,14,10,3,20,8.92010905774e-07,1.92674355647e-07,8.92010905774e-07,3.85885578543e-05,2.58318505958e-05,2.25192038494e-06,8.92010905774e-07,1.92674355647e-07,8.92010905774e-07,0.252946561576,0.494036251787,0.252946560915
23,0.122126234882,0.26750375106,0.0545871318154,3.90971281065e-05,0.0615392409605,0.109692934761,0.0234112199376,0.00197466218168,0.193163988064,0.0655059053027,0.00150982413867,0.0989460097674,1,0.4,47,14,10,3,20,0.00083397444686,0.000180138480522,0.00083397444686,0.0498268672821,0.00483207390154,0.00459088294747,0.00083397444686,0.000180138480522,0.00083397444686,0.23704132881,0.462971344121,0.23704132819
24,0.0559813161425,0.113783694488,0.244086430247,0.00613713054997,0.240477524363,0.0334366994369,0.0207742377832,0.0115354543021,0.0238990006648,0.0343878416595,0.168917352249,0.0465833181144,1,0.4,47,14,10,3,20,0.000393897634505,8.5081889053e-05,0.000393897634505,0.034540142957,0.00442026504123,0.00103039081842,0.000393897634505,8.5081889053e-05,0.000393897634505,0.242406564108,0.473450319285,0.242406563474
25,0.0253982711798,0.0087481120119,0.225325526939,0.0226960137735,0.0565356582149,0.149932256289,0.0543305892598,0.0837177747975,0.0300644119074,0.173776471382,0.0599631069642,0.109511807282,1,0.4,47,14,10,3,20,0.000114425551544,2.47159191336e-05,0.000114425551544,0.00231284253362,0.00156936076343,0.000538415854105,0.000114425551544,2.47159191336e-05,0.000114425551544,0.251717881106,0.49163648525,0.251717880448
26,0.0132945510353,0.166934312766,0.0169495932358,0.152618494193,0.0456182208668,0.0605768338128,0.0106295058053,0.294404051946,0.0420745437972,0.00490369809692,0.136667839035,0.0553283554095,1,0.4,47,14,10,3,20,0.000191908567711,4.14522506255e-05,0.000191908567711,0.00316920486729,0.00578486364548,0.000599873059943,0.000191908567711,4.14522506255e-05,0.000191908567711,0.250332463959,0.488930592392,0.250332463305
27,0.0268196801018,0.0196246413729,0.00157392622022,0.0557989492337,0.153849504667,0.212913882132,0.10952750196,0.0105297432789,0.146620932348,0.0227025278304,0.140029511038,0.100009199817,1,0.4,47,14,10,3,20,0.000260540784995,5.62768095589e-05,0.000260540784995,0.0227628002873,0.00375788997048,0.00225774083509,0.000260540784995,5.62768095589e-05,0.000260540784995,0.245392405766,0.479282041258,0.245392405124
28,0.0540515773938,0.0746582909029,0.0391774532496,0.0998996473379,0.111387176146,0.0332832836788,0.142428735965,0.0932132478128,0.0275055268036,0.0389685795174,0.118742718437,0.166683762755,1,0.4,47,14,10,3,20,0.000162528648921,3.5106188167e-05,0.000162528648921,0.00275210204609,0.00042232567304,0.00174030428843,0.000162528648921,3.5106188167e-05,0.000162528648921,0.251538957904,0.491287025871,0.251538957246
29,0.0668404633031,0.0176446498979,0.182365278148,0.184343930348,0.00550216151536,0.0847447226515,0.0792453084022,0.103304229783,0.00479780211606,0.234462453811,0.0345325729049,0.00221642712007,1,0.4,47,14,10,3,20,0.000271219932074,5.8583505328e-05,0.000271219932074,0.0221262664664,0.00189737109015,0.00431076281231,0.000271219932074,5.8583505328e-05,0.000271219932074,0.245492756942,0.479478039649,0.245492756301
30,0.00470802274353,0.0372744970797,0.19974257506,0.0240152585838,0.0651157125791,0.197600584309,0.0365339724662,0.0703742942251,0.0456509754059,0.00634127830699,0.208278062028,0.104364767212,1,0.4,47,14,10,3,20,2.66849447828e-07,5.76394807308e-08,2.66849447828e-07,1.71179996691e-06,8.26766895039e-07,1.73731287009e-06,2.66849447828e-07,5.76394807308e-08,2.66849447828e-07,0.252963046551,0.494068449003,0.25296304589
31,0.0846715708032,0.0254968479474,0.0150053267826,0.0548970113922,0.0666170027681,0.269039904828,0.0153651132339,0.0167214127258,0.0189797836906,0.116837029224,0.224882919166,0.0914860774382,1,0.4,47,14,10,3,20,0.000121569692909,2.62590536683e-05,0.000121569692909,0.00213536845506,0.00131702523662,0.000288323124246,0.000121569692909,2.62590536683e-05,0.000121569692909,0.25188186264,0.491956761683,0.251881861982
32,0.340998135717,0.0756155706237,0.100519299719,0.0260803161842,0.023848382851,0.042216513063,0.0341802611362,0.147817348811,0.0499587010325,0.00196214657093,0.0389955097102,0.117807814581,1,0.4,47,14,10,3,20,0.000505086317431,0.000109098644565,0.000505086317431,0.0517918944332,0.00543503861091,0.00725247381546,0.000505086317431,0.000109098644565,0.000505086317431,0.236087159501,0.461107732196,0.236087158884
33,0.0130425528694,0.0805052084102,0.392505310285,0.0360499253696,0.05006862712,0.0343865109249,0.1696917716,0.0307932195487,0.0128110125714,0.0169628924855,0.134886735031,0.0282962337831,1,0.4,47,14,10,3,20,0.000394699206848,8.52550286791e-05,0.000394699206848,0.0125610974742,0.00652506259324,0.00314314644071,0.000394699206848,8.52550286791e-05,0.000394699206848,0.246898691165,0.482224004922,0.24689869052
34,0.115553200472,0.212977213718,0.187769230415,0.232154166946,0.067993308585,0.00399012445608,0.0131213468054,0.0142161393929,0.103099338547,0.0414057949797,0.00540167087755,0.0023184648072,1,0.4,47,14,10,3,20,0.00289123095708,0.000624505886729,0.00289123095708,0.1859421278,0.0315702551259,0.00687458545966,0.00289123095708,0.000624505886729,0.00289123095708,0.192961036522,0.376877023473,0.192961036018
35,0.0424027925582,0.00831888481885,0.00595179367643,0.0908142102599,0.000386070721781,0.147351848235,0.283591123675,0.137476698179,0.0850030133775,0.0701159497691,0.0859822312308,0.0426053834984,1,0.4,47,14,10,3,20,5.75730121061e-07,1.24357706149e-07,5.75730121061e-07,5.27611658895e-06,6.43787827612e-06,1.76542804479e-06,5.75730121061e-07,1.24357706149e-07,5.75730121061e-07,0.252960372084,0.494063225435,0.252960371423
36,0.0132275911847,0.0429361802561,0.101543519968,0.0444616515856,0.00675343118256,0.161399249106,0.194278377825,0.161856005737,0.156400380212,0.108056032287,0.00906802589563,1.95547607243e-05,1,0.4,47,14,10,3,20,0.000938227075012,0.000202657048203,0.000938227075012,0.0441401000083,0.0165563776168,0.00431143301434,0.000938227075012,0.000202657048203,0.000938227075012,0.235467856135,0.459898155311,0.235467855519
37,0.0500070877842,0.116213478082,0.0172790969456,0.0301883866543,0.0613108113104,0.111025047307,0.0955143442564,0.123087884361,0.151433497278,0.00530409376186,0.0704970377232,0.168139234536,1,0.4,47,14,10,3,20,0.000520403544135,0.000112407165533,0.000520403544135,0.0178379854342,0.00208045764754,0.0031605799617,0.000520403544135,0.000112407165533,0.000520403544135,0.246542811156,0.481528926781,0.246542810512
38,0.101715886882,0.0854460349151,0.0632835089769,0.0162919622102,0.206871228973,0.138353086662,0.00440651382942,0.0450262168265,0.033364558972,0.117655150138,0.167083427179,0.020502424436,1,0.4,47,14,10,3,20,0.000164330331179,3.54953515347e-05,0.000164330331179,0.00240459442807,0.00177350880336,0.00065799279497,0.000164330331179,3.54953515347e-05,0.000164330331179,0.251556830074,0.491321932455,0.251556829417
39,0.0362036994551,0.042936097929,0.106182437944,0.00601591785992,0.147516079462,0.229534813989,0.0797917430054,0.0595092990899,0.067506314058,0.0147304920929,0.158360697959,0.051712407155,1,0.4,47,14,10,3,20,1.95407319981e-07,4.22079811159e-08,1.95407319981e-07,1.53557093017e-06,2.81336135668e-07,9.89759777615e-07,1.95407319981e-07,4.22079811159e-08,1.95407319981e-07,0.252963498306,0.494069331337,0.252963497645
40,0.0553470154892,0.0336929619343,0.0946931406282,0.0545850489464,0.0151009823106,0.031788154435,0.0702491344947,0.160507796337,0.0784420260842,0.0603032747423,0.329112567287,0.0161778973107,1,0.4,47,14,10,3,20,7.85666423436e-05,1.69703947462e-05,7.85666423436e-05,0.00196703110623,0.000694901642776,0.000457080493931,7.85666423436e-05,1.69703947462e-05,7.85666423436e-05,0.252087343897,0.492358092262,0.252087343238
41,0.0894091581009,0.00902668752183,0.0110956361494,0.0866903217851,0.104218751116,0.0476541456667,0.0345753618987,0.149504705639,0.0282863369885,0.150827311487,0.0847861611469,0.203925422499,1,0.4,47,14,10,3,20,7.66151948807e-05,1.65488820942e-05,7.66151948807e-05,0.0141764286949,0.00220292158225,0.000492806848242,7.66151948807e-05,1.65488820942e-05,7.66151948807e-05,0.248610475573,0.485567333834,0.248610474923
42,0.0427270944897,0.0553849191029,0.019407574928,0.31373499253,0.0930263857067,0.0676868523926,0.113567377662,0.0122663407479,0.211490875139,0.00913535615879,0.0575631759734,0.00400905516968,1,0.4,47,14,10,3,20,0.00275541667292,0.000595170001352,0.00275541667292,0.119584651082,0.018564447183,0.00847158874034,0.00275541667292,0.000595170001352,0.00275541667292,0.212785405962,0.415596494933,0.212785405405
43,0.0360004750779,0.0216442722216,0.0338339554221,0.219605764495,0.0440871183421,0.0273702894412,0.115207830272,0.0507722170938,0.118519545113,0.0787029544765,0.228229669227,0.0260259088183,1,0.4,47,14,10,3,20,0.000300183765377,6.48396933215e-05,0.000300183765377,0.0136971912275,0.00187496061226,0.00163956777989,0.000300183765377,6.48396933215e-05,0.000300183765377,0.248273927045,0.484910012492,0.248273926396
44,0.11023979453,0.0296405983199,0.0867740277051,0.072411750365,0.0491687453387,0.137155678036,0.277271707929,0.00978804010127,0.0311702470975,0.150384541656,0.0233638277631,0.0226310411578,1,0.4,47,14,10,3,20,0.000401816073205,8.67922718123e-05,0.000401816073205,0.0498335744776,0.00545207592309,0.00306309686434,0.000401816073205,8.67922718123e-05,0.000401816073205,0.237753778526,0.464362847469,0.237753777904
45,0.211214292096,0.0751401229378,0.0827792293521,0.111308006951,0.146701123942,0.0133981228508,0.115794152919,0.0308020869216,0.136517813119,0.00134171363932,0.067173938036,0.00782939723499,1,0.4,47,14,10,3,20,0.00223438983961,0.000482628205356,0.00223438983961,0.0832476295605,0.0178255481628,0.00992826563391,0.00223438983961,0.000482628205356,0.00223438983961,0.222379950695,0.434335840065,0.222379950113
46,0.0286001618099,0.154723315837,0.0304263218486,0.0552280106598,0.00655779730048,0.00406988135523,0.191711472878,0.0286191676079,0.336227133786,0.118705183338,0.001102459995,0.0440290935837,1,0.4,47,14,10,3,20,0.000303040943114,6.54568437127e-05,0.000303040943114,0.00173212327088,0.00476382192136,0.000672168842235,0.000303040943114,6.54568437127e-05,0.000303040943114,0.250811398689,0.489866011784,0.250811398033
47,0.00249824595341,0.102425749605,0.00155486075603,0.0112099308446,0.0641401626402,0.163643065446,0.103498177947,0.0653742093004,0.216730148923,0.168359097557,0.054602016677,0.0459643343503,1,0.4,47,14,10,3,20,0.000239609542769,5.17556612382e-05,0.000239609542769,0.0222880316548,0.00363809598005,0.000950053701148,0.000239609542769,5.17556612382e-05,0.000239609542769,0.245897074104,0.480267721605,0.245897073462
48,0.130061642233,0.20140912891,0.00868832758499,0.0211639448866,0.0307210941411,0.0208888822024,0.0488114952131,0.334110363402,0.0230775199633,0.0919643769273,0.0687891759722,0.0203140485638,1,0.4,47,14,10,3,20,0.000666271311732,0.000143914603334,0.000666271311732,0.0169777609722,0.00231495264855,0.00359575960042,0.000666271311732,0.000143914603334,0.000666271311732,0.246427475536,0.481303661898,0.246427474892
49,0.276132124203,0.0680692610465,0.0562511473358,0.158925785126,0.150988619349,0.0467413809417,0.0024651850717,0.0479115490208,0.0869624902646,0.0415506547007,0.0240742932326,0.0399275097071,1,0.4,47,14,10,3,20,0.00124641755632,0.000269226192164,0.00124641755632,0.0134758868402,0.0104133439791,0.00254383184415,0.00124641755632,0.000269226192164,0.00124641755632,0.244880396298,0.47828202277,0.244880395658
50,0.0862849737365,0.0947300180313,0.0543768493194,0.027516199282,0.150238790981,0.132714524495,0.0260100743636,0.0479514806053,0.0861720304471,0.148150518214,0.129888604534,0.0159659359896,1,0.4,47,14,10,3,20,0.000252588698837,5.45591589488e-05,0.000252588698837,0.0195215219187,0.0024194398449,0.000880168992432,0.000252588698837,5.45591589488e-05,0.000252588698837,0.246908306223,0.482242784331,0.246908305577
51,0.0456141853564,0.15901162973,0.0899503369135,0.0592775797825,0.130482257654,0.0329717305376,0.0117414303176,0.00846497279581,0.0867111336328,0.0348844371397,0.122254175779,0.21863613036,1,0.4,47,14,10,3,20,0.000175019635264,3.78042412171e-05,0.000175019635264,0.0105754909919,0.0013791759998,0.000762187169141,0.000175019635264,3.78042412171e-05,0.000175019635264,0.249551294417,0.487404870634,0.249551293765
52,0.0271870278277,0.194331021447,0.0744190895641,0.00683891989646,0.208553601124,0.0635953544688,0.177720778175,0.124692244015,0.0939254109222,0.0180576972625,0.00781042904196,0.0028684262551,1,0.4,47,14,10,3,20,0.00308454630067,0.000666262000945,0.00308454630067,0.352714583298,0.0382569897113,0.0197013895739,0.00308454630067,0.000666262000945,0.00308454630067,0.145620573429,0.284415181735,0.145620573048
53,0.00452860585938,0.0446545589597,0.143814359362,0.0633401570904,0.0742501418607,0.155736443898,0.0693990501882,0.00609861460306,0.211011747423,0.00753794619989,0.064488175153,0.155140199403,1,0.4,47,14,10,3,20,3.77824993812e-06,8.16101986634e-07,3.77824993812e-06,1.73408577253e-05,1.13027347063e-05,8.21813839714e-05,3.77824993812e-06,8.16101986634e-07,3.77824993812e-06,0.252932156654,0.494008117173,0.252932155993
54,0.0119757502298,0.148762720756,0.0180819684334,0.0137071245957,0.275523559447,0.0685564476136,0.00278570570707,0.117522510244,0.103186362668,0.017124151043,0.220398627699,0.00237507156408,1,0.4,47,14,10,3,20,0.00043505936831,9.3972823555e-05,0.00043505936831,0.0229245355733,0.00238206110417,0.00375504093291,0.00043505936831,9.3972823555e-05,0.00043505936831,0.245125105116,0.478759969678,0.245125104475
55,0.023972379247,0.0388089857403,0.187290809779,0.051132305062,0.0212444936586,0.203415966589,0.161268197175,0.108397707677,0.0330039156652,0.0340664216228,0.00785029873054,0.129548519053,1,0.4,47,14,10,3,20,0.000587955509333,0.000126998390016,0.000587955509333,0.0259055112573,0.0107192066225,0.000435819702749,0.000587955509333,0.000126998390016,0.000587955509333,0.242930250239,0.474473143757,0.242930249604
56,0.149043662594,0.0855090581713,0.0915289976599,0.0824407717283,0.198236789415,0.00469936306757,0.0573988322974,0.0097791867693,0.204942925855,0.024270502803,0.0630627215681,0.0290871880709,1,0.4,47,14,10,3,20,2.91218413603e-05,6.29031773383e-06,2.91218413603e-05,5.06059510166e-05,0.000538064473707,7.73284800431e-05,2.91218413603e-05,6.29031773383e-06,2.91218413603e-05,0.252763303727,0.493678326301,0.252763303066
57,0.120163705603,0.0526657949283,0.0397896919241,0.0720545179082,0.0121452017507,0.0723627951339,0.115758617416,0.263964106962,0.070632141001,0.0261389533739,0.0998496712038,0.0544748027957,1,0.4,47,14,10,3,20,0.000524353363904,0.000113260326603,0.000524353363904,0.0174384777738,0.0039059350638,0.00444595783679,0.000524353363904,0.000113260326603,0.000524353363904,0.245852508361,0.480180679137,0.245852507718
58,0.0336479684617,0.0415947959684,0.0414362645604,0.00687847450493,0.101041257475,0.205347124952,0.104515060219,0.22371957381,0.000608686241472,0.081716419981,0.123885250214,0.0356091236116,1,0.4,47,14,10,3,20,0.000152873151397,3.30206007018e-05,0.000152873151397,0.0146745843892,0.00420838834663,0.00137930920518,0.000152873151397,3.30206007018e-05,0.000152873151397,0.247667398872,0.483725387156,0.247667398224
59,0.197798264364,0.0885524539063,8.06879792612e-05,0.0494125255143,0.00573072831921,0.134866936726,0.0941098775885,0.0272045023438,0.0554794542026,0.114431501761,0.199877750582,0.0324553167137,1,0.4,47,14,10,3,20,0.000102968821436,2.22412654303e-05,0.000102968821436,0.0289409331101,0.00311816290829,0.000434097493234,0.000102968821436,2.22412654303e-05,0.000102968821436,0.244629362988,0.477791723336,0.244629362348
60,0.0642090430011,0.0188218498114,0.0528509581585,0.139903084452,0.0987108654928,0.0509209352146,0.0129925569273,0.212968588823,0.313546797332,0.018664429576,0.0117468400512,0.00466405116055,1,0.4,47,14,10,3,20,0.00366159996638,0.000790905592738,0.00366159996638,0.177808307266,0.0302772111334,0.0509196508049,0.00366159996638,0.000790905592738,0.00366159996638,0.183340172942,0.358086274341,0.183340172462
61,0.00901091392061,0.0458697974072,0.0721762648869,0.0886027529565,0.100371174795,0.0561779837849,0.325774469405,0.0339457091829,0.0348596065519,0.00471455173728,0.0486960510879,0.179800724285,1,0.4,47,14,10,3,20,0.000237553872952,5.13116365576e-05,0.000237553872952,0.0341665679485,0.00295334359265,0.00210784716852,0.000237553872952,5.13116365576e-05,0.000237553872952,0.242774869097,0.474169664966,0.242774868462
62,0.0959780267599,0.258572093596,0.032292253412,0.0104506134976,0.175662762613,0.0054677182794,0.129147386541,0.0189946995436,0.021557556343,0.0985716215373,0.101929046296,0.0513762215817,1,0.4,47,14,10,3,20,0.000237625474002,5.13271023843e-05,0.000237625474002,0.0150823116149,0.00401443277433,0.00218324096926,0.000237625474002,5.13271023843e-05,0.000237625474002,0.247314937031,0.483036985126,0.247314936384
63,0.00177930725239,0.243894664379,0.117126604737,0.0237303244394,0.00404372916204,0.162723461291,0.0900521315487,0.0176647060352,0.0737956261233,0.0146760273675,0.133176638331,0.117336779333,1,0.4,47,14,10,3,20,0.000187326246466,4.04624692368e-05,0.000187326246466,0.00419153007331,0.00232154808247,0.00189096825295,0.000187326246466,4.04624692368e-05,0.000187326246466,0.250628483947,0.489508756429,0.250628483292
64,0.0221747883765,0.295486442042,0.0461469791548,0.0542577917062,0.0191517086669,0.00574689669026,0.0387671191641,0.108766178578,0.216226527816,0.0697409842022,0.00425860933234,0.11927597427,1,0.4,47,14,10,3,20,0.000380997231873,8.22954020845e-05,0.000380997231873,0.00592068225389,0.00234112948215,0.00379266002495,0.000380997231873,8.22954020845e-05,0.000380997231873,0.24948792422,0.487281100719,0.249487923568
65,0.0730913392435,0.0719332321813,0.038057217424,0.406000275718,0.121776571649,0.0602522697713,0.00991885695002,0.0249847321905,0.0360984712559,0.100023742712,0.00686900804679,0.0509942828579,1,0.4,47,14,10,3,20,0.000776920394961,0.000167814805312,0.000776920394961,0.0223949847279,0.00455891617057,0.00788122920574,0.000776920394961,0.000167814805312,0.000776920394961,0.243281343389,0.475158872564,0.243281342753
66,0.0837769636474,0.175442745223,0.0519030917667,0.0376221304388,0.030273289561,0.159199558857,0.0734652199555,0.0586617254408,0.155889654112,0.0290615678333,0.076116570132,0.0685874830316,1,0.4,47,14,10,3,20,0.000450804129234,9.73736919146e-05,0.000450804129234,0.0487416327779,0.00723114640912,0.00337242508797,0.000450804129234,9.73736919146e-05,0.000450804129234,0.237446787961,0.463763256523,0.23744678734
67,0.00332949270897,0.195880784914,0.217473975216,0.0778187838102,0.030461704386,0.197013494095,0.0220633738978,0.148914145599,0.0367726210358,0.0338983800526,0.0349012204803,0.0014720238045,1,0.4,47,14,10,3,20,0.00206392001164,0.000445806722514,0.00206392001164,0.1135235541,0.017743227792,0.00656718559912,0.00206392001164,0.000445806722514,0.00206392001164,0.215783396853,0.421451945876,0.215783396289
68,0.00513743841542,0.0200701377783,0.0353343629167,0.0163310327858,0.0920751565667,0.0867611567917,0.0424795278635,0.0781722157697,0.05032557429,0.349755073691,0.026663239624,0.196895083508,1,0.4,47,14,10,3,20,5.00997510515e-05,1.08215462271e-05,5.00997510515e-05,0.00289783957027,0.000289236284018,0.000512189365826,5.00997510515e-05,1.08215462271e-05,5.00997510515e-05,0.251972476112,0.492133741119,0.251972475453
69,0.0221316008706,0.0488633187569,0.0314123488193,0.14582637265,0.0942656867382,0.011086595582,0.0632712554873,0.00644673560532,0.322432076672,0.00850907345324,0.0853534802528,0.160401455113,1,0.4,47,14,10,3,20,0.000303054913097,6.54598612289e-05,0.000303054913097,0.0102453915919,0.0019912264443,0.00146932126509,0.000303054913097,6.54598612289e-05,0.000303054913097,0.249157545802,0.486635830372,0.24915754515
70,0.110947012881,0.00990811871541,0.0967665972765,0.0386552675336,0.154669309975,0.259179509695,0.103398449739,0.0116078449032,0.0115783864161,0.0414827186849,0.036172856975,0.125633927205,1,0.4,47,14,10,3,20,0.000527364088363,0.000113910643086,0.000527364088363,0.0110793379314,0.00185843338015,0.00371436769868,0.000527364088363,0.000113910643086,0.000527364088363,0.248160780463,0.484689023074,0.248160779814
71,0.0554544352976,0.0279521531298,0.0558516294453,0.0316960618575,0.0175958686585,0.0842995539151,0.00424633584902,0.0345161971456,0.263263593644,0.168643495661,0.193125104168,0.063355571228,1,0.4,47,14,10,3,20,4.94756332456e-05,1.0686736781e-05,4.94756332456e-05,0.000504702258352,0.000456454100526,0.000365155889227,4.94756332456e-05,1.0686736781e-05,4.94756332456e-05,0.252573448524,0.493307515358,0.252573447863
72,0.0252509424088,0.440693673406,0.000707691004563,0.0265882881012,0.0541098334544,0.159284965314,0.0425566981054,0.0313132860104,0.124922279398,0.0474648923705,0.0417750736106,0.00533237681637,1,0.4,47,14,10,3,20,0.000748631303571,0.000161704361571,0.000748631303571,0.0081996983532,0.0205693933769,0.00109333893921,0.000748631303571,0.000161704361571,0.000748631303571,0.244570975439,0.477677685155,0.244570974799
73,0.174055967031,0.0290547192198,0.114937901009,0.257502345212,0.0735918594523,0.0125420883082,0.00861046189022,0.0838189787123,0.0166680527974,0.182403953732,0.0263650540538,0.020448618582,1,0.4,47,14,10,3,20,0.000319089011277,6.89232264358e-05,0.000319089011277,0.00261304999103,0.00145308620697,0.000688112989346,0.000319089011277,6.89232264358e-05,0.000319089011277,0.251404028523,0.491023491926,0.251404027866
74,0.0317023649933,0.0498376734671,0.312289420695,0.0179222470869,0.0659928618589,0.0333833883344,0.0341697146226,0.138454504496,0.145966492849,0.0311133541172,0.102405974932,0.0367620025473,1,0.4,47,14,10,3,20,0.000514854082242,0.000111208481764,0.000514854082242,0.00865306651655,0.00408234212577,0.00398499033051,0.000514854082242,0.000111208481764,0.000514854082242,0.248157538568,0.484682691248,0.248157537919
75,0.168367575929,0.0724444554912,0.0442378396576,0.0221711723722,0.0411862675224,0.0425631032917,0.0471917689646,0.132237317528,0.0690006609636,0.0553974210846,0.266630548459,0.0385718687366,1,0.4,47,14,10,3,20,0.000117921934769,2.547113791e-05,0.000117921934769,0.0206735002674,0.00200461087026,0.000459719367454,0.000117921934769,2.547113791e-05,0.000117921934769,0.246979172525,0.482381195076,0.246979171879
76,0.145907593453,0.0708273968513,0.0759739622975,0.033909682585,0.0202300217735,0.0575003154482,0.116312050341,0.122743818573,0.172754575416,0.0985819032513,0.0287383048174,0.0565203751939,1,0.4,47,14,10,3,20,0.000371500430652,8.02440930208e-05,0.000371500430652,0.0423707596629,0.00559337752001,0.00476423917418,0.000371500430652,8.02440930208e-05,0.000371500430652,0.239209520463,0.467206093433,0.239209519838
77,0.0252566639058,0.0745449636685,0.0295390087561,0.0668423461365,0.0724467309187,0.166080705165,0.0216255718917,0.0998068381214,0.228017567503,0.0114511098167,0.130449997333,0.0739384967837,1,0.4,47,14,10,3,20,0.000481647741899,0.00010403591225,0.000481647741899,0.0157829674154,0.00493701267565,0.00161881624212,0.000481647741899,0.00010403591225,0.000481647741899,0.246773512798,0.481979515924,0.246773512153
78,0.0731504532804,0.245104906458,0.058261325396,0.00731680588594,0.0273309069444,0.0282672350308,0.0447783564181,0.17014103166,0.183725268923,0.12277649097,0.0252708474531,0.0138763715808,1,0.4,47,14,10,3,20,0.000674097782034,0.000145605120919,0.000674097782034,0.037785449955,0.00701860055503,0.00510733707577,0.000674097782034,0.000145605120919,0.000674097782034,0.239582864922,0.467935281827,0.239582864295
79,0.0617836935859,0.0646955654746,0.0588604470431,0.0489090808234,0.00690058708997,0.106166415559,0.142280154183,0.181290961337,0.114510092073,0.00409288743981,0.00546831274413,0.205041802647,1,0.4,47,14,10,3,20,0.000244338904326,5.27772033344e-05,0.000244338904326,0.00480421500495,0.00305690733721,0.00269997701632,0.000244338904326,5.27772033344e-05,0.000244338904326,0.250018907206,0.48831817686,0.250018906552
80,0.178347585391,0.102860132138,0.0140104575615,0.0402769133674,0.0391431911302,0.0493789138659,0.0523812888064,0.0408515174156,0.0173561964188,0.00490488189258,0.408843241444,0.0516456805681,1,0.4,47,14,10,3,20,6.36475506936e-05,1.37478709498e-05,6.36475506936e-05,0.00139021458917,0.000348557017394,0.00105116787563,6.36475506936e-05,1.37478709498e-05,6.36475506936e-05,0.252187314218,0.492553346795,0.252187313559
81,0.0168277131534,0.178848103725,0.175778597687,0.0223640890483,0.26121925044,0.0715950563259,0.0898423949096,0.0391686932551,0.00851928021274,0.0207771697762,0.0953052634984,0.0197543879685,1,0.4,47,14,10,3,20,0.00049814238252,0.000107598754624,0.00049814238252,0.0123128872387,0.00637258682347,0.00780848486251,0.00049814238252,0.000107598754624,0.00049814238252,0.245703911698,0.479890451281,0.245703911056
82,0.104992303355,0.0687225675156,0.154669936132,0.077185477238,0.301131817197,0.0311791596856,0.054362798965,0.022600834535,0.134049980975,0.00628573909362,0.0191356125265,0.0256837727816,1,0.4,47,14,10,3,20,0.00449699051954,0.00097134995222,0.00449699051954,0.0810006838151,0.0237196533849,0.0147399270826,0.00449699051954,0.00097134995222,0.00449699051954,0.217703481528,0.425202111248,0.217703480959
83,0.0149898525186,0.0175886539585,0.265625586583,0.0711839055635,0.0100406975334,0.0425176580161,0.177077465639,0.234664314107,0.029146159611,0.0623721928009,0.00821861112896,0.0665749025398,1,0.4,47,14,10,3,20,0.000504486752624,0.000108969138567,0.000504486752624,0.0804989391475,0.00459866833852,0.00809058485307,0.000504486752624,0.000108969138567,0.000504486752624,0.228825530217,0.446924862537,0.228825529619
84,0.0646892494253,0.156602743586,0.200965431798,0.0790147756913,0.0623724866029,0.0790804205907,0.0912612865552,0.0347822450917,0.0163191956496,0.0544654916457,0.0220511460737,0.138395527289,1,0.4,47,14,10,3,20,0.000284412457164,6.14330907474e-05,0.000284412457164,0.0104594725609,0.00619479734131,0.00152031909329,0.000284412457164,6.14330907474e-05,0.000284412457164,0.248048037163,0.484468821317,0.248048036514
85,0.0238644796302,0.103088635818,0.176451645938,0.0952851319833,0.00553421956678,0.0245760102772,0.0344382337358,0.177667318355,0.0249599395389,0.26477247557,0.0161344177628,0.0532274918236,1,0.4,47,14,10,3,20,0.000216296716396,4.67200907415e-05,0.000216296716396,0.0107986410654,0.00123225505668,0.00245822015936,0.000216296716396,4.67200907415e-05,0.000216296716396,0.249056697826,0.48643886167,0.249056697175
86,0.0198824724905,0.0768167950592,0.109024447632,0.10892291393,0.0270411678023,0.268381802615,0.195320472842,0.0148633469402,0.0629511463927,0.0872806494832,0.0093925195821,0.0201222652306,1,0.4,47,14,10,3,20,0.000733177840748,0.000158366413602,0.000733177840748,0.0361426773037,0.0112681547254,0.00947372015362,0.000733177840748,0.000158366413602,0.000733177840748,0.237752665413,0.464360673422,0.237752664792
87,0.269368805524,0.027835175285,0.0568181456973,0.00772128462824,0.0524284739048,0.0344626479313,0.109702937177,0.137641472124,0.03385804296,0.23043612154,0.0388745466017,0.000852346627102,1,0.4,47,14,10,3,20,0.000308449278951,6.66250442533e-05,0.000308449278951,0.006042732072,0.00214241699623,0.00150347626664,0.000308449278951,6.66250442533e-05,0.000308449278951,0.250167735498,0.488608857118,0.250167734844
88,0.114393939995,0.103214557759,0.18692035485,0.156745923718,0.0360233438169,0.00509923094666,0.0538272920434,0.0217795198268,0.0601312248737,0.0553847363405,0.186402113849,0.0200777619811,1,0.4,47,14,10,3,20,0.000247451237493,5.34494672985e-05,0.000247451237493,0.0452379795867,0.00159893235455,0.00136170475515,0.000247451237493,5.34494672985e-05,0.000247451237493,0.240494464829,0.46971575039,0.2404944642
89,0.118860354629,0.103701489151,0.0555996412754,0.0523318323128,0.0128496411209,0.27499232914,0.0362909877312,0.0709970720517,0.0146579537301,0.141657506017,0.00304761020001,0.115013582641,1,0.4,47,14,10,3,20,0.000363990262937,7.86218967943e-05,0.000363990262937,0.0391389692978,0.00386053368521,0.00136520320485,0.000363990262937,7.86218967943e-05,0.000363990262937,0.241333651435,0.471354786727,0.241333650804
90,0.0535003844105,0.0446607151124,0.154320263026,0.0765048954967,0.0671416822125,0.036367862841,0.0130534386378,0.0964411143898,0.0364110005395,0.0408283345508,0.00786807549044,0.372902233293,1,0.4,47,14,10,3,20,3.52660873569e-05,7.6174748691e-06,3.52660873569e-05,0.000133033557756,0.000272585717486,0.0001700843924,3.52660873569e-05,7.6174748691e-06,3.52660873569e-05,0.25277925666,0.493709484374,0.252779255999
91,0.0514654993573,0.0605038235366,0.0878098677996,0.180795710322,0.132649711696,0.0433131429747,0.109294690223,0.0561856717002,0.111730697957,0.1019841244,0.0353730189456,0.0288940410894,1,0.4,47,14,10,3,20,0.000502342798971,0.000108506044578,0.000502342798971,0.0429734482694,0.00516112922617,0.00503496472551,0.000502342798971,0.000108506044578,0.000502342798971,0.238951228797,0.466701617524,0.238951228172
92,0.320032707369,0.03546642201,0.010988679118,0.0404849092929,0.111771884254,0.00298912622604,0.0975249176874,0.000493215748285,0.0311865867819,0.00348705994303,0.114061082273,0.231513409296,1,0.4,47,14,10,3,20,9.7748310286e-05,2.11136350218e-05,9.7748310286e-05,0.00116541687727,0.00068462309887,0.000692583340554,9.7748310286e-05,2.11136350218e-05,9.7748310286e-05,0.252211644742,0.492600867348,0.252211644082
93,0.119544283906,0.00575975628281,0.31822892399,0.0480169393971,0.00362124399696,0.0285644961058,0.117666451148,0.0611904500024,0.00348484505711,0.197192697352,0.0953160880863,0.00141382467534,1,0.4,47,14,10,3,20,0.000154320455007,3.33332182815e-05,0.000154320455007,0.0087493706141,0.00403765718592,0.000666364372791,0.000154320455007,3.33332182815e-05,0.000154320455007,0.249388183145,0.487086293932,0.249388182493
94,0.0275493112833,0.0364678996426,0.170350747639,0.130047248824,0.0664901828788,0.225983460226,0.0226121361263,0.0160802425302,0.102386014874,0.11570339062,0.0314771493867,0.054852215968,1,0.4,47,14,10,3,20,0.000157461442584,3.40116715981e-05,0.000157461442584,0.00252504555333,0.00431176661201,0.000804763973921,0.000157461442584,3.40116715981e-05,0.000157461442584,0.250854844379,0.489950866646,0.250854843723
