run_ID,t1_initial,t2_initial,t3_initial,t4_initial,t5_initial,t6_initial,t7_initial,t8_initial,t9_initial,t10_initial,t11_initial,t12_initial,alpha,prior_cost_c,lambda,k,sample_amount,learning_parameter,generations,t1_final,t2_final,t3_final,t4_final,t5_final,t6_final,t7_final,t8_final,t9_final,t10_final,t11_final,t12_final
0,0.0140141567082,0.0829120756717,0.381477156156,0.0729809919129,0.0585291987142,0.01416286032,0.0274331810535,0.0475566865534,0.00414189997381,0.0839641918223,0.19660228679,0.0162253143242,1,0.4,50,12,10,3,20,1.26137209721e-06,2.72456372998e-07,1.26137209721e-06,1.03872421859e-05,1.37453963572e-05,7.80910304513e-06,1.26137209721e-06,2.72456372998e-07,1.26137209721e-06,0.252954932675,0.494052602634,0.252954932549
1,0.0463290910143,0.221845882196,0.0446805460302,0.0723226819354,0.0474982211698,0.0725352050007,0.077432056275,0.0540528862059,0.0814355737018,0.0684208979452,0.129344819144,0.0841021393823,1,0.4,50,12,10,3,20,2.93683590372e-06,6.34356555204e-07,2.93683590372e-06,1.22054755079e-05,9.64027383226e-06,3.195095315e-06,2.93683590372e-06,6.34356555204e-07,2.93683590372e-06,0.25295479993,0.494052343366,0.252954799803
2,0.20243973264,0.0559868247947,0.0768403642181,0.041529672184,0.0674758785582,0.0524915890797,0.0592877054914,0.02094838699,0.00392947026568,0.332278117486,0.0361495029232,0.050642755369,1,0.4,50,12,10,3,20,0.000115350469285,2.49157013656e-05,0.000115350469285,0.00144464497227,0.000302483914323,0.00043016491786,0.000115350469285,2.49157013656e-05,0.000115350469285,0.252284325259,0.492742822524,0.252284325133
3,0.0557400664427,0.0553274521579,0.0131073672666,0.134165726501,0.00480379297675,0.404869780788,0.0701244750118,0.0231736926312,0.0940384683963,0.0232985726624,0.120747950715,0.000602654450033,1,0.4,50,12,10,3,20,5.67403220023e-07,1.22559095525e-07,5.67403220023e-07,9.98665867612e-06,3.35958018195e-06,1.26219443774e-05,5.67403220023e-07,1.22559095525e-07,5.67403220023e-07,0.252957221808,0.494057073596,0.252957221681
4,0.113874161373,0.051679891117,0.173415339223,0.0191608050816,0.0301562557321,0.0526587899589,0.0184137936046,0.123592812165,0.0648601140292,0.0164771034558,0.0434846161561,0.292226318105,1,0.4,50,12,10,3,20,1.16366453752e-07,2.51351540104e-08,1.16366453752e-07,5.63245110539e-06,3.75172927049e-07,4.43326861498e-07,1.16366453752e-07,2.51351540104e-08,1.16366453752e-07,0.252962664648,0.494067704144,0.252962664521
5,0.239563708791,0.0589805640934,0.0443874666893,0.0258035980779,0.261926785312,0.0665146349311,0.00970354305689,0.0894327585121,0.0346985944394,0.128739893192,0.0236669777516,0.0165814751532,1,0.4,50,12,10,3,20,0.000562750796357,0.000121554172013,0.000562750796357,0.0152129325978,0.00754142580883,0.00154635899806,0.000562750796357,0.000121554172013,0.000562750796357,0.246186288425,0.480832594339,0.246186288302
6,0.021867103482,0.0135885242681,0.0166516401344,0.0389242357879,0.196844244774,0.0449433460763,0.00330540076904,0.182660388771,0.220406580297,0.0961638898921,0.0772972775354,0.0873473682124,1,0.4,50,12,10,3,20,1.00146103077e-06,2.16315582645e-07,1.00146103077e-06,1.15988375047e-05,7.07022234441e-06,4.16496203618e-06,1.00146103077e-06,2.16315582645e-07,1.00146103077e-06,0.252957528,0.494057671629,0.252957527874
7,0.00260616809,0.280984412063,0.0019684240339,0.0625665001704,0.129247746962,0.102154811275,0.01211112054,0.165481594202,0.0894505787084,0.00488705870894,0.0832093444066,0.0653322408403,1,0.4,50,12,10,3,20,0.000501743681656,0.000108376635238,0.000501743681656,0.0783710430702,0.00869466536791,0.00368848000049,0.000501743681656,0.000108376635238,0.000501743681656,0.22944432162,0.44813344044,0.229444321505
8,0.0599315204428,0.0560005916591,0.159155060828,0.0449313853177,0.138237307629,0.0774019972501,0.0714673437632,0.0469452755375,0.040443974435,0.146108764935,0.157694529368,0.0016822488351,1,0.4,50,12,10,3,20,0.000214826472801,4.64025181249e-05,0.000214826472801,0.0151922428373,0.00218650680862,0.0022334452823,0.000214826472801,4.64025181249e-05,0.000214826472801,0.247762389125,0.483910916018,0.247762389001
9,0.0940678478664,0.0645318537601,0.00887204000907,0.0997197727631,0.299037027311,0.0515661216087,0.00197314567293,0.142634161194,0.104450800191,0.00713353707547,0.107689422847,0.0183242697017,1,0.4,50,12,10,3,20,0.000859225802508,0.000185592773342,0.000859225802508,0.0214863732647,0.00865201457203,0.00634672366329,0.000859225802508,0.000185592773342,0.000859225802508,0.242771680658,0.474163438548,0.242771680537
10,0.171722110744,0.00289354846471,0.0066610576875,0.286839302419,0.00815636259679,0.108028104497,0.211752408061,0.0536689443595,0.0911212912493,0.0408732775849,0.00666250438604,0.0116210879515,1,0.4,50,12,10,3,20,0.00326531707947,0.000705308489166,0.00326531707947,0.0738530458517,0.0251336853642,0.00985218196126,0.00326531707947,0.000705308489166,0.00326531707947,0.221771181497,0.433146838644,0.221771181386
11,0.0328050860267,0.0754555141797,0.145632337115,0.0284879601952,0.0484401636065,0.0501640479417,0.151384138128,0.0168929904369,0.0220767379646,0.0221679264082,0.299321196567,0.10717190143,1,0.4,50,12,10,3,20,4.78988995108e-07,1.03461622943e-07,4.78988995108e-07,5.24761673791e-06,2.84944591404e-06,1.56715470251e-06,4.78988995108e-07,1.03461622943e-07,4.78988995108e-07,0.252961445256,0.494065322518,0.252961445129
12,0.0884248232272,0.0624216719719,0.080655652172,0.0844146469148,0.158080113447,0.0370147289172,0.0172015590163,0.0335087450842,0.0827503023335,0.00176226717556,0.0797897153334,0.273975774407,1,0.4,50,12,10,3,20,6.68908866706e-08,1.44484315208e-08,6.68908866706e-08,4.30777140574e-06,3.57565036295e-07,3.23766686949e-07,6.68908866706e-08,1.44484315208e-08,6.68908866706e-08,0.252963089912,0.494068534738,0.252963089786
13,0.358236028192,0.0430447003632,0.0739072699124,0.0233135845673,0.0861428287253,0.145127524506,0.0108639517317,0.00355084898176,0.0770698263367,0.0259097175149,0.151043129654,0.00179058951431,1,0.4,50,12,10,3,20,0.000458229900607,9.89776585311e-05,0.000458229900607,0.00669606392184,0.00291494915316,0.00131601106341,0.000458229900607,9.89776585311e-05,0.000458229900607,0.249686539462,0.487669022143,0.249686539337
14,0.0894913678594,0.0351284246077,0.153527660007,0.196650127937,0.0759799897759,0.161105467191,0.0673807110575,0.0317887909165,0.00673513325603,0.0129783847312,0.141616621273,0.0276173213879,1,0.4,50,12,10,3,20,0.000388900866479,8.40025871595e-05,0.000388900866479,0.0026994658308,0.00180249484774,0.00202464257951,0.000388900866479,8.40025871595e-05,0.000388900866479,0.250877416847,0.489994954534,0.250877416721
15,0.129066088574,0.113265037725,0.0202186799821,0.17377142328,0.374904295099,0.0163702089473,0.00643716804194,0.03195685117,0.0449818350838,0.000606542350084,0.0848534938788,0.00356837586843,1,0.4,50,12,10,3,20,0.00137471595272,0.000296938645788,0.00137471595272,0.0495639142211,0.00474539958869,0.0220524301134,0.00137471595272,0.000296938645788,0.00137471595272,0.232106375416,0.453332764258,0.2321063753
16,0.00617261927398,0.122531088594,0.0218533718713,0.0363293915088,0.0885123004545,0.146105820678,0.0619873439029,0.20405688249,0.0555009492069,0.0785085015173,0.117063786729,0.0613779437741,1,0.4,50,12,10,3,20,0.000118184898614,2.55279381006e-05,0.000118184898614,0.000897290611068,0.00208373879358,0.000546760610653,0.000118184898614,2.55279381006e-05,0.000118184898614,0.251939519971,0.492069374698,0.251939519845
17,0.0782442030542,0.00933640174411,0.00305530709579,0.0137574096945,0.0304200733959,0.0286675344624,0.162082997159,0.202927277435,0.0297233134128,0.392912568879,0.0152726757318,0.0336002379357,1,0.4,50,12,10,3,20,5.67203478968e-05,1.22515951457e-05,5.67203478968e-05,0.000456817039287,0.000207796776177,0.000326162598612,5.67203478968e-05,1.22515951457e-05,5.67203478968e-05,0.252650204427,0.493457430276,0.252650204301
18,0.0570294636352,0.114114151399,0.0462294871347,0.00070943552174,0.0450284908228,0.072687741214,0.0596756956021,0.328664147081,0.00613341703587,0.0447617217968,0.0832600068139,0.141706241944,1,0.4,50,12,10,3,20,0.000200465669133,4.33005845328e-05,0.000200465669133,0.00512161570715,0.00245838619656,0.00170126657095,0.000200465669133,4.33005845328e-05,0.000200465669133,0.250391846463,0.489046574879,0.250391846338
19,0.168696645178,0.0458014450323,0.000358721430349,0.0393847574073,0.110668445412,0.014309848839,0.00509941800849,0.0795238395821,0.296145197448,0.0143654698631,0.104229083321,0.121417128478,1,0.4,50,12,10,3,20,0.000383157795174,8.27620837576e-05,0.000383157795174,0.0196443224638,0.00565612644171,0.000888043325823,0.000383157795174,8.27620837576e-05,0.000383157795174,0.245910097147,0.48029315825,0.245910097024
20,0.0540189101291,0.0497652179551,0.148368786649,0.163058681725,0.11577053347,0.0752836063558,0.0247257474708,0.0669229812497,0.0224799001283,0.224527818529,0.0393753953033,0.015702421036,1,0.4,50,12,10,3,20,0.000125317131311,2.70685003631e-05,0.000125317131311,0.00684932018249,0.000674820405009,0.00121174663765,0.000125317131311,2.70685003631e-05,0.000125317131311,0.250614060425,0.489480586524,0.2506140603
21,0.148074349247,0.0596347471012,0.126520190609,0.0675578398966,0.0273127452807,0.00999884982749,0.0102123433589,0.0194667922359,0.0867935307172,0.0120072186919,0.0737330755918,0.358688317442,1,0.4,50,12,10,3,20,5.73235649708e-05,1.23818900337e-05,5.73235649708e-05,0.0007329005201,0.000344783564348,0.000603088373165,5.73235649708e-05,1.23818900337e-05,5.73235649708e-05,0.252474983684,0.493115202261,0.252474983558
22,0.0528125167707,0.114764302668,0.00454225901967,0.134472410503,0.116652652485,0.0321307614095,0.0472278657499,0.111024009995,0.0411408239797,0.0904433110128,0.0703794662647,0.184409620143,1,0.4,50,12,10,3,20,0.000175389559241,3.7884144796e-05,0.000175389559241,0.00887389312809,0.000915030205399,0.00319197609995,0.000175389559241,3.7884144796e-05,0.000175389559241,0.249484085226,0.487273603713,0.249484085101
23,0.0663501705963,0.165024721061,0.013527407509,0.121320451927,0.00947854654529,0.0847067025059,0.0657085606381,0.249434401496,0.00847988948455,0.0781172877704,0.100047987757,0.0378038727101,1,0.4,50,12,10,3,20,0.000193351141063,4.17638464697e-05,0.000193351141063,0.00202736478214,0.00272826895734,0.000932726880194,0.000193351141063,4.17638464697e-05,0.000193351141063,0.25130870071,0.490837305829,0.251308700584
24,0.298897856526,0.0740292211765,0.00494554465771,0.0188001352939,0.113344380581,0.0890090758243,0.0175428944525,0.0592307231898,0.172466871077,0.0487680876987,0.0354976551942,0.0674675543291,1,0.4,50,12,10,3,20,0.000923008763943,0.000199369893012,0.000923008763943,0.0191315756742,0.00560030429177,0.00206781317983,0.000923008763943,0.000199369893012,0.000923008763943,0.245150237439,0.478809057258,0.245150237316
25,0.16471097767,0.159151534436,0.0559834183334,0.00399029694013,0.03132949167,0.0296122726012,0.274849606619,0.0165219069821,0.0294129595446,0.0250885342023,0.14646210498,0.0628868960217,1,0.4,50,12,10,3,20,0.000244225338899,5.27526732022e-05,0.000244225338899,0.00215538912711,0.00221036911303,0.000403803865392,0.000244225338899,5.27526732022e-05,0.000244225338899,0.251484087036,0.491179857246,0.25148408691
26,0.115329323259,0.0925086330017,0.00831662575992,0.169751363925,0.273550839811,0.0916147530999,0.00687288525232,0.0110520647456,0.0212062391358,0.135935684396,0.0128499580117,0.0610116296011,1,0.4,50,12,10,3,20,0.00049005239741,0.000105851317841,0.00049005239741,0.0290560909779,0.00525324372311,0.0045708231549,0.00049005239741,0.000105851317841,0.00049005239741,0.242579713588,0.473788502864,0.242579713467
27,0.00929666815361,0.0216209779424,0.0197966520768,0.109931323284,0.135921189528,0.112990889699,0.0310788463739,0.182936876788,0.00212376207378,0.0727814374303,0.179125364721,0.12239601193,1,0.4,50,12,10,3,20,0.000109790271539,2.37146986525e-05,0.000109790271539,0.004555351069,0.00102709876361,0.00182090065923,0.000109790271539,2.37146986525e-05,0.000109790271539,0.250968552574,0.490172954002,0.250968552449
28,0.177432247047,0.0113499396046,0.0538896999176,0.11735898192,0.0287069070353,0.0297991778889,0.282731306795,0.0111802463831,0.00797883893285,0.157576567704,0.0662199643463,0.0557761224247,1,0.4,50,12,10,3,20,0.000313371131392,6.76881643807e-05,0.000313371131392,0.00655497015452,0.00127804795711,0.00136550069495,0.000313371131392,6.76881643807e-05,0.000313371131392,0.250286196543,0.488840227378,0.250286196418
29,0.0138477833052,0.0733500188847,0.00640227824535,0.2482197549,0.0051745399346,0.0715035217021,0.272959375993,0.076452614712,0.0501700076912,0.000122236927209,0.179317158729,0.00248070897599,1,0.4,50,12,10,3,20,0.00057526844927,0.000124257985042,0.00057526844927,0.0187992009325,0.00592456013513,0.00382525565965,0.00057526844927,0.000124257985042,0.00057526844927,0.2450975858,0.478706222027,0.245097585678
30,0.029799878563,0.0934691488949,0.00606822334161,0.00254250339853,0.090883833209,0.00141579733307,0.0437715546858,0.220141529017,0.341109187856,0.00233703753643,0.000618991092585,0.167842315071,1,0.4,50,12,10,3,20,0.000664900319457,0.000143618469003,0.000664900319457,0.0302794459629,0.00737897744636,0.0046100260131,0.000664900319457,0.000143618469003,0.000664900319457,0.241526567644,0.471731577194,0.241526567523
31,0.0540017097916,0.0258020462544,0.0152031000023,0.0698624040725,0.00354414540624,0.0199704875378,0.580555692682,0.0103076396044,0.0911412685446,0.0942944061835,0.019757889771,0.0155592101494,1,0.4,50,12,10,3,20,5.6718724136e-06,1.22512444134e-06,5.6718724136e-06,2.92008858436e-05,2.18422887554e-05,1.69349632967e-05,5.6718724136e-06,1.22512444134e-06,5.6718724136e-06,0.252940871968,0.494025140315,0.252940871841
32,0.0162401090122,0.00241763027166,0.000458892993093,0.231232473096,0.0773662601407,0.297917717337,0.0759798547053,0.0729716166173,0.0290293531917,0.125853001223,0.0692101364218,0.00132295499072,1,0.4,50,12,10,3,20,0.00063966846795,0.000138168389077,0.00063966846795,0.0394538844473,0.00510768230267,0.00427924955314,0.00063966846795,0.000138168389077,0.00063966846795,0.239892281018,0.46853961113,0.239892280899
33,0.00578958860486,0.187033160225,0.141144016431,0.0963067794471,0.072290030321,0.072099818716,0.0330954655374,0.0578475527558,0.101375676364,0.12066078415,0.0711762400538,0.0411808873942,1,0.4,50,12,10,3,20,0.000282879805359,6.11020379575e-05,0.000282879805359,0.00499220855696,0.00278369486466,0.00164114654631,0.000282879805359,6.11020379575e-05,0.000282879805359,0.250265100928,0.488799025005,0.250265100802
34,0.0851891340354,0.23457206936,0.0394523198473,0.00710203137571,0.330387675165,0.071490664909,0.0363533427707,0.0686600215103,0.0423315363192,0.05452782278,0.00445090395716,0.0254824779698,1,0.4,50,12,10,3,20,0.00105768362973,0.000228459664022,0.00105768362973,0.0403902256806,0.0250761520782,0.0103415446835,0.00105768362973,0.000228459664022,0.00105768362973,0.232601909642,0.454300604543,0.232601909526
35,0.0247394928013,0.0295603139541,0.0990914425443,0.0362663120938,0.126116775221,0.151984746287,0.0454901540422,0.0269655838419,0.111428190864,0.299851812432,0.0391043256215,0.00940085029629,1,0.4,50,12,10,3,20,0.000118196648146,2.55304759996e-05,0.000118196648146,0.00121015803364,0.000357824379395,0.00103929993066,0.000118196648146,2.55304759996e-05,0.000118196648146,0.252172362494,0.49252414525,0.252172362368
36,0.0969582175388,0.0531845743329,0.0385263402221,0.123567555066,0.00818352711592,0.044267394879,0.100390443995,0.0113442557239,0.0201311325289,0.0343373559178,0.406392941715,0.0627162609646,1,0.4,50,12,10,3,20,2.10476500138e-05,4.54629240298e-06,2.10476500138e-05,0.000876732587923,0.000451146841553,5.21366655965e-05,2.10476500138e-05,4.54629240298e-06,2.10476500138e-05,0.252591734664,0.493343231519,0.252591734538
37,0.0787490912922,0.135725713208,0.121186477671,0.159502570572,0.0799809318119,0.00642004867374,0.0373754620961,0.0260125205789,0.165084682328,0.0812693576383,0.0431923159439,0.0655008281868,1,0.4,50,12,10,3,20,2.47441511552e-06,5.34473664953e-07,2.47441511552e-06,3.13907055038e-05,2.59369958686e-05,8.52770626205e-06,2.47441511552e-06,5.34473664953e-07,2.47441511552e-06,0.252944993735,0.494033190641,0.252944993608
38,0.0277713545543,0.307351951475,0.282361539945,0.0515023558083,0.0745540731966,0.0226308393417,0.0696938910175,0.0920747440595,0.0158182314584,0.00686915490315,0.0460003029851,0.0033715612557,1,0.4,50,12,10,3,20,2.65785350175e-06,5.74096356378e-07,2.65785350175e-06,1.70245835798e-05,9.57099816901e-06,4.11754445212e-06,2.65785350175e-06,5.74096356378e-07,2.65785350175e-06,0.252953677822,0.494050151749,0.252953677696
39,0.0966380464489,0.102430937975,0.0121282895897,0.15340532586,0.189863617319,0.169098946388,0.109618948676,0.00764059686923,0.033521992735,0.0248683931895,0.079041720954,0.0217431839954,1,0.4,50,12,10,3,20,0.000145392792145,3.14048431034e-05,0.000145392792145,0.00335397426169,0.000522891101507,0.00129623076269,0.000145392792145,3.14048431034e-05,0.000145392792145,0.251492812241,0.491196898663,0.251492812115
40,0.0076277526625,0.073485836485,0.0613426781305,0.12278033793,0.042600520254,0.325511543588,0.0801757858685,0.0288653574585,0.141922615694,0.00282718568077,0.0778793659436,0.0349810203048,1,0.4,50,12,10,3,20,0.00107184050087,0.000231517548189,0.00107184050087,0.0110119619993,0.00569437556783,0.00289301740558,0.00107184050087,0.000231517548189,0.00107184050087,0.246804805892,0.482040636267,0.246804805769
41,0.0424003979354,0.02651796802,0.213735981545,0.0616473377144,0.0873321142514,0.190591197179,0.0500641453806,0.080884426867,0.00151620920591,0.00115321065707,0.135873574644,0.108283436601,1,0.4,50,12,10,3,20,1.64112648936e-06,3.54483321702e-07,1.64112648936e-06,9.00191949891e-06,1.68262500593e-05,1.71720988513e-06,1.64112648936e-06,3.54483321702e-07,1.64112648936e-06,0.252955619041,0.494053943192,0.252955618915
42,0.0714795958965,0.05296879411,0.112418888593,0.044803565352,0.106661927388,0.0358854408779,0.00586285949221,0.22810893997,0.246095251789,0.0594261719368,0.0191748580362,0.0171137065574,1,0.4,50,12,10,3,20,0.0016716505491,0.000361076518606,0.0016716505491,0.0601213974639,0.0141303755865,0.00848919866474,0.0016716505491,0.000361076518606,0.0016716505491,0.230159752953,0.449530767261,0.230159752838
43,0.00227403855535,0.0595481817007,0.0444097720385,0.0126238106528,0.0206548427063,0.0744009050627,0.204935225859,0.0426000294904,0.0393612174655,0.282033861817,0.0045006437818,0.21265747087,1,0.4,50,12,10,3,20,0.000110636542304,2.38974931377e-05,0.000110636542304,0.00359371599095,0.000653233393084,0.000494680688893,0.000110636542304,2.38974931377e-05,0.000110636542304,0.251640924368,0.491486180161,0.251640924242
44,0.0433562033506,0.37188428626,0.0947720170422,0.00578641263089,0.043960446011,0.0071776388109,0.114836762124,0.0406085650254,0.0602934427073,0.0627952806555,0.116068787608,0.0384601577745,1,0.4,50,12,10,3,20,0.000509686021562,0.000110092180657,0.000509686021562,0.0166512405582,0.00329996561598,0.00159347628902,0.000509686021562,0.000110092180657,0.000509686021562,0.246942960178,0.482310468857,0.246942960055
45,0.00585619166347,0.0105591482274,0.0358958829307,0.0518191481464,0.0542879427873,0.0578459628487,0.00456822666505,0.075104815782,0.217610542217,0.309128950948,0.122159967923,0.0551632198617,1,0.4,50,12,10,3,20,9.09110662153e-05,1.96367903025e-05,9.09110662153e-05,0.00234074174991,0.000518821092707,0.000752472950778,9.09110662153e-05,1.96367903025e-05,9.09110662153e-05,0.251948786525,0.492087473436,0.251948786399
46,0.184079629833,0.00798909927856,0.060372449565,0.116679575113,0.0343604695327,0.116612591955,0.0690535771717,0.0419833823324,0.0596113388288,0.0226974444451,0.181543056854,0.105017385091,1,0.4,50,12,10,3,20,0.000281641502136,6.08345644613e-05,0.000281641502136,0.00524546661535,0.00218431552325,0.000294983909843,0.000281641502136,6.08345644613e-05,0.000281641502136,0.250694576869,0.489637845202,0.250694576743
47,0.0952041683624,0.0738773695832,0.0635829392786,0.0413311421582,0.115903073358,0.0533194641149,0.00775433592125,0.237895779842,0.0269154894682,0.0286871179825,0.244391889683,0.0111372302474,1,0.4,50,12,10,3,20,0.000251794789271,5.43876744825e-05,0.000251794789271,0.00642756185121,0.00280717671138,0.000583449423138,0.000251794789271,5.43876744825e-05,0.000251794789271,0.250198477882,0.488668901869,0.250198477757
48,0.0973346446038,0.15044369283,0.0575948156998,0.0125713408932,0.0532233553806,0.0825596325693,0.0228849045756,0.0982429512041,0.113922492617,0.00505232053816,0.0236509656076,0.282518883481,1,0.4,50,12,10,3,20,7.41074738816e-06,1.60072143584e-06,7.41074738816e-06,1.66153978931e-05,9.0080180898e-05,5.66872647356e-05,7.41074738816e-06,1.60072143584e-06,7.41074738816e-06,0.252914788452,0.493974195947,0.252914788325
49,0.0637530441604,0.176776579665,0.148160549342,0.123864631942,0.0310289435268,0.0379741553963,0.0393282976877,0.0720065790759,0.0704853173849,0.0477595285271,0.173080209002,0.0157821642903,1,0.4,50,12,10,3,20,0.000387144098453,8.36231252658e-05,0.000387144098453,0.0170146374707,0.00280384575139,0.00214646234014,0.000387144098453,8.36231252658e-05,0.000387144098453,0.246974035012,0.482371161892,0.246974034889
50,0.0281443935405,0.166040256922,0.0196675381421,0.13583417639,0.108483134424,0.00677677256782,0.0743498737196,0.00297632633785,0.110813102356,0.0406320603154,0.212325780791,0.0939565844938,1,0.4,50,12,10,3,20,6.08810244943e-05,1.31503012908e-05,6.08810244943e-05,0.000479000917631,0.000762351525428,0.000615967012275,6.08810244943e-05,1.31503012908e-05,6.08810244943e-05,0.252426335169,0.493020185631,0.252426335043
51,0.0312224327619,0.0807319731702,0.0164498553783,0.0172230551359,0.137298571529,0.0332523981955,0.0385422609772,0.0446982438011,0.0464609537874,0.408985032457,0.0579429856855,0.0871922371208,1,0.4,50,12,10,3,20,4.85250971032e-05,1.04814209743e-05,4.85250971032e-05,0.000851271407835,0.000110898165349,0.000566652206642,4.85250971032e-05,1.04814209743e-05,4.85250971032e-05,0.2525232861,0.493209542917,0.252523285973
52,0.0140707801609,0.23339908186,0.00116091466836,0.111323580265,0.167058088696,0.114712879468,0.102744297951,0.052396867988,0.0984238219862,0.00851917461266,0.00471447773054,0.0914760346132,1,0.4,50,12,10,3,20,0.00153009333531,0.000330500160428,0.00153009333531,0.0306046255999,0.0030570241274,0.0131024597861,0.00153009333531,0.000330500160428,0.00153009333531,0.239419324504,0.467615867937,0.239419324384
53,0.105380289697,0.00498741703311,0.061870127198,0.0232713234976,0.000149220257049,0.0107638941052,0.0949550802632,0.0311323844055,0.0853835246977,0.0499889966007,0.0835765324737,0.448541209771,1,0.4,50,12,10,3,20,6.40778595355e-05,1.38408176597e-05,6.40778595355e-05,0.00440528265958,0.000381499022579,0.000440937831307,6.40778595355e-05,1.38408176597e-05,6.40778595355e-05,0.251570159756,0.491347968027,0.25157015963
54,0.0286581257396,0.105424598937,0.0959899463168,0.115771167687,0.0205529552332,0.0435079562425,0.123028496003,0.164856087891,0.157830072749,0.0291174105306,0.0266920589043,0.0885711237654,1,0.4,50,12,10,3,20,0.000489615686217,0.000105756988223,0.000489615686217,0.00458872584127,0.00598780280992,0.00271859117438,0.000489615686217,0.000105756988223,0.000489615686217,0.249052307686,0.486430288206,0.249052307561
55,0.0616358248826,0.106583489005,0.0688199488457,0.114373300815,0.0631102991442,0.00812392608126,0.0278295504665,0.0142194960827,0.0054238400253,0.425946245223,0.0599094425127,0.0440246369167,1,0.4,50,12,10,3,20,7.87907138082e-05,1.70187941826e-05,7.87907138082e-05,0.00110380839088,0.00059397510765,0.000119847074367,7.87907138082e-05,1.70187941826e-05,7.87907138082e-05,0.252416295806,0.493000577499,0.252416295679
56,0.0422727086629,0.0477941946128,0.0821007791908,0.0246098672864,0.0616660777592,0.177261245925,0.0344449482861,0.160752810969,0.0485283359909,0.18126597212,0.0874838581537,0.0518192010431,1,0.4,50,12,10,3,20,0.000129640135279,2.80022692203e-05,0.000129640135279,0.00154370249607,0.00118305579005,0.000819534146473,0.000129640135279,2.80022692203e-05,0.000129640135279,0.251921996613,0.492035149388,0.251921996487
57,0.0622981036245,0.0831422991865,0.0816082796968,0.00228561330104,0.0412966360538,0.0791809830648,0.0254499316554,0.404891453455,0.0202896016468,0.0304181453588,0.0654391406881,0.103699812268,1,0.4,50,12,10,3,20,0.00045289547463,9.78254225201e-05,0.00045289547463,0.00524039301915,0.00189709641395,0.00215733120636,0.00045289547463,9.78254225201e-05,0.00045289547463,0.250105409514,0.488487127713,0.250105409389
58,0.174001106774,0.0553549073065,0.0219045227898,0.137197836224,0.010600359139,0.0414656860249,0.180209249322,0.20409880356,0.0640655597031,0.0580736746393,0.0254487515691,0.0275795429482,1,0.4,50,12,10,3,20,0.00127404936319,0.000275194662449,0.00127404936319,0.0111740680374,0.00694890881552,0.00231938972188,0.00127404936319,0.000275194662449,0.00127404936319,0.246364849837,0.481181347097,0.246364849714
59,0.0610989696977,0.0121258851169,0.00779701535368,0.238014057803,0.00811316160475,0.162348394664,0.0376600620023,0.19081239874,0.123744051735,0.0664263061624,0.0599174532345,0.0319422438873,1,0.4,50,12,10,3,20,0.000156711867731,3.384976343e-05,0.000156711867731,0.00415695278519,0.000779535099114,0.000945510883952,0.000156711867731,3.384976343e-05,0.000156711867731,0.251300794841,0.490821864678,0.251300794715
60,0.0528013519212,0.029903080341,0.0141297230954,0.0218142820264,0.193181744269,0.126233085264,0.118454837775,0.00289024402275,0.175376867629,0.168306722554,0.0608101541777,0.0360979069255,1,0.4,50,12,10,3,20,0.000272617301254,5.88853370708e-05,0.000272617301254,0.00624648678027,0.00190705379833,0.0016668760794,0.000272617301254,5.88853370708e-05,0.000272617301254,0.250174569191,0.488622205206,0.250174569066
61,0.0601931812148,0.0241884708352,0.0435145115597,0.0696780003709,0.0734753207661,0.067864794886,0.0178020770812,0.127291049931,0.259082974591,0.0467228926227,0.192104708743,0.018082017398,1,0.4,50,12,10,3,20,0.000364705061932,7.87762933773e-05,0.000364705061932,0.013586711644,0.00278228410635,0.00145664364837,0.000364705061932,7.87762933773e-05,0.000364705061932,0.248046289488,0.484465408914,0.248046289364
62,0.111377357561,0.091043627239,0.0222758398359,0.222789596559,0.23793474411,0.0335631145276,0.0520425662682,0.0658292698805,0.0525017818753,0.0289064453722,0.0814933203928,0.000242336378806,1,0.4,50,12,10,3,20,0.00130949063259,0.000282849976639,0.00130949063259,0.0191807249719,0.00568659863616,0.00720465554125,0.00130949063259,0.000282849976639,0.00130949063259,0.24338323699,0.475357884509,0.243383236868
63,0.0519665315587,0.0902530819073,0.0290411517182,0.00699300512541,0.00683018175671,0.0954358070783,0.177517809163,0.00804919015628,0.18111752347,0.329615646265,0.0116352800168,0.0115447917845,1,0.4,50,12,10,3,20,6.74582767034e-07,1.45709877679e-07,6.74582767034e-07,8.42355116912e-06,5.11455165396e-06,1.65094573551e-06,6.74582767034e-07,1.45709877679e-07,6.74582767034e-07,0.252959828382,0.494062164562,0.252959828256
64,0.0121726178192,0.000361513789312,0.0291227183995,0.0447108381671,0.0219174703408,0.045923427168,0.0961675156531,0.0540104964489,0.243013140965,0.143796465682,0.010246306344,0.298557489224,1,0.4,50,12,10,3,20,2.83003825183e-07,6.11288262394e-08,2.83003825183e-07,5.99818551113e-06,2.02387700429e-06,5.21749913393e-07,2.83003825183e-07,6.11288262394e-08,2.83003825183e-07,0.252961948405,0.494066305231,0.252961948278
65,0.0259550753559,0.157548657297,0.14935993352,0.0501995866373,0.136512399263,0.0953614398716,0.0161924257555,0.0242458511926,0.0432000893167,0.0239943904333,0.143042375242,0.134387776116,1,0.4,50,12,10,3,20,0.00023153368731,5.00112764589e-05,0.00023153368731,0.00751019361157,0.0017459858193,0.00187476936013,0.00023153368731,5.00112764589e-05,0.00023153368731,0.249889111595,0.488064670841,0.249889111471
66,0.0431199812374,0.0972115887177,0.292643991915,0.0295843987281,0.046930562288,0.0960719845434,0.0108992519107,0.0359218260545,0.104922889667,0.014794131645,0.0741036969464,0.153795696347,1,0.4,50,12,10,3,20,0.000434244523292,9.3796817031e-05,0.000434244523292,0.0123427575773,0.00170935455907,0.00128404239074,0.000434244523292,9.3796817031e-05,0.000434244523292,0.248598077246,0.485543119378,0.248598077122
67,0.119876812121,0.10645681303,0.0192266348664,0.0889301906652,0.0395931093975,0.0432412722866,0.0237266792429,0.306353471289,0.151771461653,0.0162546438936,0.0224881453221,0.062080766232,1,0.4,50,12,10,3,20,4.57552812514e-06,9.8831407503e-07,4.57552812514e-06,1.65789167442e-05,1.14738198155e-05,2.43543806856e-05,4.57552812514e-06,9.8831407503e-07,4.57552812514e-06,0.252946040036,0.494035234197,0.252946039909
68,0.0128798645606,0.0260308019934,0.179272255953,0.0128964773581,0.149034793546,0.029257246336,0.10656412304,0.0339709268449,0.0593504018054,0.15524102642,0.0641276662498,0.171374415892,1,0.4,50,12,10,3,20,0.000190253342581,4.10947219975e-05,0.000190253342581,0.0144474354742,0.000665784862467,0.00178808629923,0.000190253342581,4.10947219975e-05,0.000190253342581,0.248475697307,0.48530409606,0.248475697183
69,0.264123857794,0.130410899713,0.0231612573497,0.0956537580904,0.0504192960555,0.0167258975944,0.0838122901691,0.0172600662682,0.0141910340091,0.0399051332716,0.0388281953352,0.225508314349,1,0.4,50,12,10,3,20,7.98242769285e-05,1.72420438166e-05,7.98242769285e-05,0.00179074550374,0.000279645240367,0.000551699163421,7.98242769285e-05,1.72420438166e-05,7.98242769285e-05,0.252211637444,0.492600854136,0.252211637318
70,0.0323365940349,0.0392472622655,0.170686646928,0.12173926333,0.162276383907,0.217756447829,0.0725328026922,0.0573362866999,0.0655191206929,0.025119314456,0.0021226982237,0.0333271789411,1,0.4,50,12,10,3,20,0.00332440544301,0.000718071575691,0.00332440544301,0.0394878023153,0.0107684154344,0.0192466933265,0.00332440544301,0.000718071575691,0.00332440544301,0.231655544498,0.452452235121,0.231655544382
71,0.0266605075319,0.0456559160371,0.00753099596353,0.0071605662239,0.000896102745752,0.0251316724562,0.0895067514559,0.563922999459,0.0848669606411,0.126116795319,0.0154118627653,0.00713886940116,1,0.4,50,12,10,3,20,8.2408074244e-06,1.78001440367e-06,8.2408074244e-06,8.48996788845e-05,0.000159399977015,1.88912135415e-05,8.2408074244e-06,1.78001440367e-06,8.2408074244e-06,0.252888609959,0.49392306608,0.252888609833
72,0.0200421519,0.0479044924642,0.218369341798,0.224753614522,0.000957217093577,0.19351518272,0.0577805055801,0.0157612298078,0.138676026333,0.0051772457102,0.0440756677209,0.0329873243492,1,0.4,50,12,10,3,20,3.24601247278e-07,7.01138694121e-08,3.24601247278e-07,1.11691662469e-05,2.30148233883e-06,1.13961597322e-06,3.24601247278e-07,7.01138694121e-08,3.24601247278e-07,0.252960367172,0.494063216885,0.252960367045
73,0.201208105125,0.122036814078,0.0617635758434,0.0442796181964,0.297656702798,0.00155456981756,0.00878134502076,0.100050128093,0.0147619217104,0.0507878239448,0.0952000200053,0.00191937536804,1,0.4,50,12,10,3,20,0.00103286407986,0.000223098641249,0.00103286407986,0.0466605961343,0.00694720784918,0.0043391625595,0.00103286407986,0.000223098641249,0.00103286407986,0.237147922265,0.463179535443,0.237147922147
74,0.117973841958,0.0596439472192,0.071947407375,0.0759498485596,0.0230214477131,0.112793435399,0.00576098550128,0.109516345077,0.118577788681,0.0316073686018,0.20695546878,0.0662521151354,1,0.4,50,12,10,3,20,4.44287423773e-05,9.5966083535e-06,4.44287423773e-05,0.000891855446548,0.000243409922959,0.000328335614041,4.44287423773e-05,9.5966083535e-06,4.44287423773e-05,0.252544377221,0.493250736514,0.252544377095
75,0.00651845354646,0.0964596604798,0.177832909576,0.129268491335,0.00619212314478,0.204466868555,0.0695338488962,0.0989776325526,0.0607752298488,0.0421651078295,0.100478274946,0.00733139928998,1,0.4,50,12,10,3,20,0.000942019003472,0.00020347610475,0.000942019003472,0.0318232926126,0.00758007606953,0.00127950619708,0.000942019003472,0.00020347610475,0.000942019003472,0.241616973218,0.471908150581,0.241616973098
76,0.0207691912276,0.00790560509163,0.163537988084,0.0894509763381,0.14598158776,0.233265360519,0.0384983304598,0.0157510297517,0.0965506693722,0.008161994659,0.0757965539976,0.104330712739,1,0.4,50,12,10,3,20,2.21164427495e-06,4.77715163388e-07,2.21164427495e-06,5.72128544287e-05,6.08750827104e-05,5.19648305779e-06,2.21164427495e-06,4.77715163388e-07,2.21164427495e-06,0.25293076084,0.494005392019,0.252930760714
77,0.0277212916374,0.0111495896262,0.086916075331,0.148653039203,0.167989703376,0.10733908644,0.118729383495,0.0388037025442,0.120331318998,0.088126797457,0.0643275632167,0.0199124486752,1,0.4,50,12,10,3,20,0.000406278248422,8.77561016591e-05,0.000406278248422,0.00299376681487,0.00173961981859,0.00258140591317,0.000406278248422,8.77561016591e-05,0.000406278248422,0.250658550546,0.48956748129,0.250658550421
78,0.0498591197467,0.222100132629,0.171131782693,0.0165676426661,0.0824735674805,0.0140932565144,0.116699534138,0.126591911442,0.0108705820546,0.118031463531,0.00516257799372,0.0664184291094,1,0.4,50,12,10,3,20,5.27826660258e-06,1.14010558616e-06,5.27826660258e-06,1.45268162696e-05,1.87677972475e-05,1.08226093607e-05,5.27826660258e-06,1.14010558616e-06,5.27826660258e-06,0.252947349217,0.494037791192,0.25294734909
79,0.123693842337,0.0487185286283,0.0428630907501,0.259478864173,0.0663338035377,0.14006595937,0.0841543476035,0.147079302552,0.0266298996013,0.0125853598222,0.0221288707505,0.0262681308744,1,0.4,50,12,10,3,20,0.00189405131513,0.000409115084069,0.00189405131513,0.0274937871545,0.0286823282139,0.0109780244441,0.00189405131513,0.000409115084069,0.00189405131513,0.233853324928,0.456744775021,0.233853324811
80,0.00764317472029,0.0339584713228,0.149664793887,0.0600627633303,0.0113454089086,0.0622108109616,0.0942903623031,0.0323952225283,0.316089446663,0.135873774565,0.0100958467747,0.0863699240354,1,0.4,50,12,10,3,20,2.35724270632e-06,5.09164424565e-07,2.35724270632e-06,1.11628653878e-05,2.27867921808e-05,2.54334330778e-06,2.35724270632e-06,5.09164424565e-07,2.35724270632e-06,0.252952552746,0.494047954334,0.252952552619
81,0.123196127848,0.00361230230671,0.00395098758244,0.136111892455,0.0253462744502,0.00186977966746,0.0635519714667,0.0656198173401,0.0393135684633,0.384844703005,0.0698853123221,0.0826972630938,1,0.4,50,12,10,3,20,6.59774173942e-05,1.42511221571e-05,6.59774173942e-05,0.00121370823897,0.000373225409654,0.000569058310946,6.59774173942e-05,1.42511221571e-05,6.59774173942e-05,0.252345067889,0.492861460474,0.252345067763
82,0.0272111788841,0.125815221335,0.0290890500371,0.0481367521721,0.0915043641153,0.0286677483135,0.235936544958,0.0304138799894,0.146735023276,0.175701342795,0.000311210318663,0.0604776838065,1,0.4,50,12,10,3,20,3.29681331876e-06,7.12111676853e-07,3.29681331876e-06,3.53039785715e-05,2.86814542487e-05,1.7628241164e-05,3.29681331876e-06,7.12111676853e-07,3.29681331876e-06,0.252940085432,0.494023604112,0.252940085305
83,0.0631501066793,0.00170165933141,0.0574797039599,0.0696442539445,0.00704969312681,0.0487579854467,0.0255857137601,0.380713653144,0.157163904702,0.0664378239994,0.0771384217716,0.0451770801335,1,0.4,50,12,10,3,20,0.000305637666179,6.60177358948e-05,0.000305637666179,0.00335897995639,0.00470972655935,0.0010963614631,0.000305637666179,6.60177358948e-05,0.000305637666179,0.250303328697,0.488873688616,0.250303328572
84,0.0887146684318,0.110659290518,0.085740385008,0.125541387177,0.122982348455,0.0207646152094,0.132420251538,0.012888238319,0.102134939804,0.0710194110418,0.122161603701,0.00497286079601,1,0.4,50,12,10,3,20,0.000475739345269,0.000102759698578,0.000475739345269,0.0242434187104,0.00780428056462,0.00119858469199,0.000475739345269,0.000102759698578,0.000475739345269,0.244020930179,0.476603379018,0.244020930057
85,0.0353533486055,0.0259523908296,0.0126961890259,0.0957771501875,0.0952823049175,0.107644528897,0.0910462385409,0.262121642963,0.172678261547,0.0372395161091,0.0364688338118,0.0277395945653,1,0.4,50,12,10,3,20,0.0010202177219,0.000220367027931,0.0010202177219,0.0143750130691,0.00657476255013,0.0114273533781,0.0010202177219,0.000220367027931,0.0010202177219,0.243630359885,0.475840546412,0.243630359763
86,0.0932517489218,0.090045102696,0.040673142799,0.0473802593813,0.0240794754768,0.12734552702,0.224602181412,0.00477475405187,0.0321136067732,0.145889856177,0.0979155011033,0.0719288441883,1,0.4,50,12,10,3,20,0.000137134349404,2.96210194712e-05,0.000137134349404,0.0037754232713,0.00129464345178,0.0020701820487,0.000137134349404,2.96210194712e-05,0.000137134349404,0.251004451456,0.490243069005,0.251004451331
87,0.0015022600125,0.0852477085627,0.00157286546844,0.0853829491371,0.043960397536,0.0290428225269,0.106237422212,0.0145650161502,0.217862091488,0.119838608399,0.0135470006411,0.281240857866,1,0.4,50,12,10,3,20,0.000103597653986,2.2377093261e-05,0.000103597653986,0.00114719931778,0.000823989391127,0.000249654985682,0.000103597653986,2.2377093261e-05,0.000103597653986,0.252286485218,0.492747041194,0.252286485091
88,0.0310129757299,0.379184170974,0.0347894415509,0.0258544597305,0.0132212839582,0.0444635605135,0.0228266180329,0.18750792172,0.060887549585,0.0223203625365,0.12331804111,0.0546136145574,1,0.4,50,12,10,3,20,0.000618973364877,0.000133698246813,0.000618973364877,0.01976616004,0.00286221719372,0.00461567646119,0.000618973364877,0.000133698246813,0.000618973364877,0.24537869577,0.479255264935,0.245378695647
89,0.0242975121387,0.00442995070044,0.206656752719,0.00219578129637,0.0287755737296,0.214397454582,0.091906595391,0.0789161032105,0.293718155372,0.0196432359643,0.021142639875,0.0139202450204,1,0.4,50,12,10,3,20,0.00301438108179,0.000651106313667,0.00301438108179,0.0906746377443,0.0322893011813,0.0217110510873,0.00301438108179,0.000651106313667,0.00301438108179,0.212987262823,0.415990747493,0.212987262716
90,0.00224529782425,0.036965202514,0.219749229554,0.0399475696048,0.0983815047285,0.0501259796592,0.0954670390194,0.138895546246,0.118779230293,0.069059220019,0.0935275238906,0.0368566566476,1,0.4,50,12,10,3,20,0.000342192037518,7.39134801038e-05,0.000342192037518,0.0285031421496,0.00552700088665,0.00551650026112,0.000342192037518,7.39134801038e-05,0.000342192037518,0.242576888399,0.473782984917,0.242576888277
91,0.0485508198502,0.00990989721948,0.203759769579,0.0589806910363,0.0230465909318,0.0106020678868,0.0642112413329,0.371995703798,0.0315021257835,0.0858489613412,0.0286182585873,0.0629738726537,1,0.4,50,12,10,3,20,0.000818927603351,0.000176888362324,0.000818927603351,0.0335994500488,0.00270968208593,0.00669167505022,0.000818927603351,0.000176888362324,0.000818927603351,0.241168621289,0.47103246322,0.241168621168
92,0.0404598554415,0.0290957285707,0.0103908726959,0.0408766624916,0.000772392176252,0.0545851797462,0.368117476468,0.0357216331771,0.14680648044,0.0736433854292,0.107185793105,0.0923445402585,1,0.4,50,12,10,3,20,0.000256274480096,5.53552877007e-05,0.000256274480096,0.00986545217039,0.00316222044864,0.00101817835946,0.000256274480096,5.53552877007e-05,0.000256274480096,0.249124007183,0.486570326285,0.249124007058
93,0.0269752923787,0.063099244387,0.236169882281,0.0147967063304,0.0620167399719,0.0610388946196,0.0800898841354,0.148807366907,0.0446754824808,0.192553128979,0.0144180435737,0.0553593339559,1,0.4,50,12,10,3,20,0.000264575775923,5.71483675994e-05,0.000264575775923,0.0185977896047,0.00251039163812,0.00220316645522,0.000264575775923,5.71483675994e-05,0.000264575775923,0.246770859213,0.48197433416,0.24677085909
94,0.131091512328,0.104172693699,0.166950841751,0.117561962002,0.00519508737705,0.0250204517693,0.127213007886,0.113235636903,0.0270901488044,0.0296529911342,0.0949903419529,0.0578253243933,1,0.4,50,12,10,3,20,0.000240890373649,5.20323207081e-05,0.000240890373649,0.00591120673902,0.00291013019574,0.000747438675301,0.000240890373649,5.20323207081e-05,0.000240890373649,0.250273795699,0.488816006981,0.250273795574
