run_ID,t1_initial,t2_initial,t3_initial,t4_initial,t5_initial,t6_initial,t7_initial,t8_initial,t9_initial,t10_initial,t11_initial,t12_initial,alpha,prior_cost_c,lambda,k,sample_amount,learning_parameter,generations,t1_final,t2_final,t3_final,t4_final,t5_final,t6_final,t7_final,t8_final,t9_final,t10_final,t11_final,t12_final
0,0.0390385139849,0.0101411735307,0.0328420083785,0.0405780828651,0.00306362324465,0.166536430519,0.212040916045,0.0861867734473,0.289540834843,0.04309154576,0.00286396643011,0.0740761309518,1,0.4,46,16,10,3,20,0.000734452525421,0.000158641745491,0.000734452525421,0.00908505903006,0.00999863593443,0.00246490232039,0.000734452525421,0.000158641745491,0.000734452525421,0.246689976338,0.481816357662,0.246689975123
1,0.0693465490242,0.0148395125186,0.0842932226264,0.307006254059,0.113925013821,0.0704572467959,0.0282592829302,0.0720097453632,0.0587145090471,0.11526252643,0.0464655844665,0.0194205529178,1,0.4,46,16,10,3,20,0.000349677103183,7.55302542875e-05,0.000349677103183,0.0143737318602,0.00795373297886,0.00349521479598,0.000349677103183,7.55302542875e-05,0.000349677103183,0.246040172022,0.480547208613,0.24604017081
2,0.098770706867,0.0299723018585,0.00241070374316,0.0484643074405,0.00529257413705,0.0798867725223,0.267444880986,0.078258702426,0.0127582722831,0.0500408953104,0.275070694742,0.0516291876834,1,0.4,46,16,10,3,20,6.92774974024e-05,1.49639394389e-05,6.92774974024e-05,0.0105248172637,0.000222432637439,0.00263678916963,6.92774974024e-05,1.49639394389e-05,6.92774974024e-05,0.249501072364,0.487306779561,0.249501071135
3,0.0389623166865,0.0823963102666,0.0474424816812,0.446399842821,0.0327583532495,0.0261185920153,0.00739399564103,0.115829979649,0.0201565825087,0.136405791697,0.00385837542892,0.042277378355,1,0.4,46,16,10,3,20,0.00052518111755,0.000113439121391,0.00052518111755,0.0333169995446,0.00607054243233,0.00691739137477,0.00052518111755,0.000113439121391,0.00052518111755,0.24066212615,0.470043212821,0.240662124964
4,0.23316177287,0.072544576638,0.0370907653831,0.0600506198162,0.0303001558121,0.044699317454,0.156769484726,0.13925770993,0.116725934832,0.0490215302261,0.014939802657,0.0454383296564,1,0.4,46,16,10,3,20,0.000641587883486,0.000138582982833,0.000641587883486,0.0677940117251,0.0159408694605,0.00978849727787,0.000641587883486,0.000138582982833,0.000641587883486,0.228587031111,0.44645904294,0.228587029985
5,0.0535698728707,0.160262573126,0.0376967055381,0.0427028786578,0.0309745327309,0.00993070603288,0.0146317569722,0.109862906154,0.00241358691982,0.15988715856,0.16042165675,0.217645665688,1,0.4,46,16,10,3,20,4.02871824422e-05,8.70203140752e-06,4.02871824422e-05,0.00179512793615,0.000482343927007,0.000680139464808,4.02871824422e-05,8.70203140752e-06,4.02871824422e-05,0.252171089846,0.49252165743,0.252171088604
6,0.0693103482049,0.0754721398954,0.146945778275,0.118834849167,0.0714268043149,0.00445337450457,0.00818260740962,0.0342497943669,0.0334496358294,0.0975826704025,0.0232071368961,0.316884860733,1,0.4,46,16,10,3,20,0.000121270843209,2.61945021331e-05,0.000121270843209,0.00912774066797,0.00123478203122,0.00105940774438,0.000121270843209,2.61945021331e-05,0.000121270843209,0.249939124317,0.488162349777,0.249939123086
7,0.117074556464,0.0696388480642,0.274094093065,0.0934084088065,0.0202010824756,0.128465090561,0.0330457661086,0.00185597865841,0.129047758329,0.00800570859839,0.0562425613395,0.068920147529,1,0.4,46,16,10,3,20,0.000532988054227,0.000115125419713,0.000532988054227,0.0504387462648,0.0146236693237,0.00261860724661,0.000532988054227,0.000115125419713,0.000532988054227,0.235245983249,0.45946480877,0.23524598209
8,0.0376738830927,0.0319417738678,0.00208235046168,0.189676450539,0.00487658091261,0.067176854657,0.1686975973,0.00442042603718,0.156437404232,0.182392851672,0.0792764395493,0.0753473876782,1,0.4,46,16,10,3,20,0.000153597551229,3.31770710655e-05,0.000153597551229,0.0110264508352,0.00165831625577,0.00292343854826,0.000153597551229,3.31770710655e-05,0.000153597551229,0.248843902895,0.486023245449,0.24884390167
9,0.0104058457623,0.0489923166719,0.159600311343,0.0860885903681,0.0124888464357,0.030871005028,0.0738122673764,0.0450209805784,0.153318308614,0.0249776619569,0.345489717988,0.00893414787707,1,0.4,46,16,10,3,20,0.000157488275085,3.40174674185e-05,0.000157488275085,0.00676805522131,0.00229706603568,0.000314673277564,0.000157488275085,3.40174674185e-05,0.000157488275085,0.250415107307,0.48909200405,0.250415106073
10,0.163785110126,0.0351267718975,0.111185049703,0.0214396407194,0.00301430606258,0.171976102381,0.0739350599894,0.0302518140774,0.0348139797237,0.102565859951,0.118147609265,0.133758696104,1,0.4,46,16,10,3,20,4.44529739812e-05,9.60184237994e-06,4.44529739812e-05,0.0126135783077,0.00194665560832,0.00127543472037,4.44529739812e-05,9.60184237994e-06,4.44529739812e-05,0.248908729019,0.486149858971,0.248908727793
11,0.00619894330524,0.0732094132981,0.0444618840932,0.417574297666,0.0864867868586,0.0293810579138,0.0531015725531,0.0390946716731,0.057528708131,0.0120582554954,0.157468237509,0.0234361715026,1,0.4,46,16,10,3,20,0.000510980867974,0.000110371867482,0.000510980867974,0.0134005027443,0.00805197667464,0.000912872149039,0.000510980867974,0.000110371867482,0.000510980867974,0.246733909202,0.481902164036,0.246733907987
12,0.0346896335511,0.0177714598672,0.30257974666,0.016511320639,0.0145967936603,0.015224857834,0.12735052406,0.0662953729092,0.0885698088725,0.0591741272485,0.106565252692,0.150671102006,1,0.4,46,16,10,3,20,0.00018396065596,3.97355016873e-05,0.00018396065596,0.00465644710509,0.00182711252281,0.000844051535395,0.00018396065596,3.97355016873e-05,0.00018396065596,0.250904557498,0.490047961449,0.250904556262
13,0.0513013486006,0.116987473885,0.179936829768,0.0626927361955,0.134525830793,0.0366224420513,0.0241527424568,0.107281590411,0.00454979811278,0.00769348859156,0.105753487866,0.168502231269,1,0.4,46,16,10,3,20,0.000138260668635,2.98643044251e-05,0.000138260668635,0.0502106217983,0.0011514985074,0.00124121117013,0.000138260668635,2.98643044251e-05,0.000138260668635,0.239502646824,0.467778604773,0.239502645644
14,0.0336507495859,0.303211039637,0.198796748006,0.19405907993,0.0139653910303,0.0157501876367,0.0362708641992,0.0386559074491,0.015194899086,0.110007384744,0.0290987073428,0.0113390413518,1,0.4,46,16,10,3,20,0.00056664248103,0.000122394775902,0.00056664248103,0.0675242179549,0.00488557633045,0.00972072544862,0.00056664248103,0.000122394775902,0.00056664248103,0.231553043265,0.4522520354,0.231553042125
15,0.0117196558236,0.00919081529196,0.00216151572894,0.0248620805235,0.00879541259708,0.11540658377,0.140520316568,0.231008946442,0.0236475888079,0.0997235706235,0.142771188054,0.190192325768,1,0.4,46,16,10,3,20,0.000107798010325,2.32843702302e-05,0.000107798010325,0.00920234911964,0.00187144106227,0.000486163117513,0.000107798010325,2.32843702302e-05,0.000107798010325,0.249919314354,0.488123658443,0.249919313123
16,0.0710804803998,0.104515532444,0.0383654158153,0.0511151059028,0.0121118618522,0.243465420574,0.164119619106,0.160009868104,0.0516174393191,0.0305055501618,0.00688576410315,0.066207942218,1,0.4,46,16,10,3,20,4.39117909711e-07,9.48494684975e-08,4.39117909711e-07,2.84194867497e-06,1.94884901386e-06,1.14608776857e-06,4.39117909711e-07,9.48494684975e-08,4.39117909711e-07,0.252962433676,0.494067250839,0.25296243243
17,0.0707422813419,0.0390541002134,0.236686401706,0.0116632601619,0.00282776743633,0.163694623748,0.00682138544906,0.125608495476,0.0733908406715,0.105432315306,0.162878118806,0.00120040968324,1,0.4,46,16,10,3,20,0.000139046203247,3.00339799013e-05,0.000139046203247,0.0235768759213,0.00102357628305,0.00415841910157,0.000139046203247,3.00339799013e-05,0.000139046203247,0.245533566354,0.479557744423,0.245533565145
18,0.0629749909907,0.0402574973025,0.0110040245266,0.115841156928,0.0909810304627,0.0628996257742,0.155520222435,0.0217398844157,0.0145809683144,0.0323440697317,0.276685611355,0.115170917763,1,0.4,46,16,10,3,20,4.76610940107e-05,1.02947963063e-05,4.76610940107e-05,0.00258443571565,0.00201180717185,0.000291583972265,4.76610940107e-05,1.02947963063e-05,4.76610940107e-05,0.251674546803,0.491551846804,0.251674545564
19,0.0217541033296,0.130133928494,0.0171481510056,0.304632726673,0.0547483213378,0.0476604928093,0.245951173635,0.0369440593749,0.0524319496584,0.0035068777441,0.0327506992462,0.0523375166924,1,0.4,46,16,10,3,20,0.000685780649552,0.000148128620303,0.000685780649552,0.140851686812,0.0174389595112,0.00915606420986,0.000685780649552,0.000148128620303,0.000685780649552,0.209837511508,0.409838887645,0.209837510474
20,0.0613595846236,0.0552264569136,0.00835225608745,0.0320568120064,0.00693751070438,0.0208876785695,0.0552023177708,0.0450387929278,0.636534139105,0.0178724380467,0.0259341653452,0.0345978478999,1,0.4,46,16,10,3,20,0.000738289964024,0.000159470632229,0.000738289964024,0.103599073245,0.0247158261196,0.0118832251789,0.000738289964024,0.000159470632229,0.000738289964024,0.216671564266,0.423186646872,0.216671563198
21,0.0707571203097,0.00215343232544,0.228586229658,0.261827323336,0.0107331314905,0.0954351558111,0.0996295959247,0.0847856924316,0.041656992638,0.0100274386165,0.0580972157116,0.0363106717471,1,0.4,46,16,10,3,20,0.00126638418129,0.000273538983158,0.00126638418129,0.0964699898219,0.0123357026258,0.00569588776888,0.00126638418129,0.000273538983158,0.00126638418129,0.222579809222,0.434726187745,0.222579808125
22,0.0327778546096,0.0559145872238,0.0475993674127,0.058673723561,0.100844130142,0.104892766794,0.12114814324,0.114292758656,0.0241729201706,0.177515711951,0.0964002197151,0.0657678165247,1,0.4,46,16,10,3,20,0.000130099269656,2.81014422456e-05,0.000130099269656,0.0137673275163,0.00384266692096,0.000460103584182,0.000130099269656,2.81014422456e-05,0.000130099269656,0.248247476522,0.484858350194,0.248247475299
23,0.183116041876,0.0648982462719,0.229191956396,0.0339909607254,0.0222400593389,0.0400520097985,0.126233591055,0.103456003672,0.000438843564765,0.0457343194943,0.109019542532,0.0416284252752,1,0.4,46,16,10,3,20,0.000483532850555,0.00010444309572,0.000483532850555,0.00884253408758,0.00270305784601,0.00194282600129,0.000483532850555,0.00010444309572,0.000483532850555,0.249010230664,0.48634810437,0.249010229437
24,0.0549497595271,0.0152733089602,0.0264001556721,0.00571656967137,0.0424782832044,0.251458164876,0.0124349400019,0.0971121880884,0.0542612223265,0.104426561203,0.331540752077,0.00394809439214,1,0.4,46,16,10,3,20,9.83106842113e-05,2.12351077896e-05,9.83106842113e-05,0.00764766473313,0.00179349722633,0.000814244110977,9.83106842113e-05,2.12351077896e-05,9.83106842113e-05,0.250259955002,0.488788972206,0.250259953769
25,0.0707532226905,0.0602274832328,0.0786392863422,0.053006874478,0.0976685091112,0.0185310063581,0.0229650330374,0.276931529868,0.0117608669169,0.151821676504,0.0332643511585,0.124430160302,1,0.4,46,16,10,3,20,0.0001487155046,3.21225489936e-05,0.0001487155046,0.00661766186652,0.00314772920484,0.000647065261697,0.0001487155046,3.21225489936e-05,0.0001487155046,0.250163716095,0.488601005592,0.250163714863
26,0.119044924566,0.134692609233,0.0816526721038,0.0580422093177,0.0932587470881,0.130722808685,0.21187541491,0.0685997109313,0.0165002042329,0.032933864222,0.0235527138138,0.0291241208962,1,0.4,46,16,10,3,20,2.18478706942e-07,4.71914006995e-08,2.18478706942e-07,3.18343392363e-06,1.3849265609e-06,7.75585188183e-07,2.18478706942e-07,4.71914006995e-08,2.18478706942e-07,0.252962831035,0.494068026932,0.252962829789
27,0.036559862323,0.0567624165061,0.00482609224192,0.0282566232463,0.113297011038,0.188188739801,0.190902631258,0.0139451629607,0.0452494682027,0.0720669662816,0.164342084697,0.0856029414434,1,0.4,46,16,10,3,20,0.000118931123779,2.56891227362e-05,0.000118931123779,0.0222526356639,0.00131194467339,0.000662259177824,0.000118931123779,2.56891227362e-05,0.000118931123779,0.24670256097,0.48184093702,0.246702559754
28,0.0710552336415,0.0409049531284,0.0190544724608,0.388718088731,0.0403848965041,0.152219280297,0.00977745821213,0.0479721007893,0.0990772556264,0.0218717088169,0.00665541755842,0.102309134235,1,0.4,46,16,10,3,20,0.00108521891575,0.000234407285803,0.00108521891575,0.0396871445482,0.00303363735432,0.0128268204779,0.00108521891575,0.000234407285803,0.00108521891575,0.237696179818,0.46425034892,0.237696178647
29,0.0157695164035,0.0857772040927,0.0117213811019,0.0279324062987,0.167410459742,0.121100101019,0.106408452387,0.123735631065,0.144713340281,0.0158562244088,0.00275440572627,0.176820877475,1,0.4,46,16,10,3,20,1.21908845413e-05,2.63323106092e-06,1.21908845413e-05,1.30260092059e-05,0.000187787646614,2.34635574196e-05,1.21908845413e-05,2.63323106092e-06,1.21908845413e-05,0.252894025983,0.493933642066,0.252894024738
30,0.0815459061249,0.126786602015,0.055758200713,0.112435350124,0.150650109783,0.0932568940211,0.0434270625249,0.135202901637,0.00496864944498,0.0170843046948,0.144005587689,0.034878431228,1,0.4,46,16,10,3,20,0.000272752040486,5.8914440745e-05,0.000272752040486,0.0206197120097,0.00734170625678,0.0039785086893,0.000272752040486,5.8914440745e-05,0.000272752040486,0.244578969691,0.477693297824,0.244578968486
31,0.0221300260208,0.155523718533,0.156565094884,0.0393713100196,0.206380210424,0.0534859739218,0.0830348888511,0.103933389077,0.0340286040403,0.0826644765322,0.0504447072739,0.0124376004227,1,0.4,46,16,10,3,20,0.00043486160254,9.39301061486e-05,0.00043486160254,0.0308650772889,0.0109417593417,0.00161021057791,0.00043486160254,9.39301061486e-05,0.00043486160254,0.241493919287,0.471667808784,0.241493918098
32,0.208581879197,0.105195566076,0.0247458846969,0.00330598638592,0.0358925679709,0.0362508546299,0.064184925925,0.0561818721187,0.16553925082,0.071599225423,0.0801406325905,0.148381354166,1,0.4,46,16,10,3,20,4.86223520293e-06,1.05024280383e-06,4.86223520293e-06,1.03780978087e-05,0.000202462290385,3.75847130262e-06,4.86223520293e-06,1.05024280383e-06,4.86223520293e-06,0.252904184763,0.493953483433,0.252904183518
33,0.0101080838377,0.0246115486955,0.106365502076,0.0980109667017,0.0309077984278,0.0199682857376,0.0892514650082,0.229987732195,0.0715957384991,0.00610723051927,0.109691995015,0.203393653287,1,0.4,46,16,10,3,20,4.91935900049e-05,1.06258154411e-05,4.91935900049e-05,0.000306207910603,0.00132556058824,0.000114518990778,4.91935900049e-05,1.06258154411e-05,4.91935900049e-05,0.252467526373,0.493100635018,0.252467525129
34,0.0190599725196,0.0307553989787,0.0216543748967,0.00128210959659,0.0338512681357,0.115699754063,0.110903259909,0.284139705456,0.111485215848,0.145959973923,0.0848840278483,0.0403249388241,1,0.4,46,16,10,3,20,0.000146981237069,3.1747947207e-05,0.000146981237069,0.00148931773243,0.000824743614333,0.00148315312682,0.000146981237069,3.1747947207e-05,0.000146981237069,0.251839081321,0.491873203282,0.251839080081
35,0.00354200995693,0.138046647062,0.133751948513,0.0106215658883,0.00688471774609,0.0640885473408,0.105784397435,0.171807903093,0.200070106053,0.030888802611,0.1043769079,0.0301364464012,1,0.4,46,16,10,3,20,0.000253269917553,5.47063021914e-05,0.000253269917553,0.0209105705739,0.0134664217698,0.000453238410337,0.000253269917553,5.47063021914e-05,0.000253269917553,0.243869667799,0.476307942574,0.243869666598
36,0.173946532696,0.169957524178,0.201959321132,0.000995412828752,0.0525425593334,0.000341563050725,0.00299779452152,0.123665273188,0.0582372103019,0.0482335711483,0.132812089924,0.0343111476966,1,0.4,46,16,10,3,20,0.000289070454426,6.24392181561e-05,0.000289070454426,0.0132027604227,0.0050166211207,0.0011241652314,0.000289070454426,6.24392181561e-05,0.000289070454426,0.247747110596,0.483881072999,0.247747109376
37,0.0042426284101,0.0639361724333,0.0650009122049,0.0785508005049,0.00359045233807,0.283602801146,0.111714182364,0.0706396464899,0.111006220475,0.082029916596,0.0630085020215,0.0626777650163,1,0.4,46,16,10,3,20,9.43493652323e-05,2.03794628902e-05,9.43493652323e-05,0.0121739641873,0.00132112996471,0.000615602608005,9.43493652323e-05,2.03794628902e-05,9.43493652323e-05,0.249289144785,0.486892858511,0.249289143557
38,0.016158909519,0.221726886326,0.0364107168443,0.00351867269213,0.147450206298,0.0402498828447,0.0372950482739,0.0362754056976,0.361346669608,0.00473606406392,0.0770159386372,0.0178155991954,1,0.4,46,16,10,3,20,0.00112547445003,0.000243102481206,0.00112547445003,0.0499609670984,0.0164805791423,0.00444718821829,0.00112547445003,0.000243102481206,0.00112547445003,0.233770287097,0.456582589737,0.233770285945
39,0.0787465447559,0.0101798762376,0.0533420424251,0.0740814918733,0.0785806779979,0.0650737215694,0.00293605184529,0.153398161535,0.0828830868645,0.0984211997018,0.0313176830612,0.271039462133,1,0.4,46,16,10,3,20,0.000109302787768,2.36094021579e-05,0.000109302787768,0.0141769453357,0.00143429376682,0.00111160615791,0.000109302787768,2.36094021579e-05,0.000109302787768,0.248611599279,0.48556952745,0.248611598055
40,0.228787731357,0.277082661029,0.0470079044934,0.110478940274,0.0876094155662,0.0397804586744,0.00988702318086,0.0069681842517,0.0392915729378,0.086181899084,0.0483078062377,0.0186164029137,1,0.4,46,16,10,3,20,0.000205129609319,4.4307995613e-05,0.000205129609319,0.0892512404717,0.00841411644289,0.00251430706629,0.000205129609319,4.4307995613e-05,0.000205129609319,0.227392557761,0.444126087189,0.227392556641
41,0.102686062173,0.0118377464278,0.115868527879,0.0468625537412,0.0389316071483,0.0280321613704,0.137973989427,0.0364950082941,0.00314965027768,0.25102783785,0.0907974358363,0.136337419575,1,0.4,46,16,10,3,20,5.35224581399e-05,1.15608509582e-05,5.35224581399e-05,0.00290912337125,0.000402677692344,0.00106310190572,5.35224581399e-05,1.15608509582e-05,5.35224581399e-05,0.251797726902,0.491792432933,0.251797725662
42,0.347581724609,0.0104196135106,0.178274714325,0.0207828849111,0.117803446,0.0192934488101,0.0166724443396,0.0375267393181,0.0622813538724,0.0657429848049,0.0109777251124,0.112642920386,1,0.4,46,16,10,3,20,0.000340584201346,7.35661874907e-05,0.000340584201346,0.0109032798645,0.00276480767749,0.00432794472073,0.000340584201346,7.35661874907e-05,0.000340584201346,0.248030229797,0.484434040185,0.248030228575
43,0.0303146052849,0.177845661654,0.0184593505392,0.0855004354454,0.159575052168,0.045959151999,0.11298400892,0.0117304207908,0.0889529195431,0.0164708824978,0.0489475812611,0.203259929896,1,0.4,46,16,10,3,20,0.000200893775229,4.33930554495e-05,0.000200893775229,0.00483406489433,0.00300324484646,0.00138431736188,0.000200893775229,4.33930554495e-05,0.000200893775229,0.25040645447,0.489075103978,0.250406453237
44,0.0777376377173,0.101446146635,0.102685222948,0.0724208741324,0.02173023614,0.0253947871358,0.0016226307038,0.190805619182,0.112884700212,0.0416613508425,0.0986618010366,0.152948993314,1,0.4,46,16,10,3,20,1.301274148e-08,2.81075215968e-09,1.301274148e-08,2.9716751285e-07,1.20201859744e-07,7.45738764846e-08,1.301274148e-08,2.81075215968e-09,1.301274148e-08,0.252964288775,0.49407087408,0.252964287529
45,0.0220731056279,0.0147825667394,0.155339773179,0.0165193305605,0.0460196808769,0.284443529875,0.00818077447624,0.0525612405239,0.166023951654,0.0718384235513,0.00975103821265,0.152466584723,1,0.4,46,16,10,3,20,0.000243050398823,5.24988861458e-05,0.000243050398823,0.0222137265186,0.00503691649295,0.00249294885615,0.000243050398823,5.24988861458e-05,0.000243050398823,0.245167863989,0.478843481995,0.245167862781
46,0.0472767934839,0.110977039962,0.0470680038282,0.0960750848257,0.0347930102597,0.0949621549577,0.328804825441,0.0168532236278,0.0300124648057,0.000243312544978,0.0398852380615,0.153048848202,1,0.4,46,16,10,3,20,0.000436273824184,9.42351460236e-05,0.000436273824184,0.014524215532,0.00586566131611,0.00333999549081,0.000436273824184,9.42351460236e-05,0.000436273824184,0.246472490917,0.481391581452,0.246472489703
47,0.0772502891641,0.119134297126,0.251206101012,0.078138555742,0.047953473032,0.0650903253307,0.0221604688354,0.0773541293091,0.0661452639857,0.151130421988,0.032864892582,0.0115717818924,1,0.4,46,16,10,3,20,0.000116819615002,2.52330368404e-05,0.000116819615002,0.00931953769438,0.00213139120829,0.0088653504617,0.000116819615002,2.52330368404e-05,0.000116819615002,0.247694160874,0.483777655574,0.247694159654
48,0.00664647837287,0.341358080068,0.011321478392,0.118484750376,0.0181015992169,0.0903831802393,0.096171268417,0.115612547287,0.0261054444674,0.036748944842,0.114826787499,0.0242394408217,1,0.4,46,16,10,3,20,0.000365366800661,7.89192289427e-05,0.000365366800661,0.0661012489939,0.00103078920799,0.00842053537189,0.000365366800661,7.89192289427e-05,0.000365366800661,0.233442687535,0.455942746846,0.233442686385
49,0.0421301172298,0.0244613627288,0.106470795406,0.0978444383252,0.0752709284021,0.0546566921898,0.176194772093,0.0944984616535,0.00682558355862,0.24067780148,0.0748073158358,0.00616173109737,1,0.4,46,16,10,3,20,0.000156797591843,3.3868279838e-05,0.000156797591843,0.0136460056051,0.0050096799855,0.00028973572431,0.000156797591843,3.3868279838e-05,0.000156797591843,0.247996118353,0.484367416273,0.247996117132
50,0.056536746519,0.000535836924281,0.0123900353173,0.0330382758092,0.0192300230315,0.357669018522,0.163142446627,0.086437330814,0.0788197821744,0.0149807445747,0.070452904998,0.106766854689,1,0.4,46,16,10,3,20,0.000349783261738,7.55531845355e-05,0.000349783261738,0.0177302491181,0.0053172800629,0.00321284625271,0.000349783261738,7.55531845355e-05,0.000349783261738,0.245929331536,0.48033072329,0.245929330324
51,0.0610712304628,0.0234580377599,0.0709990203357,0.0976885769152,0.0650519055445,0.0471763799864,0.129117964476,0.0110223636008,0.00666407606119,0.0606326850134,0.410179698675,0.0169380611694,1,0.4,46,16,10,3,20,9.43140546912e-05,2.03718358133e-05,9.43140546912e-05,0.00582645195765,0.0012528729306,0.000865501132485,9.43140546912e-05,2.03718358133e-05,9.43140546912e-05,0.250848930337,0.489939314651,0.250848929101
52,0.00241600716312,0.0393787245958,0.179674197418,0.303534467838,0.0107359760627,0.0136246508491,0.0508144510704,0.141956459136,0.0564021468617,0.0868405210085,0.0148039807944,0.0998184172029,1,0.4,46,16,10,3,20,0.000267515532149,5.77833549442e-05,0.000267515532149,0.0453197008637,0.00896852419616,0.00206096633809,0.000267515532149,5.77833549442e-05,0.000267515532149,0.238410164928,0.465644851082,0.238410163754
53,0.0682621429725,0.0877127319365,0.0092236023747,0.0874426589063,0.0328945979862,0.031487213482,0.0878248284467,0.0976080618151,0.374696874099,0.0515059638556,0.0137106378336,0.0576306862918,1,0.4,46,16,10,3,20,0.000423237436829,9.14192863551e-05,0.000423237436829,0.048859089517,0.019430115804,0.00174971344466,0.000423237436829,9.14192863551e-05,0.000423237436829,0.234772565079,0.458540163912,0.234772563923
54,0.00647041277801,0.0534213106592,0.111375072309,0.0959579742998,0.0498070447042,0.00203021534204,0.062152308623,0.0130425827153,0.0774594137939,0.14084462915,0.0451833122658,0.34225572336,1,0.4,46,16,10,3,20,4.34966107585e-05,9.39526792384e-06,4.34966107585e-05,0.00390308768855,0.00124682704023,0.000358004016282,4.34966107585e-05,9.39526792384e-06,4.34966107585e-05,0.251522354576,0.491254596362,0.251522353337
55,0.177814670131,0.0328618752799,0.0214791502541,0.0189073460924,0.014685420888,0.0885576872399,0.118384568674,0.126917737272,0.0197656138163,0.202239952314,0.0252552232826,0.153130754756,1,0.4,46,16,10,3,20,1.98583996648e-06,4.2894143276e-07,1.98583996648e-06,3.67810676148e-06,3.13020940673e-05,1.81739598254e-06,1.98583996648e-06,4.2894143276e-07,1.98583996648e-06,0.252952892924,0.494048616559,0.252952891678
56,0.0847677597152,0.126099389602,0.0226158860766,0.17794545547,0.00700947257238,0.00061767586732,0.0467786999964,0.0176736328428,0.276280366878,0.0703715698263,0.13950167812,0.0303384130331,1,0.4,46,16,10,3,20,0.000186373599278,4.02566974441e-05,0.000186373599278,0.0135687300678,0.00478469957829,0.00293694968107,0.000186373599278,4.02566974441e-05,0.000186373599278,0.247369768596,0.483144076908,0.247369767377
57,0.0168523186541,0.0332184074893,0.0489903750293,0.0208536751273,0.160407145437,0.0138076035193,0.163007990875,0.0296149194972,0.029263929465,0.25155174163,0.15404912619,0.078382767087,1,0.4,46,16,10,3,20,0.000105888051588,2.28718191431e-05,0.000105888051588,0.0120006274285,0.000434873173738,0.000919997152471,0.000105888051588,2.28718191431e-05,0.000105888051588,0.249467246806,0.487240714018,0.249467245577
58,0.0310721382715,0.0337622002951,0.114772201644,0.0400799129973,0.172858725809,0.0182503678182,4.20870557376e-05,0.00391075514158,0.0339464352665,0.278713497766,0.228941159826,0.0436505181094,1,0.4,46,16,10,3,20,8.89560467588e-05,1.92145060999e-05,8.89560467588e-05,0.00418658970975,0.00036309332441,0.000780511802531,8.89560467588e-05,1.92145060999e-05,8.89560467588e-05,0.251516346086,0.49124286103,0.251516344847
59,0.130967362726,0.00318455886075,0.00202188802087,0.0617714299155,0.0972744025597,0.144167942044,0.0054909797398,0.285442053812,0.0210000441307,0.109672775463,0.122085305592,0.0169212571346,1,0.4,46,16,10,3,20,0.00023570230816,5.09116985626e-05,0.00023570230816,0.0214528381918,0.00118459094777,0.00564999619384,0.00023570230816,5.09116985626e-05,0.00023570230816,0.245544460549,0.479579022148,0.24554445934
60,0.118452784385,0.0466582209178,0.0563938374115,0.00969651967152,0.030278451222,0.14819167667,0.0463392835664,0.0359989300578,0.0410278303252,0.348852303685,0.00993848935756,0.10817167273,1,0.4,46,16,10,3,20,4.65346607393e-05,1.00514867197e-05,4.65346607393e-05,0.0196651649067,0.000800121948056,0.000119081631771,4.65346607393e-05,1.00514867197e-05,4.65346607393e-05,0.24770514302,0.483799105078,0.2477051418
61,0.161789915675,0.0150479437762,0.00029986817824,0.00441386897352,0.122431967866,0.100512905663,0.0828632429537,0.0523342594586,0.0798116649443,0.251202632073,0.0486569422756,0.0806347881626,1,0.4,46,16,10,3,20,0.000164449752623,3.55211465666e-05,0.000164449752623,0.00486802411979,0.00102064628296,0.00111905428387,0.000164449752623,3.55211465666e-05,0.000164449752623,0.251007351819,0.490248731607,0.251007350583
62,0.149939285808,0.106494434467,0.0894136966044,0.035959643561,0.0254220662245,0.019013281858,0.0596869354243,0.0352359021206,0.0577001173213,0.122986507135,0.15466609049,0.143482038986,1,0.4,46,16,10,3,20,6.57004166811e-05,1.41912900031e-05,6.57004166811e-05,0.00981121133844,0.00124463908194,0.000444016210708,6.57004166811e-05,1.41912900031e-05,6.57004166811e-05,0.24998171137,0.488245527614,0.249981710138
63,0.131276088906,0.173002577709,0.00488207310269,0.137918375295,0.0140118455993,0.109170004923,0.131674808719,0.0165249819087,0.0602854448907,0.00622586244364,0.00356501928639,0.211462917216,1,0.4,46,16,10,3,20,0.000162127056828,3.50194442748e-05,0.000162127056828,0.0193731932559,0.0056946002099,0.0046305511467,0.000162127056828,3.50194442748e-05,0.000162127056828,0.245270036197,0.479043037087,0.245270034988
64,0.0714693125667,0.0415330027804,0.121494170546,0.227784696817,0.0131945795379,0.0573496512743,0.0674197974748,0.0982154048693,0.0597014511793,0.0604964042233,0.0797027776287,0.101638751102,1,0.4,46,16,10,3,20,0.000281240867734,6.07480274306e-05,0.000281240867734,0.0140670189086,0.00532476197538,0.00136580957346,0.000281240867734,6.07480274306e-05,0.000281240867734,0.247398185895,0.483199579446,0.247398184676
65,0.0650347446341,0.0479739287284,0.091801987321,0.0634948423745,0.0486795021928,0.211618460846,0.0130071927001,0.254015506652,0.0542032127572,0.0265397323925,0.02289272151,0.100738167891,1,0.4,46,16,10,3,20,0.000846559184024,0.000182856783749,0.000846559184024,0.022208290221,0.00518656130188,0.00583241480691,0.000846559184024,0.000182856783749,0.000846559184024,0.243610001432,0.475800781703,0.243610000232
66,0.0716455158274,0.0195793954128,0.110892307542,0.00998734817201,0.0181930119306,0.0703842905013,0.0159639932708,0.122483224672,0.325576525293,0.189406666626,0.0371596734267,0.00872804732464,1,0.4,46,16,10,3,20,0.000208939076793,4.51308405874e-05,0.000208939076793,0.00661443598436,0.000550157951511,0.00593005409344,0.000208939076793,4.51308405874e-05,0.000208939076793,0.249417698052,0.487143939108,0.249417696823
67,0.231798208198,0.0523729411403,0.109748258302,0.00567858018397,0.104071274346,0.00123537618431,0.196638784244,0.00977504235257,0.0178617373633,0.00396473281361,0.248333612052,0.0185214528202,1,0.4,46,16,10,3,20,0.000108945173388,2.35321574518e-05,0.000108945173388,0.0336148969005,0.00107034838672,0.00109678487793,0.000108945173388,2.35321574518e-05,0.000108945173388,0.24379070441,0.476153717206,0.24379070321
68,0.0114277566643,0.115088526246,0.0247840980542,0.0177128606079,0.00518065791239,0.155175782998,0.147812651545,0.101926074675,0.0870495510645,0.0619088891563,0.252649285339,0.0192838657367,1,0.4,46,16,10,3,20,5.51056954979e-05,1.19028302276e-05,5.51056954979e-05,0.00189570821338,0.00195567299758,0.000787947859817,5.51056954979e-05,1.19028302276e-05,5.51056954979e-05,0.251729061476,0.491658320774,0.251729060236
69,0.104683143984,0.098754634583,0.047300339562,0.0405541659594,0.0121842875768,0.00707107208277,0.0912865688052,0.120023546365,0.0613564981544,0.257633069429,0.0960314165234,0.0631212569751,1,0.4,46,16,10,3,20,6.09954356604e-05,1.31750141026e-05,6.09954356604e-05,0.0029730145741,0.000408233380661,0.00164597708143,6.09954356604e-05,1.31750141026e-05,6.09954356604e-05,0.251624334382,0.491453775669,0.251624333142
70,0.0032283943261,0.217250293075,0.00588888133997,0.227122019507,0.0447019226265,0.0188412222687,0.0415393691308,0.0173536348006,0.229925005914,0.0128604861218,0.0198571748407,0.161431596048,1,0.4,46,16,10,3,20,0.000456075899144,9.85123942152e-05,0.000456075899144,0.0360778975721,0.00459826465608,0.00532194742071,0.000456075899144,9.85123942152e-05,0.000456075899144,0.240817218142,0.470346126868,0.240817216956
71,0.0379608751477,0.0401977982266,0.0189559049778,0.0166899732404,0.0853045218611,0.0602060475308,0.296934968085,0.0308231046699,0.19016230234,0.0204727226387,0.199183322726,0.00310845855559,1,0.4,46,16,10,3,20,0.000178435899188,3.85421542246e-05,0.000178435899188,0.0105983930881,0.00285800390533,0.00432377651733,0.000178435899188,3.85421542246e-05,0.000178435899188,0.248266625061,0.484895749684,0.248266623838
72,0.163240564135,0.282485730613,0.0163124210354,0.129120754366,0.0687251394656,0.0326747340247,0.00370138072405,0.0640226611726,0.0825537027662,0.0281138196808,0.101659513791,0.0273895782251,1,0.4,46,16,10,3,20,0.000485421555217,0.000104851055927,0.000485421555217,0.0216621964416,0.0116329625775,0.00209511646061,0.000485421555217,0.000104851055927,0.000485421555217,0.243467722303,0.475522892781,0.243467721104
73,0.0733236092118,0.0326272258735,0.0185846991084,0.0124079232606,0.0123672142538,0.202446199904,0.175418042233,0.207819360546,0.0248411367238,0.0131279646835,0.0622677889917,0.16476883521,1,0.4,46,16,10,3,20,0.000151323674729,3.26859137414e-05,0.000151323674729,0.0056043948229,0.00503711344559,0.000655557038441,0.000151323674729,3.26859137414e-05,0.000151323674729,0.249937017373,0.488158234652,0.249937016142
74,0.134951795212,0.0974029552037,0.0330733556355,0.167270434921,0.282190445431,0.0143212040347,0.0556266556745,0.0552003155526,0.0448605098919,0.015562851476,0.0566780251247,0.0428614518426,1,0.4,46,16,10,3,20,0.00055517416517,0.000119917619677,0.00055517416517,0.00852600032143,0.0114914113301,0.00362831369948,0.00055517416517,0.000119917619677,0.00055517416517,0.246360473381,0.481172797201,0.246360472167
75,0.000604629581011,0.172978858489,0.155621172821,0.11746101838,0.155589198214,0.122469018514,0.0953551805095,0.0177212953384,0.114508810757,0.0027001465876,0.0406575864277,0.00433308438079,1,0.4,46,16,10,3,20,0.00290649565375,0.00062780306121,0.00290649565375,0.0680918619836,0.0390536017179,0.0212411483474,0.00290649565375,0.00062780306121,0.00290649565375,0.217228598229,0.424274603826,0.217228597159
76,0.0929678849579,0.107663105721,0.0775825275341,0.0706721200309,0.0108220719602,0.0298669650663,0.10688786588,0.134724197359,0.160186278241,0.107879684196,0.0708202529166,0.0299270461361,1,0.4,46,16,10,3,20,0.000263009507718,5.68100536671e-05,0.000263009507718,0.00439182251264,0.00495308367584,0.000719350138946,0.000263009507718,5.68100536671e-05,0.000263009507718,0.250123658921,0.488522768924,0.250123657689
77,0.00942093074127,0.0572390544153,0.0676033614882,0.0360680506253,0.0167965539578,0.052656134774,0.00677998652129,0.120595191015,0.108216627068,0.120621801118,0.0296647858921,0.374337522384,1,0.4,46,16,10,3,20,5.62741232839e-05,1.21552106293e-05,5.62741232839e-05,0.00655499537656,0.00047136377405,0.00088364967427,5.62741232839e-05,1.21552106293e-05,5.62741232839e-05,0.250900385875,0.490039813747,0.250900384639
78,0.151544532597,0.0354160197663,0.114970294492,0.0026808513471,0.175215189789,0.0804971535707,0.113686839422,0.116142082801,0.0638847452286,0.0739314415015,0.0028381509044,0.0691926985806,1,0.4,46,16,10,3,20,0.000349972860271,7.55941378186e-05,0.000349972860271,0.0804002341297,0.0115822695435,0.000827240930238,0.000349972860271,7.55941378186e-05,0.000349972860271,0.229094495877,0.447450185055,0.229094494748
79,0.0403928004182,0.163748593431,0.0467792404544,0.0613672833946,0.0232728097686,0.0535008530523,0.0294226186825,0.116968999571,0.0510456611059,0.0313870375811,0.338650116184,0.0434639863561,1,0.4,46,16,10,3,20,9.62463535355e-05,2.07892123637e-05,9.62463535355e-05,0.0136028791229,0.00172172874925,0.000570460385046,9.62463535355e-05,2.07892123637e-05,9.62463535355e-05,0.248835635484,0.486007098161,0.248835634259
80,0.181359658329,0.0635858705321,0.076011640365,0.14744590004,0.0940899052965,0.0166594624292,0.035223698981,0.036939967889,0.0938995948855,0.129326754249,0.084171257686,0.0412862893172,1,0.4,46,16,10,3,20,0.000136358076248,2.94533444697e-05,0.000136358076248,0.0385432014266,0.00474512863013,0.000548594562529,0.000136358076248,2.94533444697e-05,0.000136358076248,0.241722368987,0.472113999603,0.241722367797
81,0.0109536021076,0.028915452532,0.00367745338729,0.0805577076536,0.0406759481138,0.00265745188151,0.00547951682842,0.0198695223885,0.378322675931,0.0345083174023,0.373554497937,0.0208278538364,1,0.4,46,16,10,3,20,6.95694435518e-05,1.50269998072e-05,6.95694435518e-05,0.0146447096799,0.0011376322035,0.000938511724716,6.95694435518e-05,1.50269998072e-05,6.95694435518e-05,0.248656649672,0.485657516499,0.248656648447
82,0.11505729145,0.237075883086,0.0159517033952,0.12150985166,0.0136492572436,0.0893342854377,0.0368161991266,0.133448962715,0.0363749391747,0.00581601746233,0.114591127608,0.0803744816414,1,0.4,46,16,10,3,20,0.000283781310033,6.1296762967e-05,0.000283781310033,0.00352790945164,0.00179580357279,0.00261329455003,0.000283781310033,6.1296762967e-05,0.000283781310033,0.250638489121,0.489528296653,0.250638487886
83,0.0068011010989,0.110395089343,0.0605727945667,0.143421301671,0.0781720523611,0.0278072283072,0.00619503636575,0.130602059022,0.0700340730315,0.0569605346493,0.241412836942,0.0676258926407,1,0.4,46,16,10,3,20,0.000175739824424,3.79598020757e-05,0.000175739824424,0.00594093863578,0.00222622596422,0.000279416524512,0.000175739824424,3.79598020757e-05,0.000175739824424,0.250630714591,0.489513112025,0.250630713357
84,0.23818648059,0.0452636462942,0.0249251473151,0.0878524805124,0.137457945548,0.0390920189209,0.000520551380211,0.0718511447697,0.0964562162092,0.100873782447,0.0301076226202,0.127412963393,1,0.4,46,16,10,3,20,0.000167860917846,3.62579582548e-05,0.000167860917846,0.0292354762882,0.00306324796322,0.00233309577882,0.000167860917846,3.62579582548e-05,0.000167860917846,0.244015613959,0.476592993666,0.244015612757
85,0.0762545625312,0.0885996792813,0.197025184444,0.0679181776972,0.0197848875646,0.144225581181,0.16998429407,0.0334510848447,0.062713885655,0.109602015309,0.0258200243135,0.00462062310709,1,0.4,46,16,10,3,20,0.000288007648151,6.22096520006e-05,0.000288007648151,0.0592171207138,0.0134015401616,0.00420393140854,0.000288007648151,6.22096520006e-05,0.000288007648151,0.233208148291,0.455484662387,0.233208147142
86,0.136831283998,0.0773483338156,0.127970210971,0.0713658419415,0.0445020000304,0.187998050817,0.0463507407057,0.0744572646344,0.0168067627304,0.0376125656337,0.156146677721,0.0226102670012,1,0.4,46,16,10,3,20,0.000223800163021,4.83408352125e-05,0.000223800163021,0.0320033710721,0.00441955619167,0.00389223439477,0.000223800163021,4.83408352125e-05,0.000223800163021,0.242515215063,0.473662527087,0.242515213869
87,0.0496710123942,0.0925674506756,0.261254005082,0.0566388667151,0.14749905492,0.0154066957105,0.0399109061387,0.192732972868,0.0323673258717,0.0338186124145,0.0286737671474,0.049459330063,1,0.4,46,16,10,3,20,0.000532205219334,0.000114956327376,0.000532205219334,0.0675471581424,0.00858065083189,0.0169121192006,0.000532205219334,0.000114956327376,0.000532205219334,0.228831959936,0.446937419548,0.228831958809
88,0.0726339770926,0.00552907858032,0.133203672658,0.129902612516,0.0653159010941,0.146716734713,0.208825236052,0.0228422596193,0.0618695220756,0.0163703074091,0.113282721162,0.0235079770269,1,0.4,46,16,10,3,20,0.000316854415191,6.84405536813e-05,0.000316854415191,0.00370545164025,0.00853580780133,0.000680609942315,0.000316854415191,6.84405536813e-05,0.000316854415191,0.249340416879,0.486992999318,0.249340415651
89,0.00145330776901,0.0265151689979,0.0728605839191,0.191699143926,0.00456814955806,0.0380667326568,0.0254046229107,0.0683136621859,0.108776962987,0.0742645474908,0.361877569528,0.0261995480703,1,0.4,46,16,10,3,20,7.59997912688e-05,1.64159549141e-05,7.59997912688e-05,0.00609316634776,0.000276892344086,0.00265189025613,7.59997912688e-05,1.64159549141e-05,7.59997912688e-05,0.250596989375,0.489447242462,0.25059698814
90,0.102410029615,0.0265760717877,0.0366693395174,0.167739500649,0.0123142470663,0.0373416085445,0.118115482923,0.0313832360439,0.0223395760836,0.434362891894,0.00171982798429,0.00902818789101,1,0.4,46,16,10,3,20,1.14811581134e-06,2.47993015249e-07,1.14811581134e-06,2.215975317e-06,3.70209571643e-06,1.94128128856e-05,1.14811581134e-06,2.47993015249e-07,1.14811581134e-06,0.252956732799,0.494056116315,0.252956731553
91,0.0342779734899,0.126963778576,0.000859648963257,0.192593061754,0.0209619475132,0.0475633263362,0.0526994116551,0.0145363329788,0.207398137086,0.0117099264867,0.286653456498,0.00378299866324,1,0.4,46,16,10,3,20,0.000125354885672,2.70766553052e-05,0.000125354885672,0.0270671033578,0.00375445813427,0.000760142319344,0.000125354885672,2.70766553052e-05,0.000125354885672,0.244834840005,0.47819304453,0.244834838799
92,0.0530645949718,0.148196954893,0.0652094548025,0.0692836002932,0.0869965779632,0.00566149840596,0.109219769014,0.0843263767797,0.131112704301,0.0165972300798,0.172172672992,0.0581585655047,1,0.4,46,16,10,3,20,0.000171395709683,3.70214732915e-05,0.000171395709683,0.00252504770619,0.00199236439514,0.00125112446296,0.000171395709683,3.70214732915e-05,0.000171395709683,0.251313034955,0.490845768979,0.251313033717
93,0.0563080450099,0.206459115212,0.098092021183,0.0242632167581,0.0804864333007,0.0041791742419,0.0826291112399,0.185116775806,0.0450557563649,0.153871001138,0.0181396801203,0.0453996696257,1,0.4,46,16,10,3,20,4.35258290031e-06,9.40157906467e-07,4.35258290031e-06,2.57442848746e-05,7.37386472116e-05,8.14304566873e-06,4.35258290031e-06,9.40157906467e-07,4.35258290031e-06,0.252932322417,0.494008439787,0.252932321171
94,0.131398374585,0.164445274926,0.0604080258297,0.0109677679274,0.164865962556,0.162312023199,0.00714042898674,0.0211897552153,0.00581342449953,0.129650787386,0.0776558748786,0.064152300011,1,0.4,46,16,10,3,20,0.000386809081267,8.35507615536e-05,0.000386809081267,0.0148552959742,0.00179040302667,0.00271724237254,0.000386809081267,8.35507615536e-05,0.000386809081267,0.24763262593,0.483657470138,0.24763262471
