run_ID,t1_initial,t2_initial,t3_initial,t4_initial,t5_initial,t6_initial,t7_initial,t8_initial,t9_initial,t10_initial,t11_initial,t12_initial,alpha,prior_cost_c,lambda,k,sample_amount,learning_parameter,generations,t1_final,t2_final,t3_final,t4_final,t5_final,t6_final,t7_final,t8_final,t9_final,t10_final,t11_final,t12_final
0,0.134086323244,0.122862100316,0.0859841747798,0.0810950119351,0.155317382967,0.212197698585,0.114001314644,0.0404780783806,0.0110709767031,0.00185856493047,0.0322480712467,0.00880030226778,1,0.4,48,17,10,3,20,0.00393691172616,0.00085037293285,0.00393691172616,0.161518721877,0.0393182612674,0.0144983111951,0.00393691172616,0.00085037293285,0.00393691172616,0.19407843516,0.379059442943,0.194078434787
1,0.021935164524,0.00976330096048,0.21599006551,0.315708631598,0.0149705039767,0.125371949678,0.0216164611187,0.0390947977526,0.0180001452054,0.00440320938896,0.155614081172,0.057531689114,1,0.4,48,17,10,3,20,0.000276783037629,5.97851361278e-05,0.000276783037629,0.055023772884,0.00518677868761,0.00231164131711,0.000276783037629,5.97851361278e-05,0.000276783037629,0.236838224452,0.462574656241,0.236838223996
2,0.127308611118,0.0630396032469,0.0813083838619,0.0453199845262,0.0362955787214,0.0155645357954,0.0256685170922,0.00346766825338,0.105578981638,0.0883972565374,0.0354419811158,0.372608898093,1,0.4,48,17,10,3,20,7.67536160321e-05,1.65787810629e-05,7.67536160321e-05,0.00453343358031,0.000576697370026,0.000621866022514,7.67536160321e-05,1.65787810629e-05,7.67536160321e-05,0.251428384488,0.491071062508,0.251428384004
3,0.0298400314672,0.000730800210552,0.0559033414639,0.128152223732,0.00811788920776,0.103007990292,0.0693613510031,0.0358358773186,0.0844012580248,0.339127098003,0.106609546259,0.0389125930182,1,0.4,48,17,10,3,20,6.5103266246e-05,1.40623055091e-05,6.5103266246e-05,0.00103744589274,0.000752419291942,0.000317301798168,6.5103266246e-05,1.40623055091e-05,6.5103266246e-05,0.252358399184,0.492887497458,0.252358398699
4,0.10627232279,0.151138069676,0.232713513405,0.0249556204416,0.145034061459,0.0577688596805,0.0161489718128,0.112299143882,0.0654827851301,0.0179836040214,0.0240008827486,0.0462021649535,1,0.4,48,17,10,3,20,0.00101538795752,0.000219323798825,0.00101538795752,0.145421039123,0.0174174816559,0.00349155466632,0.00101538795752,0.000219323798825,0.00101538795752,0.209750444603,0.409668836326,0.209750444199
5,0.124254859956,0.0608919867988,0.158237468631,0.130278630123,0.0409721548942,0.178901321613,0.0123895746948,0.0315902025097,0.00621528086866,0.151279615569,0.0304150686872,0.0745738356541,1,0.4,48,17,10,3,20,0.000201933769493,4.36176942105e-05,0.000201933769493,0.0217535557482,0.00367552746901,0.00176116291095,0.000201933769493,4.36176942105e-05,0.000201933769493,0.245859866512,0.480195050856,0.245859866038
6,0.0422912497895,0.0944216167349,0.192521366218,0.0099835111665,0.106140569297,0.0288281960639,0.157212494592,0.0306907324659,0.104296426639,0.108345837582,0.114461098779,0.010806900673,1,0.4,48,17,10,3,20,0.00027486372878,5.93705654165e-05,0.00027486372878,0.00507790434322,0.00176627732777,0.0020462642325,0.00027486372878,5.93705654165e-05,0.00027486372878,0.25040730042,0.489076757692,0.250407299938
7,0.0232924533667,0.0669750573572,0.0019886894803,0.0118829672181,0.211709754913,0.2982214805,0.111002787215,0.0139835520212,0.00619568057324,0.138554937903,0.0728070308131,0.0433856086389,1,0.4,48,17,10,3,20,0.000187853810601,4.05764230897e-05,0.000187853810601,0.0230286412723,0.00338457918683,0.00235402077942,0.000187853810601,4.05764230897e-05,0.000187853810601,0.245476728428,0.479446734289,0.245476727956
8,0.0855799098908,0.0558520621536,0.0597817396539,0.0495198156966,0.00966494805079,0.0611968650955,0.014710035253,0.0160601129501,0.132148963229,0.114591174105,0.138581322495,0.262313051427,1,0.4,48,17,10,3,20,7.11977406494e-07,1.53787119803e-07,7.11977406494e-07,3.74323844314e-06,8.09678475979e-06,2.14254591779e-05,7.11977406494e-07,1.53787119803e-07,7.11977406494e-07,0.252955214032,0.494053151456,0.252955213545
9,0.0503227105753,0.0114756446357,0.0710494491791,0.0534047658886,0.0298174830974,0.0292362095521,0.51954142373,0.10165125406,0.0180427335583,0.0587745918266,0.0265448323346,0.0301389015623,1,0.4,48,17,10,3,20,0.00134168829267,0.000289804671216,0.00134168829267,0.0573535932149,0.00924580024751,0.0104712825508,0.00134168829267,0.000289804671216,0.00134168829267,0.231964069639,0.453054822642,0.231964069193
10,0.00163471710452,0.228808943797,0.0069154499316,0.0264540688642,0.104368639403,0.118409631747,0.176516655416,0.067466090195,0.00879329540688,0.202753436312,0.0131425567657,0.0447365150567,1,0.4,48,17,10,3,20,0.00015816166974,3.41629206638e-05,0.00015816166974,0.0165146454469,0.00464959761297,0.00109907370421,0.00015816166974,3.41629206638e-05,0.00015816166974,0.247155278955,0.482725153281,0.24715527848
11,0.0220449065287,0.0530169167369,0.03073775298,0.247828829246,0.22174086783,0.148049511211,0.00358736941236,0.0457548205795,0.0117857602232,0.113070827235,0.086904639328,0.0154777986894,1,0.4,48,17,10,3,20,0.000547671202825,0.00011829697981,0.000547671202825,0.0484444305502,0.00244382057322,0.00596153524771,0.000547671202825,0.00011829697981,0.000547671202825,0.237969438409,0.464784058498,0.237969437951
12,0.0686240268767,0.113611614276,0.14658872879,0.0240997406069,0.183446626251,0.0171221119572,0.0446558470219,0.0305219464743,0.0214203662533,0.0745986363479,0.0363428257292,0.238967529416,1,0.4,48,17,10,3,20,7.18370890389e-05,1.55168112324e-05,7.18370890389e-05,0.0179667911693,0.00128208401825,0.00235859949973,7.18370890389e-05,1.55168112324e-05,7.18370890389e-05,0.247417965468,0.483238212874,0.247417964992
13,0.0719451858647,0.0206082177459,0.311157282346,0.0215271244361,0.0570370681805,0.0606878497997,0.0795986526992,0.0494118161233,0.0161805584407,0.0226201600432,0.27564396785,0.0135821164715,1,0.4,48,17,10,3,20,7.96046104359e-05,1.71945958542e-05,7.96046104359e-05,0.00321908661849,0.00218198567591,0.00140902416461,7.96046104359e-05,1.71945958542e-05,7.96046104359e-05,0.25115246731,0.490532161771,0.251152466827
14,0.160326911347,0.0560971581089,0.115890712309,0.315701145538,0.0128701985801,0.0220698301419,0.10541975005,0.0135350936506,0.0479567878724,0.00240468092867,0.0952559533687,0.0524717781043,1,0.4,48,17,10,3,20,0.000411353335575,8.88523204841e-05,0.000411353335575,0.00828603972028,0.00487763400047,0.00607570796852,0.000411353335575,8.88523204841e-05,0.000411353335575,0.247636364075,0.483664772654,0.247636363599
15,0.176526157184,0.0467629632309,0.0872640528632,0.0774468639867,0.0693532841049,0.149291330977,0.0197165783242,0.01034781004,0.026651106175,0.0774446668345,0.187999330817,0.0711958554624,1,0.4,48,17,10,3,20,7.57966533647e-05,1.63720771268e-05,7.57966533647e-05,0.000878616065393,0.00108180460472,0.000563693415502,7.57966533647e-05,1.63720771268e-05,7.57966533647e-05,0.252240937633,0.492658080366,0.252240937147
16,0.0332139953836,0.00608514001669,0.0924387704145,0.0029748724261,0.0130477477489,0.0404502653904,0.207252896319,0.219908313092,0.122882700916,0.0992027431737,0.162165894854,0.000376660265673,1,0.4,48,17,10,3,20,0.000226210767929,4.88615258726e-05,0.000226210767929,0.0223828409309,0.00137215438011,0.00321807565566,0.000226210767929,4.88615258726e-05,0.000226210767929,0.245887586228,0.480249190927,0.245887585755
17,0.0581409103744,0.208744724537,0.00729192335292,0.18839122241,0.150119226809,0.0937673534928,0.00131070783589,0.0255884766903,0.0489531217368,0.0880558071683,0.0710717710807,0.0585647545124,1,0.4,48,17,10,3,20,0.000294884379181,6.36950259031e-05,0.000294884379181,0.0329771355775,0.0062213767244,0.000759540446102,0.000294884379181,6.36950259031e-05,0.000294884379181,0.24252585513,0.47368330989,0.242525854663
18,0.0231111217318,0.00795911845828,0.0129817939798,0.059070256905,0.0830872270264,0.0676754721888,0.00272749943811,0.248109223169,0.0547625774261,0.285304464566,0.0990372739789,0.0561739711317,1,0.4,48,17,10,3,20,6.51899996798e-05,1.40810399308e-05,6.51899996798e-05,0.00889020596173,0.00120598046882,0.000274973400425,6.51899996798e-05,1.40810399308e-05,6.51899996798e-05,0.250267805727,0.488804307119,0.250267805245
19,0.00442261065844,0.17262560697,0.0346841259027,0.121896790819,0.231318728555,0.154401867719,0.0922570711601,0.0330541673791,0.0169545760021,0.0440216155848,0.0344955764627,0.0598672627871,1,0.4,48,17,10,3,20,0.000365571946212,7.89635403817e-05,0.000365571946212,0.0366035648842,0.00146634072949,0.0170146248959,0.000365571946212,7.89635403817e-05,0.000365571946212,0.238620143806,0.466054967473,0.238620143346
20,0.0256225760697,0.0139355789299,0.202122025764,0.0427163830939,0.0524534051068,0.0839650958355,0.198097894092,0.104990476893,0.00254578187157,0.0117047581596,0.00189870270246,0.259947321481,1,0.4,48,17,10,3,20,0.000152734327487,3.29906147372e-05,0.000152734327487,0.0397256271714,0.00164941482861,0.00206582811349,0.000152734327487,3.29906147372e-05,0.000152734327487,0.241804196104,0.472273819606,0.241804195638
21,0.0280716426433,0.0216285592449,0.03431660007,0.00662929068827,0.161391649337,0.0577564945839,0.0776089475116,0.0286737912235,0.0471868248475,0.0552134130577,0.282929628527,0.198593158265,1,0.4,48,17,10,3,20,2.90717413384e-05,6.27949612909e-06,2.90717413384e-05,0.000279240274958,0.00016847366361,0.000233693835258,2.90717413384e-05,6.27949612909e-06,2.90717413384e-05,0.25275946187,0.493670823015,0.252759461384
22,0.0422471542648,0.0124519377786,0.011529391588,0.240446273395,0.07889566746,0.0345380488765,0.0338497168886,0.00132045866449,0.170805723482,0.00298528592591,0.259724785871,0.111205555805,1,0.4,48,17,10,3,20,8.72946068768e-05,1.88556350854e-05,8.72946068768e-05,0.0375278392875,0.00173768441815,0.000428811355253,8.72946068768e-05,1.88556350854e-05,8.72946068768e-05,0.242825303177,0.474268169355,0.24282530271
23,0.184170733011,0.19773421441,0.169554401625,0.0397275911175,0.0431228665973,0.120442048941,0.0537489178871,0.0409880919299,0.0951826412191,0.0208228216117,0.0255613328839,0.00894433876638,1,0.4,48,17,10,3,20,0.00212141294982,0.000458225197162,0.00212141294982,0.20840633921,0.0222789326443,0.0143292389645,0.00212141294982,0.000458225197162,0.00212141294982,0.18860607445,0.368371238451,0.188606074087
24,0.126570587894,0.098465248699,0.140216790998,0.114618089128,0.0125751692983,0.116622196303,0.00806511557685,0.0170060753454,0.0719091564944,0.101187145198,0.176340220119,0.0164242049464,1,0.4,48,17,10,3,20,1.59679671821e-06,3.44908091134e-07,1.59679671821e-06,9.4046725684e-06,3.97962960464e-06,5.49950950245e-05,1.59679671821e-06,3.44908091134e-07,1.59679671821e-06,0.252945339456,0.494033865174,0.252945338969
25,0.03977333668,0.0413170384418,0.124057333397,0.0142959908862,0.346079779274,0.0776051951942,0.0194738689596,0.0406563228154,0.104159278241,0.0134530024624,0.0309324706845,0.148196382964,1,0.4,48,17,10,3,20,0.000353214968636,7.62944332254e-05,0.000353214968636,0.010087105399,0.0054689842193,0.00340434034318,0.000353214968636,7.62944332254e-05,0.000353214968636,0.247772110092,0.483929901591,0.247772109615
26,0.0916228769596,0.29981392021,0.0241505851998,0.288226994204,0.043076314164,0.0519706685591,0.0690809544933,0.0689175060942,0.00346991536499,0.0405079766934,0.0153056148313,0.00385667322638,1,0.4,48,17,10,3,20,0.00132618526962,0.000286456018238,0.00132618526962,0.136504302246,0.0160795322456,0.0325343375389,0.00132618526962,0.000286456018238,0.00132618526962,0.204649277728,0.399705619793,0.204649277334
27,0.0226732904433,0.137798425102,0.040844602319,0.0105550299702,0.0298905248089,0.0780315571625,0.0605742381429,0.0783417323564,0.135681681118,0.0829267782699,0.321865016908,0.000817123398801,1,0.4,48,17,10,3,20,2.81065897039e-05,6.07102337603e-06,2.81065897039e-05,0.00112581787037,0.000589255323181,0.00128919818911,2.81065897039e-05,6.07102337603e-06,2.81065897039e-05,0.252172942076,0.492525276545,0.252172941591
28,0.00901242029085,0.0585674008358,0.123377920893,0.0563823952816,0.302295115718,0.0404036694895,0.00849097385549,0.133021097395,0.000299240220653,0.128581774009,0.0181239283835,0.121444063627,1,0.4,48,17,10,3,20,0.000199282438265,4.30450066653e-05,0.000199282438265,0.0262628256556,0.00403279801532,0.00155019432809,0.000199282438265,4.30450066653e-05,0.000199282438265,0.244685144949,0.477900672808,0.244685144478
29,0.0904902704701,0.318299196417,0.0181647883887,0.0519062303194,0.0708632764177,0.0633016487029,0.111323530963,0.0892406327391,0.0436080627127,0.0323808424958,0.0470767176127,0.0633448027615,1,0.4,48,17,10,3,20,0.000532448266185,0.000115008825496,0.000532448266185,0.0885491960986,0.0018636664139,0.0108308804382,0.000532448266185,0.000115008825496,0.000532448266185,0.226756413628,0.442883619514,0.226756413191
30,0.103455332533,0.011970432644,0.0930599535166,0.0249653130581,0.216632198469,0.0317964055986,0.0391340055751,0.0628847873063,0.135212913791,0.140112496959,0.0861946820362,0.0545814785126,1,0.4,48,17,10,3,20,0.000150150319384,3.24324689869e-05,0.000150150319384,0.0238944256442,0.0029200106107,0.00143099178211,0.000150150319384,3.24324689869e-05,0.000150150319384,0.245650999436,0.479787107349,0.245650998963
31,0.0523965023444,0.00154702398536,0.00918094229541,0.232919244178,0.0668616464656,0.198576370457,0.0498383981447,0.0670689801111,0.266312440768,0.0446603456933,0.00436916629612,0.0062689392606,1,0.4,48,17,10,3,20,0.00129716456841,0.000280187546777,0.00129716456841,0.0477354435705,0.0423468082321,0.016956309272,0.00129716456841,0.000280187546777,0.00129716456841,0.224433178013,0.438346049964,0.224433177581
32,0.0197166617265,0.379435116407,0.134078311348,0.0359079755969,0.11270820074,0.10549375281,0.0391540848316,0.0809279232984,3.98684229754e-05,0.0738158136758,0.00368691481156,0.0150353763319,1,0.4,48,17,10,3,20,0.0015822622812,0.000341768652739,0.0015822622812,0.0499550712311,0.0185121233339,0.00814481704336,0.0015822622812,0.000341768652739,0.0015822622812,0.231810378695,0.452754645017,0.231810378249
33,0.0369005278066,0.0702144472296,0.153157636616,0.0650795406522,0.114196743273,0.000841285713472,0.051598936594,0.136606421928,0.0650822144466,0.0196217224814,0.0976873218925,0.189013201368,1,0.4,48,17,10,3,20,8.81958355105e-05,1.90503004703e-05,8.81958355105e-05,0.00604543015926,0.00277370272763,0.00186905431819,8.81958355105e-05,1.90503004703e-05,8.81958355105e-05,0.250161816354,0.488597296626,0.250161815872
34,0.0478897799255,0.100877611915,0.0513360534787,0.00692290356003,0.0744381667364,0.0295189644691,0.0777576326003,0.1783676198,0.0474697829996,0.14682188195,0.0572320159873,0.181367586578,1,0.4,48,17,10,3,20,0.000133297848261,2.87923352243e-05,0.000133297848261,0.0122896694485,0.0016681534838,0.00067760913123,0.000133297848261,2.87923352243e-05,0.000133297848261,0.249112738223,0.486548315906,0.249112737744
35,0.0217657713868,0.0304976782109,0.136743597877,0.179739533278,0.0211357763362,0.0095577436228,0.346861958382,0.138066356343,0.03019536064,0.0404888492905,0.00501006264993,0.039937311983,1,0.4,48,17,10,3,20,0.00112172500149,0.000242292600323,0.00112172500149,0.0204768132627,0.0153396411287,0.00977734252944,0.00112172500149,0.000242292600323,0.00112172500149,0.24017320961,0.469088299116,0.240173209147
36,0.0759716321871,0.124435810844,0.161928447277,0.24001119697,0.0674371131688,0.0360911067437,0.0131296698372,0.00128201078251,0.0674276209731,0.0663292220135,0.0436122016275,0.102343967576,1,0.4,48,17,10,3,20,0.000265497271844,5.73474107182e-05,0.000265497271844,0.0143899807119,0.00465225117196,0.00477016969596,0.000265497271844,5.73474107182e-05,0.000265497271844,0.246643077543,0.481724759899,0.246643077069
37,0.13375315337,0.0775202648904,0.0219374459905,0.0335545919971,0.155130484474,0.184107057707,0.00321281821532,0.0391114903265,0.0950020997107,0.181882109905,0.0483632871826,0.0264251962319,1,0.4,48,17,10,3,20,0.000240954711986,5.20462177889e-05,0.000240954711986,0.0256956171873,0.000905511476056,0.00244507391734,0.000240954711986,5.20462177889e-05,0.000240954711986,0.245346627676,0.479192631257,0.245346627203
38,0.374892033035,0.0653018183502,0.0398484502413,0.0480944628686,0.0312016005809,0.108442684603,0.0488252984136,0.106126389109,0.0439395747286,0.0763098165722,0.0277880391991,0.0292298322986,1,0.4,48,17,10,3,20,0.00072580879163,0.000156774698992,0.00072580879163,0.0369381722636,0.00570448530662,0.00991285289626,0.00072580879163,0.000156774698992,0.00072580879163,0.238856020573,0.466515664283,0.238856020113
39,0.0304680220511,0.100022484806,0.0962786156881,0.141052398553,0.0159225975038,0.131740181418,0.090094737695,0.196286664636,0.0139793896906,0.154627027077,0.0254762190843,0.00405166179552,1,0.4,48,17,10,3,20,0.000384930820646,8.31450572596e-05,0.000384930820646,0.0156210365362,0.00796335715342,0.00349840008712,0.000384930820646,8.31450572596e-05,0.000384930820646,0.245681883124,0.479847427052,0.245681882651
40,0.0821855807807,0.0132382086993,0.056849684822,0.097440127755,0.0780123834198,0.0452156454143,0.0902876552581,0.122124238827,0.185902453172,0.045088871433,0.0781030225748,0.105552127844,1,0.4,48,17,10,3,20,0.000289178878326,6.24626377184e-05,0.000289178878326,0.0138627231186,0.00626635694092,0.0013644990365,0.000289178878326,6.24626377184e-05,0.000289178878326,0.247203106788,0.482818567015,0.247203106312
41,0.256139926509,0.0565298016604,0.0816746680967,0.0579764143672,0.0559602840751,0.067700605515,0.036968954303,0.0722715795765,0.0695694255321,0.193442547248,0.0226624942885,0.0291032988279,1,0.4,48,17,10,3,20,0.00022005542909,4.75319726835e-05,0.00022005542909,0.0276769782937,0.00495047922218,0.00171194552492,0.00022005542909,4.75319726835e-05,0.00022005542909,0.24403106724,0.476623177286,0.244031066771
42,0.132699000201,0.292130520097,0.0942297116863,0.00415876363484,0.0322180408423,0.00462093573253,0.0173389409845,0.000976888746893,0.0928917729564,0.170409993062,0.121430709313,0.0368947227426,1,0.4,48,17,10,3,20,0.000129538102157,2.79802300659e-05,0.000129538102157,0.00437751946501,0.00087761754082,0.00117236226692,0.000129538102157,2.79802300659e-05,0.000129538102157,0.251193268436,0.49061185147,0.251193267953
43,0.00618177631872,0.0614847404879,0.0339937125376,0.225322758753,0.203550103715,0.0166038983473,0.0958778206599,0.0644962087607,0.0179734881101,0.113035174932,0.134144162375,0.0273361550024,1,0.4,48,17,10,3,20,0.000120977559163,2.61311527791e-05,0.000120977559163,0.00499578158093,0.00357848946059,0.00212493796967,0.000120977559163,2.61311527791e-05,0.000120977559163,0.250122275382,0.488520068165,0.2501222749
44,0.0617048336566,0.0934526055732,0.125327826357,0.0941801574648,0.0378833721618,0.0057763628334,0.0820863770121,0.0177427113064,0.0404475812581,0.247217610901,0.0563579319791,0.137822629497,1,0.4,48,17,10,3,20,6.99273150272e-05,1.51043000459e-05,6.99273150272e-05,0.0177668191491,0.000967223967462,0.00086068437119,6.99273150272e-05,1.51043000459e-05,6.99273150272e-05,0.247929260031,0.484236835067,0.247929259554
45,0.347156369326,0.0142075264952,0.0531346364706,0.00933116615455,0.000266064240396,0.00104639296211,0.021731921319,0.097034808523,0.119157579907,0.108895179898,0.0344195734382,0.193618781265,1,0.4,48,17,10,3,20,2.92223817875e-06,6.31203446609e-07,2.92223817875e-06,1.26566187694e-05,8.2515234392e-05,7.63235573731e-06,2.92223817875e-06,6.31203446609e-07,2.92223817875e-06,0.2529351452,0.494013954518,0.252935144713
46,0.236803756697,0.117350096661,0.0258668920557,0.0965156049006,0.0963018850136,0.070488450916,0.0488292068728,0.0758153945633,0.0631145064722,0.00706346884058,0.124466231552,0.037384505455,1,0.4,48,17,10,3,20,0.000281991545998,6.09101739357e-05,0.000281991545998,0.0556583962301,0.00405834122497,0.005198093556,0.000281991545998,6.09101739357e-05,0.000281991545998,0.236227132661,0.46138111759,0.236227132206
47,0.184968389163,0.129173470327,0.0267710286724,0.0143469920373,0.00335947261804,0.0431985136688,0.0483264419201,0.204554849447,0.0678802156561,0.105346333011,0.00863313508104,0.163441158398,1,0.4,48,17,10,3,20,0.000143705628494,3.10404157546e-05,0.000143705628494,0.0147887395453,0.000277006617478,0.00389889016575,0.000143705628494,3.10404157546e-05,0.000143705628494,0.248005934985,0.484386590834,0.248005934507
48,0.15116389131,0.0211410910424,0.0800242616185,0.0110717553968,0.294921467033,0.131247870987,0.00782341926194,0.00383834830749,0.000987106948619,0.191464789098,0.012161936683,0.0941540623143,1,0.4,48,17,10,3,20,8.79954500288e-05,1.90070172062e-05,8.79954500288e-05,0.00527834517258,0.000902141687813,0.00111337260546,8.79954500288e-05,1.90070172062e-05,8.79954500288e-05,0.251020685186,0.49027477481,0.251020684703
49,0.0299819287051,0.170734837276,0.131417579596,0.0308558968042,0.0492397675767,0.0790684999393,0.00607651027466,0.022836319697,0.0333425349082,0.0110122894066,0.295408023475,0.140025812341,1,0.4,48,17,10,3,20,4.14594706861e-05,8.95524566819e-06,4.14594706861e-05,0.0145379095636,0.00239797746427,0.00014126558911,4.14594706861e-05,8.95524566819e-06,4.14594706861e-05,0.248598033308,0.485543032871,0.24859803283
50,0.141483824829,0.0183835551133,0.0910781473019,0.176100457034,0.176130271604,0.0875740347913,0.0758263006148,0.0250525332701,0.00864494750467,0.0750165308778,0.0497834329135,0.0749259641452,1,0.4,48,17,10,3,20,0.000292964928704,6.32804246001e-05,0.000292964928704,0.00471999098467,0.00481663376531,0.00142098049264,0.000292964928704,6.32804246001e-05,0.000292964928704,0.249864088693,0.488015797289,0.249864088212
51,0.0104279746362,0.079730997821,0.00901332333613,0.0831648805301,0.295438985132,0.0430787027035,0.0794173982577,0.120267783044,0.0110027674317,0.0801339542569,0.17272420975,0.0155990231011,1,0.4,48,17,10,3,20,0.000142798399489,3.08444542896e-05,0.000142798399489,0.0119184241949,0.00309113352853,0.00257437931353,0.000142798399489,3.08444542896e-05,0.000142798399489,0.248356219919,0.485070741096,0.248356219441
52,0.0493506767167,0.0380524915828,0.150433777941,0.170985383548,0.0471705032238,0.0396243122633,0.0242032592693,0.260383894025,0.0928397032454,0.0476235204723,0.0753768478961,0.00395562981678,1,0.4,48,17,10,3,20,8.60039450368e-05,1.8576852128e-05,8.60039450368e-05,0.00068243495517,0.00148727220027,0.000184735188417,8.60039450368e-05,1.8576852128e-05,8.60039450368e-05,0.252272414762,0.492719559133,0.252272414276
53,0.09093537304,0.0034862311428,0.16417901257,0.000521395355357,0.0448740504814,0.097318968,0.0848750050948,0.0123507651921,0.204346814111,0.134720079665,0.159876467652,0.00251583769539,1,0.4,48,17,10,3,20,8.62308722847e-05,1.86258684135e-05,8.62308722847e-05,0.00188874523797,0.00241356972622,0.00100020069322,8.62308722847e-05,1.86258684135e-05,8.62308722847e-05,0.251526402668,0.491262504265,0.251526402184
54,0.0272376399532,0.133591699594,0.00817591096255,0.0801893915956,0.065107246092,0.00432070305883,0.179166329077,0.00874604503192,0.211215642955,0.0256408699391,0.249362224623,0.00724629711816,1,0.4,48,17,10,3,20,9.71393956186e-05,2.09821094536e-05,9.71393956186e-05,0.0145217422031,0.00440134390824,0.000647340879245,9.71393956186e-05,2.09821094536e-05,9.71393956186e-05,0.247904898686,0.484189254314,0.247904898209
55,0.0183938337678,0.0117822212497,0.308107367005,0.164868630434,0.369426460038,0.00845836694032,0.046890511474,0.0284305380667,0.00431389710789,0.000656534423093,0.0374086840935,0.00126295540037,1,0.4,48,17,10,3,20,0.00227073272044,0.000490478267615,0.00227073272044,0.0991986677435,0.0351336195458,0.0529547577396,0.00227073272044,0.000490478267615,0.00227073272044,0.20304166165,0.396565744646,0.203041661259
56,0.0650610652894,0.0610758617363,0.0751606454679,0.0189779728713,0.153069785968,0.27222937404,0.0155485201803,0.0246581047748,0.169051908406,0.0288478550652,0.0847087000558,0.031610206144,1,0.4,48,17,10,3,20,0.000423823559815,9.15458889201e-05,0.000423823559815,0.028112655264,0.00929674812149,0.00350693007623,0.000423823559815,9.15458889201e-05,0.000423823559815,0.242138885539,0.472927509909,0.242138885073
57,0.00881903273612,0.0868050074223,0.0132743701518,0.153499111859,0.250808931368,0.0516920711224,0.0246015540742,0.122821545461,0.072325393587,0.0276568609686,0.0696004599341,0.118095661316,1,0.4,48,17,10,3,20,0.000370661357493,8.00628532185e-05,0.000370661357493,0.00614849269079,0.00289285472911,0.00221040403242,0.000370661357493,8.00628532185e-05,0.000370661357493,0.24970257172,0.487700334452,0.249702571239
58,0.0276440667551,0.0367139959907,0.0673039229421,0.0102044768493,0.248788671096,0.0722949084133,0.126569851816,0.124172934757,0.118790447649,0.0795017399185,0.0494862411333,0.0385287426803,1,0.4,48,17,10,3,20,0.000255065900914,5.50942345975e-05,0.000255065900914,0.00259455051001,0.00542076172527,0.00147362416569,0.000255065900914,5.50942345975e-05,0.000255065900914,0.250278099718,0.488824412571,0.250278099237
59,0.112776071416,0.0515905073422,0.0456991998737,0.113986741151,0.078830177811,0.290955545777,0.0267041575086,0.030047309069,0.0342594762079,0.10673121608,0.0704834468166,0.0379361509466,1,0.4,48,17,10,3,20,0.000267904051554,5.78672751358e-05,0.000267904051554,0.0344427742911,0.00929255849425,0.00197335174503,0.000267904051554,5.78672751358e-05,0.000267904051554,0.241101398535,0.470901168107,0.241101398071
60,0.0168064892772,0.0170390690066,0.13570535813,0.0114222722174,0.0482117744779,0.0424863465598,0.027641885949,0.113360329744,0.430581328918,0.0475956813258,0.0987982300957,0.0103512342988,1,0.4,48,17,10,3,20,0.000240015278129,5.18433000758e-05,0.000240015278129,0.0842837177034,0.00131924695193,0.0131411736187,0.000240015278129,5.18433000758e-05,0.000240015278129,0.227716582529,0.444758949395,0.22771658209
61,0.0831531617832,0.0145380691507,0.0271207979326,0.00102133503817,0.0634832210098,0.291543694068,0.0590100428787,0.0276452875424,0.14426176621,0.177448470585,0.0785336945047,0.032240459297,1,0.4,48,17,10,3,20,0.000154015182463,3.32672794119e-05,0.000154015182463,0.00869038384732,0.00324975243744,0.00221605878375,0.000154015182463,3.32672794119e-05,0.000154015182463,0.249210741138,0.486739727847,0.249210740658
62,0.00694310377641,0.157506483098,0.0826575632274,0.119321764029,0.0181912248242,0.0640162504198,0.0562889958788,0.0655120870848,0.138300425079,0.072088880514,0.15528004003,0.0638931820387,1,0.4,48,17,10,3,20,0.000176979598994,3.82275933827e-05,0.000176979598994,0.0164212974435,0.00159578418835,0.00324097234442,0.000176979598994,3.82275933827e-05,0.000176979598994,0.247388477179,0.48318061856,0.247388476703
63,0.440695083928,0.0347211619339,0.0769764816236,0.00187852381296,0.0276197906071,0.0428648987325,0.054627116527,0.00417373364105,0.109443150693,0.112365319884,0.0292544726604,0.0653802659572,1,0.4,48,17,10,3,20,0.000188083782805,4.0626097086e-05,0.000188083782805,0.00800244117436,0.00718419051463,0.000993869855353,0.000188083782805,4.0626097086e-05,0.000188083782805,0.248660467995,0.485664975618,0.248660467517
64,0.00933857363288,0.0168162700579,0.100936725449,0.119398310011,0.0214811749214,0.093423321646,0.05707888649,0.0443113209215,0.290514865014,0.172145388613,0.00222324929071,0.0723319139528,1,0.4,48,17,10,3,20,0.000148164865199,3.20036108829e-05,0.000148164865199,0.0121554318783,0.00734789742523,0.000421375743727,0.000148164865199,3.20036108829e-05,0.000148164865199,0.24775807233,0.483902484088,0.247758071853
65,0.0236055467711,0.185179102863,0.0920213954847,0.048590549041,0.00469153408989,0.0766051379323,0.165858757717,0.0348116563357,0.0232668402909,0.141714462888,0.0437163773405,0.159938639247,1,0.4,48,17,10,3,20,8.23043233762e-05,1.77777338493e-05,8.23043233762e-05,0.00798089128825,0.00379804714262,0.000543443160222,8.23043233762e-05,1.77777338493e-05,8.23043233762e-05,0.249755028507,0.487802789114,0.249755028026
66,0.184880758992,0.0279628582439,0.0157948431362,0.16393684951,0.0450599483607,0.115892323332,0.00121619710108,0.177479383108,0.0976440772781,0.0551258905191,0.0534535106473,0.061553359772,1,0.4,48,17,10,3,20,0.000283791657985,6.12989981248e-05,0.000283791657985,0.0521588070708,0.00416171492778,0.00651898711979,0.000283791657985,6.12989981248e-05,0.000283791657985,0.2367500971,0.462402532509,0.236750096644
67,0.177856891987,0.0971519214145,0.0420648586387,0.0409085416405,0.0265324906289,0.0898652231435,0.110301657158,0.102432605375,0.202148436339,0.0801954884087,0.00566744468067,0.0248744405855,1,0.4,48,17,10,3,20,0.000691654335328,0.000149397336431,0.000691654335328,0.0683665157164,0.0134957898369,0.0138421538399,0.000691654335328,0.000149397336431,0.000691654335328,0.227979163292,0.445271802447,0.227979162853
68,0.235261628542,0.0811123273534,0.0741715910675,0.00265540127258,0.114804292384,0.00804972126216,0.0627809315419,0.0177620837209,0.0818547902958,0.0724459092715,0.0131366788882,0.2359646444,1,0.4,48,17,10,3,20,0.000101299660292,2.1880726623e-05,0.000101299660292,0.00900960750618,0.00196659827406,0.000655565934032,0.000101299660292,2.1880726623e-05,0.000101299660292,0.249908431839,0.488102404995,0.249908431358
69,0.000856785119557,0.0271471410981,0.046333032506,0.121574004508,0.00299053031685,0.0286021753954,0.0179493384948,0.0339838525186,0.041772939455,0.299391383813,0.350340570596,0.0290582461781,1,0.4,48,17,10,3,20,5.74518609864e-05,1.24096019731e-05,5.74518609864e-05,0.00733759814581,0.000317467264889,0.000300113574292,5.74518609864e-05,1.24096019731e-05,5.74518609864e-05,0.250887638462,0.490014917927,0.250887637979
70,0.0464185290674,0.100150570069,0.00281358951161,0.00878248653242,0.0344851202956,0.471540755511,0.13004011684,0.0187095006671,0.0984550396372,0.00930354731699,0.0597390811497,0.0195616634018,1,0.4,48,17,10,3,20,0.001035869524,0.000223747817184,0.001035869524,0.1437773607,0.0114845927782,0.00724337073397,0.001035869524,0.000223747817184,0.001035869524,0.210695007938,0.411513686587,0.210695007532
71,0.166367412727,0.0567085649304,0.111851859241,0.0290036638967,0.0309949932916,0.158183149196,0.122504716145,0.014869224737,0.106250210702,0.121364867991,0.0112173500168,0.0706839871257,1,0.4,48,17,10,3,20,0.000436969638842,9.438544199e-05,0.000436969638842,0.0208229388646,0.00364684455128,0.00485851893849,0.000436969638842,9.438544199e-05,0.000436969638842,0.245055506618,0.478624035442,0.245055506146
72,0.0522756379198,0.185403497279,0.108392480196,0.0105801493758,0.0338483581267,0.00809716026517,0.291156044336,0.0100185520468,0.0301765095418,0.00276514851987,0.145107330444,0.12217913195,1,0.4,48,17,10,3,20,0.000107173533353,2.31494832042e-05,0.000107173533353,0.0249129881926,0.0016403208045,0.0014047012834,0.000107173533353,2.31494832042e-05,0.000107173533353,0.245771888826,0.48002321944,0.245771888353
73,0.0817608860062,0.0564100359903,0.0896001789162,0.0411978935346,0.0149201070518,0.0206512276191,0.26082702992,0.0839087249365,0.11880518301,0.11395644906,0.116768594468,0.00119368948725,1,0.4,48,17,10,3,20,0.000141879610399,3.06459958462e-05,0.000141879610399,0.0159020310912,0.00422457889991,0.00259773364515,0.000141879610399,3.06459958462e-05,0.000141879610399,0.247056909998,0.48253302641,0.247056909522
74,0.071223337525,0.0357832905027,0.249188814285,0.22425137546,0.0396988229313,0.0851896700028,0.0878358623276,0.0343599003292,0.0365144686712,0.0393464851069,0.0924596918615,0.00414828099747,1,0.4,48,17,10,3,20,0.000640029742996,0.000138246424487,0.000640029742996,0.018605479041,0.00694046119214,0.00712360848398,0.000640029742996,0.000138246424487,0.000640029742996,0.243982631677,0.476528576577,0.243982631208
75,0.0182719406572,0.0473830038601,0.106628667322,0.204946017365,0.190351523301,0.0238771462507,0.0137241664075,0.0923202387459,0.0974894931653,0.107427274693,0.0287653838247,0.068815144408,1,0.4,48,17,10,3,20,0.000289515845731,6.25354226779e-05,0.000289515845731,0.0512054051761,0.00321563499158,0.00695618918517,0.000289515845731,6.25354226779e-05,0.000289515845731,0.237113584257,0.463112468361,0.237113583801
76,0.0572700179039,0.275885553007,0.197290860556,0.0676486337434,0.0776611037489,0.0118123812849,0.0234639063672,0.00457862263721,0.0280589694156,0.103012691049,0.0717930408011,0.0815242194856,1,0.4,48,17,10,3,20,0.000180764879565,3.90452139861e-05,0.000180764879565,0.038025642202,0.00434611325424,0.000979147127019,0.000180764879565,3.90452139861e-05,0.000180764879565,0.241795528562,0.472256890813,0.241795528096
77,0.109899762688,0.18149528791,0.112220781663,0.123936016477,0.145207267321,0.0585229140823,0.0247812065713,0.0500448027725,0.0743428684397,0.0839248579987,0.00115174893237,0.0344724851436,1,0.4,48,17,10,3,20,0.000484424483265,0.000104635688385,0.000484424483265,0.127314053859,0.00547387320884,0.00589873670418,0.000484424483265,0.000104635688385,0.000484424483265,0.217338527912,0.424489311512,0.217338527494
78,0.279857148892,0.0360391119343,0.0227629858684,0.0434293498591,0.0171652146752,0.0171468013495,0.0178933719232,0.0924655372921,0.212799970109,0.0135626701016,0.149460669745,0.09741716825,1,0.4,48,17,10,3,20,0.000102871013023,2.2220138813e-05,0.000102871013023,0.00932229210914,0.00537375324354,0.000793435164419,0.000102871013023,2.2220138813e-05,0.000102871013023,0.248930807037,0.486192981558,0.248930806558
79,0.110858376361,0.0332901670762,0.196602098285,0.0367998880042,0.0673838202758,0.169640402833,0.0757059394943,0.0685063037069,0.0639827121012,0.110754901277,0.0611849434091,0.0052904471755,1,0.4,48,17,10,3,20,0.000379045124181,8.18737468231e-05,0.000379045124181,0.0147267227175,0.00639314714295,0.00448230510836,0.000379045124181,8.18737468231e-05,0.000379045124181,0.246063025692,0.48059184613,0.246063025219
80,0.216476277,0.027677285446,0.0066944617626,0.166384517728,0.0132659396716,0.131426855553,0.0201822723208,0.00393491795353,0.0117640585086,0.0510644573168,0.0903652219502,0.260763734789,1,0.4,48,17,10,3,20,7.89640193639e-05,1.70562281826e-05,7.89640193639e-05,0.0219464786204,0.00172571652644,0.000867117476714,7.89640193639e-05,1.70562281826e-05,7.89640193639e-05,0.246668324489,0.48177407034,0.246668324014
81,0.00660414774123,0.0532526336406,0.132888069417,0.0262351102371,0.108285324988,0.314923838223,0.0280546633431,0.0354192555084,0.071693091172,0.0336451863542,0.167003398199,0.0219952811763,1,0.4,48,17,10,3,20,0.000208232098444,4.4978133264e-05,0.000208232098444,0.00279414931041,0.00257219219152,0.00178826554129,0.000208232098444,4.4978133264e-05,0.000208232098444,0.250921109179,0.490080290422,0.250921108696
82,0.0164700939342,0.123201237749,0.0362528422289,0.0307598127578,0.0271769718389,0.082483762572,0.0245235775488,0.0621331887263,0.141865037775,0.0421416132549,0.328277999684,0.0847138619299,1,0.4,48,17,10,3,20,5.22279385069e-05,1.12812347175e-05,5.22279385069e-05,0.0113671105658,0.00128680759559,0.000292126444866,5.22279385069e-05,1.12812347175e-05,5.22279385069e-05,0.249630983738,0.487560514175,0.249630983257
83,0.0517973541753,0.123296338605,0.0115259764017,0.0148825815199,0.0189083424756,0.0567289405728,0.00491547488706,0.188569741845,0.211239338159,0.233118179143,0.0433398775924,0.0416778546243,1,0.4,48,17,10,3,20,0.000137240596678,2.96439688824e-05,0.000137240596678,0.00521524891098,0.00289152208196,0.000990902660465,0.000137240596678,2.96439688824e-05,0.000137240596678,0.250509173741,0.489275729022,0.250509173259
84,0.142832171032,0.00244054977388,0.017796954331,3.89437144014e-05,0.0590360040424,0.109621987577,0.175710515886,0.0543028818772,0.2158171285,0.0592541756646,0.149276151995,0.0138725356077,1,0.4,48,17,10,3,20,0.00021021150482,4.54056850412e-05,0.00021021150482,0.00363880478619,0.00351461114366,0.000878347352491,0.00021021150482,4.54056850412e-05,0.00021021150482,0.250697000665,0.489642578481,0.250697000182
85,0.203231918724,0.00121400153205,0.374503671612,0.0591404204711,0.0545528954547,0.0668377944467,0.00651092011946,0.0158009757103,0.0641548811604,0.0527274406416,0.0918551847543,0.00946989537322,1,0.4,48,17,10,3,20,0.000398094350666,8.5988379744e-05,0.000398094350666,0.0161729457438,0.0126452704335,0.00214940280558,0.000398094350666,8.5988379744e-05,0.000398094350666,0.244684402402,0.477899222522,0.244684401931
86,0.0119879815298,0.151521812346,0.0363138952776,0.0903834395144,0.0896017895958,0.11288545051,0.035029313342,0.112701692707,0.0202331001791,0.111545027927,0.096708203242,0.13108829383,1,0.4,48,17,10,3,20,0.0001134798959,2.45116575144e-05,0.0001134798959,0.00625131482862,0.00120922571692,0.00238293956898,0.0001134798959,2.45116575144e-05,0.0001134798959,0.25034715027,0.488959276929,0.250347149788
87,0.0464293280397,0.0541044459923,0.0927629652824,0.0496488445736,0.0928113003396,0.0639413845945,0.0403986317029,0.123257165836,0.222033275755,0.0464598366793,0.0516394946245,0.11651332658,1,0.4,48,17,10,3,20,0.000255207860106,5.5124897783e-05,0.000255207860106,0.00631376583805,0.00413409398397,0.00173969293417,0.000255207860106,5.5124897783e-05,0.000255207860106,0.249595286622,0.487490793245,0.249595286141
88,0.0516458915157,0.0769924989274,0.193576775264,0.0159113154771,0.00463649625087,0.00322322457758,0.331390510967,0.00173390084851,0.0167523417549,0.1074709402,0.061478739865,0.135187364352,1,0.4,48,17,10,3,20,5.06415741481e-05,1.0938580016e-05,5.06415741481e-05,0.0217160825428,0.00156309518332,0.000563722506446,5.06415741481e-05,1.0938580016e-05,5.06415741481e-05,0.24687624543,0.482180165927,0.246876244954
89,0.0559029532021,0.0382581748582,0.0578970237713,0.127079008666,0.133244062184,0.145754487029,0.073036246503,0.0642469039005,0.0572016508585,0.0470683903114,0.0294981479536,0.170812950762,1,0.4,48,17,10,3,20,6.5848289299e-06,1.42232304886e-06,6.5848289299e-06,1.4784006682e-05,0.000157180059304,0.000110515733823,6.5848289299e-06,1.42232304886e-06,6.5848289299e-06,0.252885587396,0.493917161933,0.252885586909
90,0.266676890289,0.0480487275573,0.0483697683279,0.0238606487754,0.0907911700176,0.136303845738,0.0686494192179,0.106092856338,0.0282327836385,0.0139512854128,0.00526547771652,0.163757126971,1,0.4,48,17,10,3,20,0.00038184984822,8.24795672155e-05,0.00038184984822,0.0148857202391,0.00155833987863,0.0055392658158,0.00038184984822,8.24795672155e-05,0.00038184984822,0.246975321282,0.48237367345,0.246975320807
91,0.0436305645432,0.139119216272,0.00091738572167,0.18678429585,0.0419826268277,0.059250601736,0.0389604503325,0.0234181533766,0.082382971994,0.0760733329591,0.213423404373,0.0940569960141,1,0.4,48,17,10,3,20,0.000173180282444,3.74069410078e-05,0.000173180282444,0.026559055114,0.000782758116217,0.00146213066691,0.000173180282444,3.74069410078e-05,0.000173180282444,0.245483895016,0.479460731531,0.245483894544
92,0.193495668902,0.118910684381,0.0364191404383,0.0750083223281,0.103817151405,0.109477299035,0.0317625841976,0.0825937301114,0.0373437493318,0.18189280747,0.00900466179197,0.0202742006076,1,0.4,48,17,10,3,20,2.20454965657e-05,4.7618272582e-06,2.20454965657e-05,0.00103949792525,0.000252494883696,0.000924326358937,2.20454965657e-05,4.7618272582e-06,2.20454965657e-05,0.252379061281,0.492927853115,0.252379060795
93,0.0485350142131,0.0809517027031,0.0247347103041,0.0596356898623,0.0272373886965,0.203390236323,0.0578241703547,0.176645863315,0.156999397641,0.0799589345807,0.0279161888139,0.0561707031925,1,0.4,48,17,10,3,20,0.000414694512788,8.95740147622e-05,0.000414694512788,0.0402425961999,0.00724890471168,0.00687615682735,0.000414694512788,8.95740147622e-05,0.000414694512788,0.238746413923,0.466301588795,0.238746413463
94,0.00665540448149,0.00992564953349,0.0125414653967,0.090910347491,0.107174226487,0.0904432597451,0.0542624956987,0.244469436021,0.00429089204331,0.342538490461,0.00607410277765,0.0307142298639,1,0.4,48,17,10,3,20,0.000157575773875,3.40363671571e-05,0.000157575773875,0.00686298809731,0.00120710356965,0.0017203095408,0.000157575773875,3.40363671571e-05,0.000157575773875,0.250311139766,0.488888943913,0.250311139284
