run_ID,t1_initial,t2_initial,t3_initial,t4_initial,t5_initial,t6_initial,t7_initial,t8_initial,t9_initial,t10_initial,t11_initial,t12_initial,alpha,prior_cost_c,lambda,k,sample_amount,learning_parameter,generations,t1_final,t2_final,t3_final,t4_final,t5_final,t6_final,t7_final,t8_final,t9_final,t10_final,t11_final,t12_final
0,0.148068373297,0.0420821238093,0.0159092331216,0.0110820408354,0.012357115566,0.401250237644,0.0953091756307,0.13162114548,0.0457210401038,0.00967212917221,0.0556249409435,0.031302444396,1,0.4,43,19,10,3,20,0.000239133876012,5.16529172185e-05,0.000239133876012,0.088736559248,0.00994081672249,0.00367998324695,0.000239133876012,5.16529172185e-05,0.000239133876012,0.226803558451,0.442975688487,0.226803552506
1,0.0261484075709,0.00181854131361,0.0390556002655,0.0554013987747,0.156530166122,0.00535822162123,0.0497827366189,0.0169432960109,0.498557718169,0.0274650807687,0.122213117983,0.00072571478149,1,0.4,43,19,10,3,20,0.000234135653083,5.0573301066e-05,0.000234135653083,0.0110253315974,0.0124372180006,0.000866290393104,0.000234135653083,5.0573301066e-05,0.000234135653083,0.246547602183,0.481538272891,0.24654759572
2,0.00284613338464,0.155009448144,0.153773327921,0.0235803451533,0.10376873471,0.036612439281,0.0218987495281,0.0469595072909,0.0618414223869,0.27507450722,0.088012626895,0.0306227580853,1,0.4,43,19,10,3,20,6.68978014599e-05,1.44499251153e-05,6.68978014599e-05,0.00892723617613,0.0019596207073,0.000688205569719,6.68978014599e-05,1.44499251153e-05,6.68978014599e-05,0.249961351043,0.488205750958,0.24996134449
3,0.109115717025,0.0959805592176,0.0319871865385,0.124138739742,0.199849159299,0.0630122263365,0.0332727770535,0.263822112241,0.0202526668899,0.00814024320555,0.048610353886,0.00181825856527,1,0.4,43,19,10,3,20,0.00287912505193,0.000621891011216,0.00287912505193,0.0860971125485,0.0185389440264,0.0156802466853,0.00287912505193,0.000621891011216,0.00287912505193,0.219300788993,0.428321842273,0.219300783244
4,0.0811316223967,0.0414255506735,0.0488661587325,0.0477051108473,0.0398734280326,0.0594578312028,0.192875112162,0.0903274301311,0.00343686487013,0.31871821407,0.0459009551887,0.0302817216922,1,0.4,43,19,10,3,20,8.5766608456e-05,1.85255874265e-05,8.5766608456e-05,0.00709213545642,0.00127566392719,0.0018121160308,8.5766608456e-05,1.85255874265e-05,8.5766608456e-05,0.250293119078,0.488853735383,0.250293112516
5,0.0387719148887,0.0303962770715,0.023103500485,0.126563907555,0.121531019171,0.180335057087,0.00847184028281,0.183958418371,0.116908037439,0.0614120630233,0.0858520700261,0.0226958945998,1,0.4,43,19,10,3,20,0.000478303615475,0.000103313580943,0.000478303615475,0.0852071413443,0.00244345733094,0.00663571818272,0.000478303615475,0.000103313580943,0.000478303615475,0.228577102726,0.446439642058,0.228577096734
6,0.223496786273,0.162446377648,0.0636490778412,0.0083972825591,0.066150479249,0.0765889212076,0.0446123153632,0.0377190294105,0.0492256931966,0.164901914518,0.0327582658988,0.0700538568348,1,0.4,43,19,10,3,20,0.000118235274127,2.55388192115e-05,0.000118235274127,0.0200291117762,0.00262223993487,0.00254773631313,0.000118235274127,2.55388192115e-05,0.000118235274127,0.246457400745,0.481362098211,0.246457394284
7,0.11750808073,0.0128890265324,0.213701436133,0.0159007054955,0.0950633613113,0.0891819076382,0.0287045588653,0.0592273765703,0.0694221096057,0.0176804514005,0.155315278677,0.125405707041,1,0.4,43,19,10,3,20,0.000181387482175,3.91796961497e-05,0.000181387482175,0.0230358368256,0.0024945567155,0.00183355937978,0.000181387482175,3.91796961497e-05,0.000181387482175,0.245838964563,0.480154215076,0.245838958119
8,0.0551448458803,0.215546331087,0.0795298641882,0.0578416142396,0.0288654303418,0.0253139965693,0.0770468764515,0.00197774162313,0.090399309948,0.0926543201866,0.0911535881457,0.184526081339,1,0.4,43,19,10,3,20,2.34554397378e-05,5.06637498336e-06,2.34554397378e-05,0.0128005313615,0.00132976773688,6.34750592288e-05,2.34554397378e-05,5.06637498336e-06,2.34554397378e-05,0.249347615023,0.487007047825,0.249347608486
9,0.046851402356,0.0427202654692,0.0211637689047,0.305756415624,0.0552890810851,0.0755464452236,0.0992976536996,0.0369623056587,0.100131470796,0.0807517357157,0.0753295935597,0.0601998619076,1,0.4,43,19,10,3,20,0.000266610997846,5.75879755346e-05,0.000266610997846,0.0349258204395,0.00949221029554,0.00103661439259,0.000266610997846,5.75879755346e-05,0.000266610997846,0.241167115535,0.471029510182,0.241167109213
10,0.134723851954,0.0790056372663,0.0100131895465,0.00659395759645,0.114339471234,0.134922040135,0.0264207212543,0.0214806250356,0.118223096262,0.200431281685,0.00421730447296,0.149628823558,1,0.4,43,19,10,3,20,2.96957596181e-06,6.41428407751e-07,2.96957596181e-06,1.74583881684e-05,0.000143800925979,2.30794490959e-05,2.96957596181e-06,6.41428407751e-07,2.96957596181e-06,0.252914471375,0.493973563956,0.252914464745
11,0.349180601033,0.0109511560145,0.0842317259189,0.00549809509522,0.00211060324745,0.022917330964,0.115586644247,0.0915711297375,0.0471194486532,0.0879084487478,0.1707685236,0.0121562927412,1,0.4,43,19,10,3,20,0.000101869162685,2.20037391399e-05,0.000101869162685,0.0110613138027,0.00373203332456,0.0011467712409,0.000101869162685,2.20037391399e-05,0.000101869162685,0.248817939419,0.485972525188,0.248817932896
12,0.0671943081532,0.271117198071,0.0422794754047,0.0566200999253,0.248089119509,0.0300123171764,0.017920381405,0.0592596417906,0.0402873344082,0.0545952189372,0.0973383279394,0.0152865772795,1,0.4,43,19,10,3,20,0.000436146407797,9.42076240842e-05,0.000436146407797,0.0286179770881,0.00176141354269,0.00626993260614,0.000436146407797,9.42076240842e-05,0.000436146407797,0.243204476133,0.475008729994,0.243204469757
13,0.0650315276632,0.220608872649,0.0466249947438,0.017841441821,0.218927491372,0.0037183079876,0.0102892243238,0.083278088378,0.157714649732,0.111472777427,0.0191363181175,0.0453563057837,1,0.4,43,19,10,3,20,1.90399716194e-05,4.11263386978e-06,1.90399716194e-05,0.000703360423108,0.000295464763019,0.000272945651108,1.90399716194e-05,4.11263386978e-06,1.90399716194e-05,0.252621372601,0.493401105428,0.252621365979
14,0.105807682432,0.185404000087,0.0100763566168,0.00373710009664,0.0423766600797,0.0389209266288,0.0399974695253,0.0805607274558,0.160087091229,0.0145017942463,0.0037068997893,0.314823291813,1,0.4,43,19,10,3,20,2.5155144518e-05,5.43351121588e-06,2.5155144518e-05,0.0298283339862,0.000734302953521,0.000399490729203,2.5155144518e-05,5.43351121588e-06,2.5155144518e-05,0.2451039124,0.478718566356,0.245103905974
15,0.0210161082775,0.0514004959318,0.0878475938908,0.0162916191788,0.160261060364,0.184630311136,0.0763568326096,0.0763507392073,0.237866959916,0.0181290463471,0.0408970039591,0.0289522291824,1,0.4,43,19,10,3,20,0.000835530913365,0.000180474677287,0.000835530913365,0.00482626518054,0.0166326910398,0.00214216676839,0.000835530913365,0.000180474677287,0.000835530913365,0.246057441404,0.480580927645,0.246057434954
16,0.124380252716,0.0149454637355,0.181959999028,0.0174689973036,0.0609793679886,0.108928323186,0.00205446876509,0.0642689243912,0.0371100951831,0.0922603293011,0.0760435938234,0.219600184579,1,0.4,43,19,10,3,20,5.91500363724e-05,1.27764078564e-05,5.91500363724e-05,0.00556819593476,0.000966821739945,0.00050408800127,5.91500363724e-05,1.27764078564e-05,5.91500363724e-05,0.251117473089,0.490463801769,0.251117466506
17,0.0456335359838,0.0527048165437,0.293851018008,0.109836800966,0.0880376056265,0.0789567493871,0.0748664510519,0.0315194048732,0.0229865636163,0.138587005012,0.00428909610547,0.0587309528263,1,0.4,43,19,10,3,20,0.000189816089538,4.10002753401e-05,0.000189816089538,0.0606828420728,0.00543712999214,0.00321655754659,0.000189816089538,4.10002753401e-05,0.000189816089538,0.235211945913,0.459398319819,0.235211939747
18,0.168517520255,0.02118563401,0.0761256914447,0.0584954003184,0.158451613054,0.159506725696,0.145790864922,0.0336482717488,0.0530919074243,0.098791022579,0.0148196132554,0.0115757352927,1,0.4,43,19,10,3,20,0.000525122491585,0.000113426458182,0.000525122491585,0.0617222409357,0.0107095549333,0.00455450678697,0.000525122491585,0.000113426458182,0.000525122491585,0.232900900551,0.454884559464,0.232900894446
19,0.0183285296844,0.100977259569,0.32591508879,0.0416818388594,0.0691049377265,0.0624930285686,0.0515507941282,0.140419119846,0.107635975653,0.042361594049,0.0349327304441,0.00459910268166,1,0.4,43,19,10,3,20,0.000323701806134,6.99195901249e-05,0.000323701806134,0.203193566099,0.00422607174383,0.00589652367947,0.000323701806134,6.99195901249e-05,0.000323701806134,0.198640115719,0.387968965843,0.198640110512
20,0.021536129307,0.0640270882996,0.0829603673949,0.0802853645734,0.179653829819,0.161232766178,0.128540593479,0.0044215055806,0.0985491273926,0.0795082464661,0.0145340043783,0.0847509771314,1,0.4,43,19,10,3,20,0.000431823094469,9.32737884053e-05,0.000431823094469,0.0621186476466,0.0056220598295,0.00113762583005,0.000431823094469,9.32737884053e-05,0.000431823094469,0.235056529944,0.459094773012,0.235056523782
21,0.14094868213,0.0544729370081,0.0887528549241,0.0162726808161,0.0799357426137,0.020448885757,0.0787986291215,0.0316296092355,0.0849694075384,0.00198295508081,0.19065424286,0.211133372914,1,0.4,43,19,10,3,20,2.83230418144e-05,6.11777703191e-06,2.83230418144e-05,0.00858917256349,0.00113630217604,0.000307974269683,2.83230418144e-05,6.11777703191e-06,2.83230418144e-05,0.250394572055,0.489051885724,0.250394565491
22,0.082534885785,0.138752856868,0.0392834099049,0.0251377413485,0.069223415313,0.183688545716,0.020354838802,0.0242771361631,0.0624175460898,0.106106733051,0.0825417694741,0.165681121485,1,0.4,43,19,10,3,20,7.23849063653e-05,1.56351397749e-05,7.23849063653e-05,0.0294725064343,0.00159020439334,0.000775119772816,7.23849063653e-05,1.56351397749e-05,7.23849063653e-05,0.244829439607,0.478182486698,0.244829433189
23,0.2245275344,0.0170422016453,0.0165710310529,0.0481331903271,0.110030471446,0.032071876808,0.038051042815,0.0570622604795,0.0120543276748,0.0344630577962,0.169878727527,0.240114278028,1,0.4,43,19,10,3,20,0.000100638534196,2.17379233863e-05,0.000100638534196,0.00860033538061,0.000993000168613,0.00138884131042,0.000100638534196,2.17379233863e-05,0.000100638534196,0.25007350198,0.488424795752,0.250073495425
24,0.0444210221401,0.0468227562864,0.0251776648525,0.0934821115149,0.227794728916,0.0852274725846,0.00244821419278,0.0692509345346,0.0248627096765,0.215462444992,0.142931353768,0.0221185865419,1,0.4,43,19,10,3,20,7.55287250854e-05,1.63142046184e-05,7.55287250854e-05,0.00671027015723,0.00352606159821,0.000489649513434,7.55287250854e-05,1.63142046184e-05,7.55287250854e-05,0.250166461923,0.488606358134,0.250166455365
25,0.0303921080695,0.0976295327685,0.0465317882633,0.100717393485,0.149304271606,0.0525071235509,0.0295096662351,0.0986154008841,0.078047297025,0.0477745382288,0.223717250834,0.0452536290503,1,0.4,43,19,10,3,20,5.45523089863e-05,1.1783298741e-05,5.45523089863e-05,0.0050599075561,0.00464883283226,0.000517113412335,5.45523089863e-05,1.1783298741e-05,5.45523089863e-05,0.250316493848,0.488899389231,0.250316487286
26,0.0743894184616,0.0665762744459,0.151927199673,0.0661720807667,0.0747977269452,0.0131767690195,0.0326083544533,0.272353051239,0.0764753924712,0.0779881995943,0.0262364344671,0.067299098463,1,0.4,43,19,10,3,20,0.000298044196259,6.43775463919e-05,0.000298044196259,0.03365599571,0.00325356475764,0.00727681077077,0.000298044196259,6.43775463919e-05,0.000298044196259,0.241452702754,0.471587297705,0.241452696425
27,0.105133705167,0.0273988641462,0.00543504869454,0.173756482466,0.260011741738,0.0593204182371,0.0473288207492,0.0519370832509,0.0367325758604,0.164710855338,0.0281210255086,0.0401133788448,1,0.4,43,19,10,3,20,0.000185083483473,3.99780324301e-05,0.000185083483473,0.00845943066982,0.00337306742876,0.00265608185346,0.000185083483473,3.99780324301e-05,0.000185083483473,0.249091832242,0.486507472095,0.249091825712
28,0.328054985481,0.0257450591326,0.143626435462,0.0325498143078,0.0336979461029,0.0305065670447,0.267015878273,0.0267226438481,0.0780360947397,0.0166915796164,0.015459708535,0.00189328745652,1,0.4,43,19,10,3,20,0.000947251111016,0.000204606239979,0.000947251111016,0.406598785564,0.0105395284745,0.0124219112507,0.000947251111016,0.000204606239979,0.000947251111016,0.143238973945,0.279763613652,0.14323897019
29,0.238566695922,0.192796112507,0.0717221506863,0.0395131085457,0.145523458602,0.0350179501905,0.0116974222638,0.00313974776859,0.108827907203,0.0205360575901,0.118016387524,0.014643001198,1,0.4,43,19,10,3,20,0.000399450305856,8.62812660649e-05,0.000399450305856,0.0278291335886,0.00422893574172,0.00986288494638,0.000399450305856,8.62812660649e-05,0.000399450305856,0.241912082389,0.472484523531,0.241912076048
30,0.0366488330579,0.162670380004,0.00816277020905,0.214146712644,0.0322413730178,0.00662095122052,0.147598493827,0.0105862785642,0.0793237345419,0.00367468914987,0.117835010477,0.180490773287,1,0.4,43,19,10,3,20,0.000190727959635,4.11972392812e-05,0.000190727959635,0.0234429906845,0.00433551767656,0.000811713872211,0.000190727959635,4.11972392812e-05,0.000190727959635,0.245518290076,0.479527897734,0.24551828364
31,0.0226835940825,0.15610732503,0.00982824348835,0.123385678024,0.188717687902,0.0997460239971,0.0947734084609,0.0164743875456,0.0324256226694,0.0350001509722,0.0517939433273,0.169063934501,1,0.4,43,19,10,3,20,0.000102200976751,2.20754109782e-05,0.000102200976751,0.0123882744904,0.00653658955675,0.000854596496401,0.000102200976751,2.20754109782e-05,0.000102200976751,0.247846350397,0.48407489043,0.2478463439
32,0.0554582351366,0.193446995125,0.0738422959255,0.289929564948,0.025766667786,0.156785649199,0.0124593393009,0.0418656841189,0.000821834107036,0.0965412124555,0.0123332153307,0.0407493065674,1,0.4,43,19,10,3,20,0.000331430256845,7.15889354786e-05,0.000331430256845,0.014218114907,0.00249566725778,0.0130748146114,0.000331430256845,7.15889354786e-05,0.000331430256845,0.245057397198,0.478627716354,0.245057390773
33,0.118215399818,0.0586844350002,0.128096723458,0.225973684219,0.0263502463031,0.00420024591091,0.0163961481565,0.0325019069949,0.0675745007609,0.138582233074,0.0352918264465,0.148132649859,1,0.4,43,19,10,3,20,0.000109031663481,2.3550839312e-05,0.000109031663481,0.0396460627183,0.00125104594518,0.00210883984968,0.000109031663481,2.3550839312e-05,0.000109031663481,0.24196321692,0.472584395658,0.241963210577
34,0.199730843905,0.135892798087,0.0487344415908,0.0475890322387,0.0359764137715,0.0518903105254,0.236437952535,0.0347799934689,0.0756964407237,0.0133221903913,0.0121598972266,0.107789685536,1,0.4,43,19,10,3,20,0.000196621214287,4.24701822861e-05,0.000196621214287,0.105779749705,0.0034363490444,0.011740055822,0.000196621214287,4.24701822861e-05,0.000196621214287,0.222146387328,0.433879651375,0.222146381504
35,0.0731318441243,0.037725875247,0.0452676340496,0.00129797039554,0.00436992388302,0.435148305416,0.0670199633048,0.0944806945497,0.0732947993557,0.090924070972,0.0185821797863,0.058756738916,1,0.4,43,19,10,3,20,0.000157989351911,3.41257000129e-05,0.000157989351911,0.000218338479249,0.00263784605611,0.000582411394531,0.000157989351911,3.41257000129e-05,0.000157989351911,0.251917461442,0.492026278981,0.251917454839
36,0.0147088900508,0.173912422305,0.0692505369099,0.22893920878,0.0870200732766,0.0544868423042,0.12080914236,0.0138483368215,0.00429068230766,0.0439419511817,0.0937073857565,0.0950845279461,1,0.4,43,19,10,3,20,1.68488125218e-07,3.6393435047e-08,1.68488125218e-07,3.01396738951e-06,4.2486667878e-06,9.44526467168e-07,1.68488125218e-07,3.6393435047e-08,1.68488125218e-07,0.252962166813,0.494066719105,0.252962160182
37,0.0563551310313,0.0165588303444,0.280063534931,0.155389496627,0.0968966235578,0.0737619473883,0.0346422719961,0.120262519157,0.000313349461264,0.011177581286,0.139221535081,0.0153571791379,1,0.4,43,19,10,3,20,0.000287656033309,6.21337031947e-05,0.000287656033309,0.00868528400448,0.00656216623502,0.00453693818036,0.000287656033309,6.21337031947e-05,0.000287656033309,0.247637183042,0.483666360449,0.24763717655
38,0.00337043110245,0.0716862449135,0.103815942254,0.00948479987258,0.230181781795,0.234385766824,0.0286406286694,0.00824653254148,0.00359936080768,0.102002000576,0.195983960745,0.00860254989805,1,0.4,43,19,10,3,20,7.41891697842e-05,1.60248606734e-05,7.41891697842e-05,0.0129885402914,0.00223477573577,0.000509067355715,7.41891697842e-05,1.60248606734e-05,7.41891697842e-05,0.248901522083,0.486135772575,0.248901515558
39,0.0624577650048,0.176544059948,0.184329782656,0.212536477868,0.0322103199301,0.0307481925115,0.0500945800652,0.00250341632224,0.129281757824,0.0177489886675,0.0864049613872,0.0151396978155,1,0.4,43,19,10,3,20,0.000493754106418,0.000106650886986,0.000493754106418,0.100256192327,0.0112075039038,0.00599584683019,0.000493754106418,0.000106650886986,0.000493754106418,0.222697778588,0.434956587402,0.22269777275
40,0.153175450213,0.0608414471585,0.077645362241,0.107953085328,0.00422663790396,0.0959970707892,0.095325515796,0.0913779972522,0.0723082082547,0.202595298186,0.00177924504105,0.0367746818369,1,0.4,43,19,10,3,20,0.000138345277987,2.98825800451e-05,0.000138345277987,0.0469446188357,0.0053342547254,0.000870190284276,0.000138345277987,2.98825800451e-05,0.000138345277987,0.239364504895,0.467508786367,0.23936449862
41,0.00788350105556,0.0405395603574,0.0877735922543,0.0632852399712,0.00919410589059,0.00425550541865,0.164487608851,0.0203845846209,0.0678897820698,0.0246000436443,0.496433455908,0.0132730199577,1,0.4,43,19,10,3,20,3.63171059058e-05,7.84449487566e-06,3.63171059058e-05,0.00608854442442,0.000488236301478,0.00083794551862,3.63171059058e-05,7.84449487566e-06,3.63171059058e-05,0.251048053319,0.490328216285,0.251048046738
42,0.083523301079,0.0600228313202,0.0276346630739,0.127278797037,0.00716604034281,0.0418538034167,0.00750849988173,0.0720078463859,0.159592540648,0.0588045391483,0.0431407878219,0.311466349845,1,0.4,43,19,10,3,20,0.000153878359827,3.32377257226e-05,0.000153878359827,0.0167452978651,0.000483657435961,0.00148031705111,0.000153878359827,3.32377257226e-05,0.000153878359827,0.248059132449,0.484490480363,0.248059125946
43,0.0126619059326,0.00583169252907,0.164071248073,0.0353360720458,0.00403947757393,0.196307711937,0.101679485045,0.0866309043782,0.246686713456,0.0484373739554,0.0250398969578,0.0732775181158,1,0.4,43,19,10,3,20,0.000527052394376,0.000113843317185,0.000527052394376,0.0413129895817,0.00199310245981,0.0129498888598,0.000527052394376,0.000113843317185,0.000527052394376,0.238142770927,0.465122587275,0.238142764685
44,0.0438735303195,0.0241806105722,0.0490864118836,0.101419026587,0.0240160454356,0.0147414877717,0.163308132864,0.0178317338587,0.0846868382773,0.0648530226222,0.316905248002,0.0950979118059,1,0.4,43,19,10,3,20,2.17747434645e-07,4.70334458833e-08,2.17747434645e-07,2.07992789286e-06,4.39070032047e-06,7.2763935093e-07,2.17747434645e-07,4.70334458833e-08,2.17747434645e-07,0.252962366801,0.494067109706,0.252962360169
45,0.0793624225273,0.1583366009,0.108227556324,0.091506585776,0.0355464706698,0.108849003906,0.0282024026432,0.071706982384,0.0505333165435,0.115832672075,0.110015339766,0.0418806464849,1,0.4,43,19,10,3,20,0.000104748843966,2.26257502967e-05,0.000104748843966,0.0463165684438,0.00138015513703,0.00158652491036,0.000104748843966,2.26257502967e-05,0.000104748843966,0.240380084931,0.469492341073,0.240380078629
46,0.321380919297,0.159470882876,0.0217446473012,0.0177471579783,0.0791004789011,0.00493444020376,0.101173702628,0.0461473571729,0.0714215777913,0.078644442445,0.0849949782909,0.0132394151147,1,0.4,43,19,10,3,20,0.000311948003784,6.73807688173e-05,0.000311948003784,0.0321913024759,0.011807672956,0.0007216078262,0.000311948003784,6.73807688173e-05,0.000311948003784,0.241301978022,0.47129291347,0.241301971697
47,0.02151885935,0.0545710869531,0.0143528568786,0.0544433008325,0.18876759361,0.0740875881753,0.0232515963483,0.0220454812017,0.226104622984,0.0335750630842,0.222407751742,0.0648741988409,1,0.4,43,19,10,3,20,3.48773546803e-05,7.53350861095e-06,3.48773546803e-05,0.00972439871088,0.00283752860899,0.00169561215659,3.48773546803e-05,7.53350861095e-06,3.48773546803e-05,0.249318679118,0.486950532387,0.249318672582
48,0.126561868837,0.149000496288,0.0393509053641,0.0066207250169,0.0259141404402,0.062898203585,0.196261042024,0.0561702349663,0.199514861131,0.0468979307407,0.0251298111418,0.0656797804645,1,0.4,43,19,10,3,20,0.000721441896674,0.000155831449682,0.000721441896674,0.0159213859216,0.0129513836458,0.00196916589265,0.000721441896674,0.000155831449682,0.000721441896674,0.244353682965,0.47725327453,0.244353676559
49,0.102567349584,0.0246796110972,0.029188642893,0.0897558360088,0.137396161021,0.0644885609238,0.128717877944,0.0225975529741,0.196108588256,0.0850533462967,0.0772790096817,0.0421674633201,1,0.4,43,19,10,3,20,0.000124871707259,2.69722887678e-05,0.000124871707259,0.0477578613975,0.00353177079182,0.00281118726765,0.000124871707259,2.69722887678e-05,0.000124871707259,0.239138850314,0.467068054776,0.239138844046
50,0.0329952567624,0.0874542403036,0.0130444960644,0.161071334171,0.0178078686984,0.316320673282,0.144264853014,0.0630287446379,0.0465042473232,0.00339678015981,0.0290842511044,0.0850272544784,1,0.4,43,19,10,3,20,0.000791651268905,0.000170996674083,0.000791651268905,0.0465398155524,0.0151714889835,0.00730061528847,0.000791651268905,0.000170996674083,0.000791651268905,0.234619320137,0.458240847629,0.234619313986
51,0.0402688607662,0.0465068631966,0.138150903195,0.0867777347397,0.23260420332,0.087490747724,0.0539978710864,0.0435891479113,0.0527907044818,0.0923977272279,0.0894552777835,0.0359699585673,1,0.4,43,19,10,3,20,0.000308234401319,6.65786306849e-05,0.000308234401319,0.0190340528458,0.00605040110799,0.00102681853722,0.000308234401319,6.65786306849e-05,0.000308234401319,0.246013635209,0.480495368673,0.24601362876
52,0.068782391692,0.158571671609,0.0141908383012,0.144596552664,0.205601383582,0.0929922318224,0.00600092077996,0.00128651955865,0.141981106776,0.0216984283131,0.0753531601514,0.0689447947502,1,0.4,43,19,10,3,20,0.000342560443201,7.39930557314e-05,0.000342560443201,0.00937550386484,0.00865353403014,0.001891222717,0.000342560443201,7.39930557314e-05,0.000342560443201,0.24754125677,0.483479004454,0.24754125028
53,0.0224202222088,0.0443923524541,0.0295383137167,0.0285002259962,0.368355436141,0.0118242849034,0.023008376683,0.0815124496758,0.0112203586521,0.11960060352,0.244109839309,0.01551753674,1,0.4,43,19,10,3,20,0.000158368827816,3.42076668082e-05,0.000158368827816,0.0273925430842,0.00254814039377,0.000450283440028,0.000158368827816,3.42076668082e-05,0.000158368827816,0.245099044784,0.478709059294,0.245099038359
54,0.0869107583353,0.212520015293,0.237521699013,0.094079430501,0.0752146656479,0.153314760389,0.0156921417916,0.0493849568861,0.0114375050294,0.0350451929957,0.0217103934697,0.00716848064865,1,0.4,43,19,10,3,20,0.00183691231477,0.000396773059991,0.00183691231477,0.0596142151023,0.0366285366273,0.0105299811582,0.00183691231477,0.000396773059991,0.00183691231477,0.223895295258,0.437295487087,0.223895289388
55,0.188373275294,0.026209091361,0.0272425955973,0.00777974527861,0.0573777993711,0.0408434135569,0.0222370426634,0.0680968740366,0.218279313581,0.190536334531,0.0252197796989,0.127804735031,1,0.4,43,19,10,3,20,6.3164029817e-05,1.36434304405e-05,6.3164029817e-05,0.0285101136485,0.00100232418412,0.000225758222316,6.3164029817e-05,1.36434304405e-05,6.3164029817e-05,0.245370910346,0.479240046706,0.245370903913
56,0.239698624196,0.0477574112635,0.0989347251655,0.00652793673475,0.065620463282,0.0110629186818,0.241101621314,0.0112547491673,0.132737865449,0.0599139797833,0.0632029376013,0.0221867673608,1,0.4,43,19,10,3,20,0.000330444224304,7.13759524497e-05,0.000330444224304,0.06966458257,0.00635448041349,0.00340975316319,0.000330444224304,7.13759524497e-05,0.000330444224304,0.232501292787,0.454104075571,0.232501286692
57,0.0417349331757,0.0957413824668,0.0564840426944,0.0713515578301,0.0895568566186,2.76714299234e-05,0.0744493909756,0.125869959523,0.0948754559971,0.0423818218082,0.169140950869,0.138385976612,1,0.4,43,19,10,3,20,0.000131818238928,2.84727396085e-05,0.000131818238928,0.012948621176,0.0026350522857,0.00060545721354,0.000131818238928,2.84727396085e-05,0.000131818238928,0.248721371104,0.485783915202,0.248721364584
58,0.0174823603187,0.0641267781792,0.197493667056,0.0871422488567,0.0737238535073,0.00713029891928,0.0281688365459,0.158117196467,0.0868693566534,0.0142938765622,0.036296614799,0.229154912135,1,0.4,43,19,10,3,20,8.2065793131e-05,1.77262113163e-05,8.2065793131e-05,0.0267471555839,0.00118186878132,0.000792752685136,8.2065793131e-05,1.77262113163e-05,8.2065793131e-05,0.24560683671,0.479700840373,0.245606830271
59,0.0588359587102,0.113608103441,0.0015709097304,0.151135809783,0.0619097086756,0.0873550943174,0.0137439317654,0.00367055387021,0.145125141867,0.185142557653,0.11590260443,0.0619996257572,1,0.4,43,19,10,3,20,0.000100150872883,2.16325885427e-05,0.000100150872883,0.0153104902092,0.00246251377829,0.00216340140287,0.000100150872883,2.16325885427e-05,0.000100150872883,0.247808947383,0.48400183767,0.247808940887
60,0.266477687702,0.0480340542279,0.0339050403549,0.208013301519,0.010647737289,0.080440040628,0.174708917952,0.00552247090387,0.0177121659201,0.00158718074219,0.122748422124,0.0302029806364,1,0.4,43,19,10,3,20,0.000394006840954,8.5105477646e-05,0.000394006840954,0.0622641720789,0.0116959560271,0.00166614978655,0.000394006840954,8.5105477646e-05,0.000394006840954,0.233391937228,0.45584361545,0.23339193111
61,0.0287562056436,0.118650998846,0.0134099290759,0.0250219926888,0.259532708358,0.173097013713,0.0510041310019,0.0194918182596,0.111024688368,0.0144969349164,0.0502253095319,0.135288269596,1,0.4,43,19,10,3,20,0.000308439391356,6.66229085328e-05,0.000308439391356,0.00590089473377,0.00411841308041,0.00158768247852,0.000308439391356,6.66229085328e-05,0.000308439391356,0.249682472893,0.487661067085,0.249682466347
62,0.00756744533543,0.0485321290697,0.314981608808,0.134377548599,0.010877027916,0.0428409208852,0.180807755032,0.116785120012,0.0714368103975,0.00303158860964,0.0630151791845,0.00574686615014,1,0.4,43,19,10,3,20,0.000902371934469,0.000194912337845,0.000902371934469,0.110703218906,0.0121706297531,0.0202718739142,0.000902371934469,0.000194912337845,0.000902371934469,0.215741971659,0.421371027351,0.215741966004
63,0.143593766592,0.0486300803942,0.0517049973787,0.00686393356555,0.21486303239,0.00831536462858,0.00130986275019,0.291090345923,0.0184361220791,0.0348570113423,0.0897402941291,0.0905951888272,1,0.4,43,19,10,3,20,0.000264310636276,5.70910974356e-05,0.000264310636276,0.00604921438059,0.00430899543276,0.00157471335934,0.000264310636276,5.70910974356e-05,0.000264310636276,0.249649497907,0.487596662818,0.249649491363
64,0.0169362584001,0.032231677483,0.183556612959,0.0172484600336,0.0753621037439,0.0289125717189,0.0689071142919,0.101130786267,0.227549337965,0.0791868927937,0.0739264521658,0.0950517321787,1,0.4,43,19,10,3,20,0.00017537133936,3.78802093018e-05,0.00017537133936,0.0272252949552,0.00724901767365,0.000206997604152,0.00017537133936,3.78802093018e-05,0.00017537133936,0.243994678357,0.476552093673,0.243994671961
65,0.0352072777143,0.0414976815315,0.0359183004725,0.239455455821,0.00519724059215,0.0775273045686,0.0999492549297,0.153452819185,0.13892575513,0.160545062319,0.00352592774412,0.00879791999152,1,0.4,43,19,10,3,20,0.000529448057372,0.000114360780392,0.000529448057372,0.014567664691,0.00486107041649,0.00518291750885,0.000529448057372,0.000114360780392,0.000529448057372,0.246144974583,0.48075189088,0.24614496813
66,0.0269641100169,0.000558402110458,0.101718573938,0.0767293155547,0.116247906148,0.0400464881044,0.0246717923749,0.0788303047974,0.00990164309572,0.0898151097588,0.219368023754,0.215148330347,1,0.4,43,19,10,3,20,8.21100048974e-05,1.77357610578e-05,8.21100048974e-05,0.00681033711459,0.000887409437306,0.000314422680308,8.21100048974e-05,1.77357610578e-05,8.21100048974e-05,0.250845581317,0.489932763167,0.250845574742
67,0.00739788025196,0.0587830343046,0.0316904407234,0.204299974148,0.181493968754,0.0105396367398,0.0395087377308,0.00670990156555,0.188548608811,0.0488031681842,0.0317531032976,0.190471545489,1,0.4,43,19,10,3,20,0.000134911228306,2.91408253141e-05,0.000134911228306,0.0438834944609,0.00147867063612,0.00532855580091,0.000134911228306,2.91408253141e-05,0.000134911228306,0.239990228267,0.468730902296,0.239990221976
68,0.0374010805953,0.00269452637548,0.0488761298758,0.0845867749547,0.0280186605816,0.128013161089,0.127579174863,0.0662594672989,0.0932209925741,0.30850440756,0.057476309236,0.0173693149959,1,0.4,43,19,10,3,20,5.54938027858e-05,1.19866614017e-05,5.54938027858e-05,0.00698109720787,0.00100398411369,0.00207499421778,5.54938027858e-05,1.19866614017e-05,5.54938027858e-05,0.250357374307,0.488979233875,0.250357367744
69,0.221481813883,0.17971108252,0.0083722733583,0.0116394609837,0.0810665488857,0.0467200202946,0.113080659009,0.0448337834038,0.0662128212445,0.109814214627,0.0767457556828,0.0403215661073,1,0.4,43,19,10,3,20,0.000125611462196,2.71320758343e-05,0.000125611462196,0.0569156894102,0.00401158718635,0.0010757385174,0.000125611462196,2.71320758343e-05,0.000125611462196,0.237139046512,0.463162188078,0.237139040296
70,0.0383348159661,0.125741213954,0.0470434902062,0.14753033898,0.161639623133,0.0555392612302,0.078966534046,0.00102740079968,0.254879038591,0.0161708738517,0.01120484628,0.0619225629626,1,0.4,43,19,10,3,20,0.000906937440878,0.00019589848723,0.000906937440878,0.0872177909505,0.0260391588459,0.00440589368767,0.000906937440878,0.00019589848723,0.000906937440878,0.222183115125,0.433951385353,0.2221831093
71,0.0563259923938,0.083186993765,0.126276770103,0.12339266037,0.183522252701,0.0782683987119,0.00859308921065,0.00068525354078,0.062410857087,0.00524908352963,0.154256945312,0.117831703276,1,0.4,43,19,10,3,20,5.91362775742e-05,1.2773435956e-05,5.91362775742e-05,0.000114068186497,0.00102107584789,0.000255039336977,5.91362775742e-05,1.2773435956e-05,5.91362775742e-05,0.252546464935,0.493254801396,0.252546458315
72,0.111939004417,0.102885746288,0.0284549639675,0.0499355229878,0.0910172666034,0.134113261685,0.0327426269563,0.209324943791,0.0282485411922,0.15842520298,0.00910412554493,0.0438087935856,1,0.4,43,19,10,3,20,0.000183747286614,3.96894139086e-05,0.000183747286614,0.00225241328671,0.00317427829464,0.00157238538713,0.000183747286614,3.96894139086e-05,0.000183747286614,0.250987908171,0.490210745295,0.250987901591
73,0.0393075614826,0.0108287390577,0.12240888665,0.117984978528,0.0119864195451,0.110204396269,0.0691338415911,0.141292457288,0.0755353134275,0.0120107609179,0.138850015478,0.150456629764,1,0.4,43,19,10,3,20,0.0001292819816,2.79249080256e-05,0.0001292819816,0.0083984317355,0.00148383013574,0.00309232205103,0.0001292819816,2.79249080256e-05,0.0001292819816,0.249537380592,0.487377683693,0.249537374051
74,0.11086773187,0.0695552025124,0.00563852761263,0.0673927486227,0.0444270485414,0.0510905104333,0.021468720242,0.0682093543291,0.110981467061,0.0111806029792,0.299676075946,0.13951200985,1,0.4,43,19,10,3,20,9.89007773446e-05,2.13625679064e-05,9.89007773446e-05,0.00604186037345,0.00187573101967,0.000388835598796,9.89007773446e-05,2.13625679064e-05,9.89007773446e-05,0.250752319791,0.489750611754,0.250752313218
75,0.0252072046282,0.171120853659,0.0574518197667,0.0810292607961,0.0227910777764,0.0316745704362,0.0300967508414,0.0457468253326,0.232104786037,0.0439407646453,0.142089676822,0.11674640926,1,0.4,43,19,10,3,20,6.86700519679e-05,1.48327312251e-05,6.86700519679e-05,0.0015351640915,0.00178075817479,0.00118122510107,6.86700519679e-05,1.48327312251e-05,6.86700519679e-05,0.251749824873,0.491698863816,0.251749818274
76,0.119221661908,0.00199855805032,0.0341677261151,0.113127984555,0.054957619423,0.0155598940272,0.313966739524,0.0778471958462,0.13688868235,0.0045256959677,0.000223495950615,0.127514746282,1,0.4,43,19,10,3,20,0.00046477991291,0.000100392461189,0.00046477991291,0.00784742634381,0.0106929465317,0.00199492985826,0.00046477991291,0.000100392461189,0.00046477991291,0.247248648053,0.482907503069,0.247248641571
77,0.0206939929479,0.0158125150127,0.155219472098,0.0926848488045,0.103127455717,0.0402129879083,0.00961742681326,0.0843723397042,0.00336969289018,0.00885309939967,0.408555189298,0.0574809794063,1,0.4,43,19,10,3,20,6.67219940457e-05,1.44119507139e-05,6.67219940457e-05,0.00600384363999,0.000355515651315,0.00170697996443,6.67219940457e-05,1.44119507139e-05,6.67219940457e-05,0.250849130317,0.489939694808,0.250849123742
78,0.0678392895283,0.0830004523287,0.119614000752,0.0610157447707,0.0276805778289,0.0923446334352,0.0318147878235,0.126769566919,0.134695946299,0.0289779642812,0.216892428527,0.00935460750626,1,0.4,43,19,10,3,20,4.78105087503e-07,1.03270698901e-07,4.78105087503e-07,2.74093536887e-06,8.97541533665e-06,9.09045067196e-07,4.78105087503e-07,1.03270698901e-07,4.78105087503e-07,0.252960702033,0.494063858207,0.252960695402
79,0.0133909159961,0.170837632322,0.155987170335,0.00339913397506,0.0373741680878,0.00993615160643,0.119580200885,0.0491039077288,0.0761321975533,0.122883595609,0.110636542188,0.130738383713,1,0.4,43,19,10,3,20,8.79626392078e-05,1.89999300689e-05,8.79626392078e-05,0.00582210702007,0.00278495096499,0.00071869458679,8.79626392078e-05,1.89999300689e-05,8.79626392078e-05,0.250506729841,0.489270943895,0.250506723274
80,0.00544508703196,0.0834362672496,0.0120308664534,0.128289021936,0.0838591339215,0.176979773417,0.0210195811805,0.00528942031753,0.211717885774,0.15997265541,0.0213444348923,0.0906158724152,1,0.4,43,19,10,3,20,0.000186953953412,4.0382053937e-05,0.000186953953412,0.0290847183228,0.00495345579884,0.000267606042031,0.000186953953412,4.0382053937e-05,0.000186953953412,0.244076688395,0.476712269524,0.244076681996
81,0.0393417898818,0.123282324964,0.0695850213316,0.0357676655863,0.166762841005,0.0585455347403,0.0318216273715,0.0243952713255,0.206474837604,0.153441185525,0.0766919539995,0.0138899466649,1,0.4,43,19,10,3,20,0.000163039039697,3.52164325745e-05,0.000163039039697,0.00416625094702,0.00273923329422,0.00212835484326,0.000163039039697,3.52164325745e-05,0.000163039039697,0.250496402538,0.489250773382,0.250496395972
82,0.00488473003533,0.0140803784621,0.1864150004,0.000152853044795,0.136194298404,0.252821872447,0.0797190528827,0.00447350020207,0.0355907098628,0.120448732822,0.0699059380501,0.0953129333875,1,0.4,43,19,10,3,20,0.000247449747151,5.34491453845e-05,0.000247449747151,0.0187216399498,0.00353654054099,0.00230275673727,0.000247449747151,5.34491453845e-05,0.000247449747151,0.246473962896,0.481394446162,0.246473956435
83,0.0209559820759,0.176133879654,0.0233556706909,0.0672437199699,0.00718812718436,0.0103734597076,0.327099623519,0.0212034821106,0.112625074381,0.042645308759,0.0708578343917,0.120317837556,1,0.4,43,19,10,3,20,6.6842444133e-05,1.44379679327e-05,6.6842444133e-05,0.000961005297269,0.00293772822636,0.000400618288519,6.6842444133e-05,1.44379679327e-05,6.6842444133e-05,0.251801909115,0.491800590847,0.251801902514
84,0.0933330788275,0.0433073263825,0.0182898524099,0.132092582317,0.106811678799,0.0164281780828,0.112095687311,0.0295098819401,0.179021386939,0.0802081618185,0.00909850805263,0.17980367712,1,0.4,43,19,10,3,20,9.69993221081e-05,2.09518535754e-05,9.69993221081e-05,0.00284974116133,0.00285126824194,0.00179444207132,9.69993221081e-05,2.09518535754e-05,9.69993221081e-05,0.250959599547,0.490155455015,0.250959592968
85,0.0427193698992,0.0513863777615,0.121249421634,0.137640453,0.070638394832,0.149516451512,0.069379258775,0.206503258578,0.0389359959928,0.0184846280387,0.0262615434279,0.0672848465491,1,0.4,43,19,10,3,20,0.000287675227126,6.21378490593e-05,0.000287675227126,0.0846667657347,0.00805990732435,0.0168004406654,0.000287675227126,6.21378490593e-05,0.000287675227126,0.224935444005,0.439327027556,0.224935438108
86,0.0218446088954,0.0768675165624,0.0481165755157,0.191929833067,0.00383555543867,0.128099947114,0.0735230044922,0.343983707487,0.00052517692395,0.0260979539243,0.0650300217568,0.0201460988227,1,0.4,43,19,10,3,20,0.000527708632961,0.00011398506472,0.000527708632961,0.102324093576,0.00607232226445,0.00460147665082,0.000527708632961,0.00011398506472,0.000527708632961,0.223788349767,0.437086609181,0.2237883439
87,0.0162706963137,0.0540500453848,0.168137444897,0.0432768444927,0.0326449345799,0.162933158922,0.0647874551435,0.0962210189386,0.0791695467631,0.032838284174,0.0413261903074,0.208344380083,1,0.4,43,19,10,3,20,4.64853193092e-05,1.00408289708e-05,4.64853193092e-05,0.0483401446104,0.00347537512843,0.000437862943239,4.64853193092e-05,1.00408289708e-05,4.64853193092e-05,0.239694068095,0.468152464476,0.239694061812
88,0.0138402701985,0.0566787777183,0.0535619326084,0.0137471528088,0.124988752437,0.0710900820698,0.208200199002,0.212740899032,0.0220717591906,0.0509257811101,0.0497302809718,0.122424112852,1,0.4,43,19,10,3,20,9.75602536353e-05,2.10730147852e-05,9.75602536353e-05,0.0482774326252,0.00121501298334,0.00108173339357,9.75602536353e-05,2.10730147852e-05,9.75602536353e-05,0.240061584832,0.468870270583,0.240061578539
89,0.0501673257012,0.00293805353915,0.288728358743,0.108032814398,0.0499382634989,0.00049688826322,0.00753058069395,0.0620535617338,0.078271507001,0.182184346653,0.0461923451742,0.123465954601,1,0.4,43,19,10,3,20,7.23949971193e-05,1.56373193778e-05,7.23949971193e-05,0.0174490745657,0.00140063773686,0.00178828564603,7.23949971193e-05,1.56373193778e-05,7.23949971193e-05,0.247662587598,0.483715978721,0.247662581105
90,0.0519523738879,0.00777934437388,0.194154189149,0.0496389974487,0.129217900264,0.206693476497,0.181334861094,0.000695977523502,0.0301319822734,0.00567190510397,0.081213870595,0.0615151217899,1,0.4,43,19,10,3,20,0.000383993912979,8.29426852035e-05,0.000383993912979,0.00527045958759,0.000987307356568,0.00889532739125,0.000383993912979,8.29426852035e-05,0.000383993912979,0.248700727626,0.48574359591,0.248700721106
91,0.117988103148,0.0338764913502,0.100103621815,0.196153998332,0.0590660121861,0.132455728086,0.0338960586591,0.010517764592,0.0301214973036,0.0502773222925,0.0635720743811,0.171971327854,1,0.4,43,19,10,3,20,0.000210083817197,4.53781045146e-05,0.000210083817197,0.00329058926934,0.00180550164229,0.00147308107677,0.000210083817197,4.53781045146e-05,0.000210083817197,0.251067131945,0.490365479225,0.251067125363
92,0.018128246986,0.122230384543,0.308598943853,0.0504522044832,0.0485725277769,0.0238206222633,0.0642839296644,0.0321718393113,0.0327108415354,0.202818072726,0.025277854404,0.0709345324526,1,0.4,43,19,10,3,20,0.000147048290646,3.17624307795e-05,0.000147048290646,0.0232112549953,0.000171366108588,0.00420269935601,0.000147048290646,3.17624307795e-05,0.000147048290646,0.245821465435,0.480120037091,0.24582145899
93,0.18516503543,0.042297178609,0.071443250764,0.196535672812,0.0365432919016,0.0218031621961,0.057817549859,0.0201779776745,0.126350729095,0.045634082108,0.0631574190415,0.133074650509,1,0.4,43,19,10,3,20,0.000152273152642,3.28910009707e-05,0.000152273152642,0.0159069285681,0.00156231416264,0.00696384977105,0.000152273152642,3.28910009707e-05,0.000152273152642,0.246613009196,0.481666020959,0.246613002731
94,0.0484613540613,0.0142555831391,0.036604527139,0.0724091914237,0.004653703862,0.171805581607,0.100752850913,0.187853910157,0.155159316051,0.0521825790153,0.0710551529464,0.0848062496845,1,0.4,43,19,10,3,20,0.000140883718068,3.04308831027e-05,0.000140883718068,0.0431542479917,0.00592134528814,0.0011196660371,0.000140883718068,3.04308831027e-05,0.000140883718068,0.240108866437,0.468962617466,0.240108860142
