run_ID,t1_initial,t2_initial,t3_initial,t4_initial,t5_initial,t6_initial,t7_initial,t8_initial,t9_initial,t10_initial,t11_initial,t12_initial,alpha,prior_cost_c,lambda,k,sample_amount,learning_parameter,generations,t1_final,t2_final,t3_final,t4_final,t5_final,t6_final,t7_final,t8_final,t9_final,t10_final,t11_final,t12_final
0,0.0835682276704,0.0966575133614,0.0882443350375,0.0110582764266,0.097712120892,0.132525236168,0.167831937101,0.143541370443,0.00494335897883,0.0807313869525,0.000323740657043,0.0928624963118,1,0.4,50,13,10,3,20,0.000616119235395,0.000133081754845,0.000616119235395,0.0412895453916,0.00580276500436,0.00506384757248,0.000616119235395,0.000133081754845,0.000616119235395,0.239080019469,0.466953162772,0.239080019339
1,0.164386615407,0.00298054708495,0.206058247848,0.0624882129872,0.146251278887,0.0104569324548,0.0737917220405,0.0366369688518,0.121106131973,0.112791569956,0.05524662066,0.0078051518499,1,0.4,50,13,10,3,20,0.00067409996209,0.000145605591811,0.00067409996209,0.0359142511495,0.00284637789728,0.0051447396822,0.00067409996209,0.000145605591811,0.00067409996209,0.241102171225,0.470902677919,0.241102171095
2,0.0176448832997,0.0485769640327,0.0178023418959,0.0739589007186,0.122108998332,0.00381026180686,0.0147731176369,0.0710238740833,0.0192620971375,0.159792362396,0.242716683588,0.208529515072,1,0.4,50,13,10,3,20,5.90404069396e-05,1.27527278989e-05,5.90404069396e-05,0.00286971130203,0.00102802986535,0.00015416574001,5.90404069396e-05,1.27527278989e-05,5.90404069396e-05,0.251873246207,0.491939933732,0.251873246071
3,0.0100271078618,0.0166842982881,0.0145561709051,0.080269443626,0.148816059424,0.150983417135,0.073525062736,0.0564054549087,0.238821351088,0.00375680528539,0.0668263652396,0.139328463503,1,0.4,50,13,10,3,20,0.000310269573047,6.70182277781e-05,0.000310269573047,0.00708794698921,0.00176807480021,0.00350307388572,0.000310269573047,6.70182277781e-05,0.000310269573047,0.24949016031,0.487285469092,0.249490160175
4,0.0573889544282,0.0571307245252,0.0517747064495,0.107716184208,0.106928571354,0.109871776536,0.00615658576875,0.0163591490433,0.0863081570301,0.14949291062,0.0775909186362,0.173281361401,1,0.4,50,13,10,3,20,7.65293397118e-05,1.65303373777e-05,7.65293397118e-05,0.000940026940451,0.000745041145354,0.000645444645087,7.65293397118e-05,1.65303373777e-05,7.65293397118e-05,0.252289090185,0.492752129001,0.252289090049
5,0.00244460045691,0.325382588355,0.190105206472,0.0554370020599,0.000274832898904,0.0840765122996,0.0456202420526,0.0484297844193,0.0104465869436,0.0610870274273,0.120100331743,0.0565952848725,1,0.4,50,13,10,3,20,5.09951167368e-08,1.10149452151e-08,5.09951167368e-08,2.12196007859e-06,9.87828671584e-08,3.55489260056e-07,5.09951167368e-08,1.10149452151e-08,5.09951167368e-08,0.252963718112,0.49406976167,0.252963717975
6,0.00775412047684,0.364138391496,0.00915667464935,0.00271312958773,0.036987176783,0.0121624388163,0.0819408286672,0.0405617150846,0.0987587699018,0.0210274602993,0.01140335887,0.313395935367,1,0.4,50,13,10,3,20,0.000132002469687,2.85125334524e-05,0.000132002469687,0.00828976376195,0.00185761198666,0.00092957275265,0.000132002469687,2.85125334524e-05,0.000132002469687,0.25001436002,0.488309296649,0.250014359884
7,0.0357134929563,0.0960679935449,0.0971766212869,0.0887487028686,0.134556419248,0.0639643960465,0.0771102470415,0.0483651282082,0.0218175757565,0.327379625464,0.0034953437588,0.00560445381942,1,0.4,50,13,10,3,20,0.00021944982997,4.74011632735e-05,0.00021944982997,0.00685300088895,0.00262474914156,0.0004612666244,0.00021944982997,4.74011632735e-05,0.00021944982997,0.250204175709,0.488680030417,0.250204175573
8,0.0377510162141,0.0106155105892,0.0518757899976,0.0715367849809,0.247846336335,0.0457860873326,0.11926886415,0.0927067155386,0.027933865414,0.197660282995,0.0666552749728,0.0303634714806,1,0.4,50,13,10,3,20,3.2268242738e-07,6.96994043141e-08,3.2268242738e-07,2.13385062775e-06,6.994936065e-07,2.24434512957e-06,3.2268242738e-07,6.96994043141e-08,3.2268242738e-07,0.252962780733,0.494067930852,0.252962780596
9,0.0805415646076,0.160207942728,0.153215882535,0.0957520906842,0.0340631839123,0.0209554100754,0.0213021672746,0.118491188153,0.00131036927171,0.0947940460959,0.0802424082749,0.139123746388,1,0.4,50,13,10,3,20,0.00013620496172,2.94202717315e-05,0.00013620496172,0.00733389223388,0.00289708831898,0.00124159840285,0.00013620496172,2.94202717315e-05,0.00013620496172,0.249909568014,0.488104624762,0.249909567878
10,0.0472496827666,0.146584669147,0.0835107823313,0.0145696255576,0.0268733674171,0.0225760851914,0.313155955986,0.0333324856408,0.0111096639197,0.0500315960548,0.237892977818,0.0131131081704,1,0.4,50,13,10,3,20,0.000262528329982,5.67061192762e-05,0.000262528329982,0.013648053674,0.00169622789938,0.00097018749182,0.000262528329982,5.67061192762e-05,0.000262528329982,0.248543116085,0.485435773341,0.24854311595
11,0.111472461678,0.0875130776214,0.0805791372667,0.194457357663,0.080873504083,0.0285101008528,0.0907391816653,0.173680664652,0.0265283457578,0.0838182298294,0.0187893878019,0.0230385511285,1,0.4,50,13,10,3,20,5.57054500658e-06,1.20323772142e-06,5.57054500658e-06,1.28492642413e-05,1.90016256331e-05,5.22716957678e-05,5.57054500658e-06,1.20323772142e-06,5.57054500658e-06,0.252936901607,0.494017385683,0.25293690147
12,0.189325102263,0.0844297984468,0.0732126569611,0.133579892638,0.0539047805678,0.109953152313,0.0728529253339,0.0210111991417,0.0976305148796,0.0584826060909,0.0639060771595,0.0417112942049,1,0.4,50,13,10,3,20,6.53274373691e-07,1.41107264717e-07,6.53274373691e-07,7.18571798912e-06,5.02915719429e-06,1.78186641773e-06,6.53274373691e-07,1.41107264717e-07,6.53274373691e-07,0.252960153891,0.494062800301,0.252960153754
13,0.0268163781417,0.00830110936529,0.0122312399909,0.20839145167,0.127889074698,0.17973539911,0.0679596240179,0.00984677352658,0.0401427083055,0.147628863404,0.0768597190214,0.0941976587497,1,0.4,50,13,10,3,20,0.000170592436364,3.68479662545e-05,0.000170592436364,0.00205600476766,0.00178220813701,0.000455332288305,0.000170592436364,3.68479662545e-05,0.000170592436364,0.251687055059,0.491576279147,0.251687054923
14,0.149280381997,0.0783322651751,0.0484111779734,0.0745205079506,0.0250046247879,0.163255596844,0.14910488108,0.0221342553347,0.0114998432457,0.0518337736067,0.0586648710225,0.167957820983,1,0.4,50,13,10,3,20,0.000127681708435,2.75792490219e-05,0.000127681708435,0.00222654742257,0.0012429369278,0.00196135712691,0.000127681708435,2.75792490219e-05,0.000127681708435,0.251447468419,0.491108336489,0.251447468283
15,0.0976663295079,0.010182158934,0.0674457898825,0.158344070128,0.0713105284254,0.116158564031,0.0625318951533,0.18830765861,0.0180451933042,0.0343861896827,0.0527971834844,0.122824438857,1,0.4,50,13,10,3,20,0.000471450460996,0.000101833299575,0.000471450460996,0.010100910002,0.00250536314445,0.00356391797662,0.000471450460996,0.000101833299575,0.000471450460996,0.248345382661,0.485049575247,0.248345382526
16,0.0847864450318,0.111233466692,0.0852561744764,0.155861959097,0.0977283025363,0.136083519822,0.00393222850968,0.0168071599853,0.00777140630806,0.12274729784,0.106616701832,0.0711753378688,1,0.4,50,13,10,3,20,0.000224504253943,4.84929188518e-05,0.000224504253943,0.0201600986452,0.00465512223484,0.000999395165374,0.000224504253943,4.84929188518e-05,0.000224504253943,0.246182547098,0.480825287039,0.246182546964
17,0.130682350028,0.00100868198772,0.0667292568817,0.164119642264,0.0223169560768,0.0141202918833,0.162306182127,0.0331996016017,0.0930246232969,0.0845809820493,0.0173310960439,0.21058033576,1,0.4,50,13,10,3,20,0.000227875477535,4.92211031476e-05,0.000227875477535,0.0126584822254,0.00229323172822,0.00226573860146,0.000227875477535,4.92211031476e-05,0.000227875477535,0.248353544025,0.485065515412,0.248353543891
18,0.0633729765784,0.0339122162602,0.0690690614337,0.288224454178,0.00664203248387,0.141158284256,0.00238470119132,0.166117929223,0.0378729478749,0.0270539980522,0.120506517849,0.0436848806189,1,0.4,50,13,10,3,20,0.000494768106325,0.000106869910966,0.000494768106325,0.0207868433632,0.00496288727433,0.00550249220296,0.000494768106325,0.000106869910966,0.000494768106325,0.244504022844,0.477546919358,0.244504022711
19,0.0546897367204,0.0973223619683,0.0311286558101,0.288322728853,0.00527129504994,0.127459069423,0.0213214363969,0.159178257976,0.0697849273417,0.0184597092433,0.0782953494092,0.0487664718085,1,0.4,50,13,10,3,20,3.59443066307e-08,7.76397023223e-09,3.59443066307e-08,1.99141994252e-06,2.93082616627e-07,7.42977959384e-08,3.59443066307e-08,7.76397023223e-09,3.59443066307e-08,0.252963789989,0.494069902054,0.252963789852
20,0.00272671614656,0.136545920554,0.0838297229218,0.159182942968,0.0206540564947,0.197756662382,0.301017498593,0.0250946618209,0.0345943561563,0.0113054174312,0.0264364006663,0.000855643865767,1,0.4,50,13,10,3,20,0.00180208788832,0.000389250983878,0.00180208788832,0.221944668975,0.0411423655279,0.017332351731,0.00180208788832,0.000389250983878,0.00180208788832,0.180007907803,0.351577944737,0.180007907705
21,0.0283594632421,0.0139004863116,0.148440228923,0.0367466109938,0.10420991253,0.0480884783172,0.211474096575,0.104189217252,0.129587847962,0.150717903778,0.0146632279422,0.00962252617257,1,0.4,50,13,10,3,20,0.000753621467105,0.000162782236895,0.000753621467105,0.0185377078599,0.00351585589446,0.00235600532311,0.000753621467105,0.000162782236895,0.000753621467105,0.245944760404,0.480360859905,0.245944760271
22,0.0384355646905,0.0467167864585,0.105698595842,0.132215799402,0.0235714875856,0.0239023901937,0.00587237436421,0.280770403184,0.0205956408133,0.0134230757293,0.237118471368,0.0716794103684,1,0.4,50,13,10,3,20,0.000133287141299,2.87900225206e-05,0.000133287141299,0.00527905099739,0.00169315227047,0.00202313437248,0.000133287141299,2.87900225206e-05,0.000133287141299,0.250539493224,0.489334947438,0.250539493088
23,0.0570917425454,0.296967046294,0.0914591109697,0.0365323657867,0.0488254264001,0.00341465886742,0.0746247169489,0.0499555696454,0.077584527021,0.163932207037,0.0327745402366,0.0668380882485,1,0.4,50,13,10,3,20,1.5429878031e-06,3.33285365469e-07,1.5429878031e-06,6.9721483221e-06,3.81429067917e-06,1.32875461221e-05,1.5429878031e-06,3.33285365469e-07,1.5429878031e-06,0.252956607215,0.4940558732,0.252956607078
24,0.304116688889,0.10864514228,0.0454991896296,0.0205407654274,0.147792848299,0.026322614149,0.0728585623344,0.182059466379,0.0313225865368,0.0451882645476,0.00335848741068,0.0122953841186,1,0.4,50,13,10,3,20,0.000189990450282,4.10379372608e-05,0.000189990450282,0.0250996679856,0.00312542825543,0.00258571107172,0.000189990450282,4.10379372608e-05,0.000189990450282,0.244957383185,0.478432388774,0.244957383052
25,0.334411397922,0.0517105713476,0.2482143429,0.0140371026416,0.000155688358155,0.124102190479,0.00978675892122,0.0990794773758,0.0195120841044,0.00786740628392,0.0556920113664,0.0354309683004,1,0.4,50,13,10,3,20,0.00172427000336,0.000372442320727,0.00172427000336,0.0270508350569,0.0101526664208,0.00720076244836,0.00172427000336,0.000372442320727,0.00172427000336,0.23979858259,0.468356606368,0.23979858246
26,0.0440551227857,0.0616078536073,0.307201988267,0.103924785882,0.152060908912,0.0272918110661,0.0421361038722,0.0392458433285,0.0607935916986,0.051402004996,0.100199503463,0.0100804821221,1,0.4,50,13,10,3,20,0.000827721776433,0.000178787903709,0.000827721776433,0.0350575663869,0.00504555504834,0.00722637954889,0.000827721776433,0.000178787903709,0.000827721776433,0.240063756265,0.468874523702,0.240063756135
27,0.0792193671213,0.0825409588776,0.0675914083137,0.0643064109451,0.102037900249,0.0481570824198,0.00484291466098,0.162182629535,0.00657993790469,0.151330338201,0.0494181752676,0.181792876505,1,0.4,50,13,10,3,20,5.02989973999e-05,1.08645834384e-05,5.02989973999e-05,0.000573762118552,0.000883205998544,0.000310345557675,5.02989973999e-05,1.08645834384e-05,5.02989973999e-05,0.252460967354,0.493087826597,0.252460967218
28,0.00568835576066,0.0566119938945,0.0799830564583,0.158335701317,0.0261986796617,0.0110435706043,0.0624840636897,0.0253904380869,0.277216098234,0.135207466258,0.0627970170171,0.0990435590184,1,0.4,50,13,10,3,20,2.95031794015e-06,6.37268675072e-07,2.95031794015e-06,1.16775118935e-05,3.75780492912e-05,2.14944699843e-06,2.95031794015e-06,6.37268675072e-07,2.95031794015e-06,0.252948115627,0.494039288066,0.25294811549
29,0.0215162551457,0.265382072611,0.0835361150076,0.169179158717,0.069937066412,0.100450785275,0.100368529295,0.0156355426095,0.0493217114877,0.0716506391021,0.0225148860797,0.0305072382569,1,0.4,50,13,10,3,20,0.000647189002611,0.000139792824564,0.000647189002611,0.0602174518611,0.010212191564,0.00791239626042,0.000647189002611,0.000139792824564,0.000647189002611,0.232421089398,0.453947439985,0.232421089272
30,0.046034051999,0.00125349735769,0.0683321993394,0.0147971646933,0.0450983363436,0.0212419669162,0.139302836128,0.199747636675,0.0188829061739,0.277682890824,0.11093103041,0.0566954831391,1,0.4,50,13,10,3,20,8.6430232194e-05,1.86689301539e-05,8.6430232194e-05,0.0131509682433,0.000552576355703,0.00125959885753,8.6430232194e-05,1.86689301539e-05,8.6430232194e-05,0.249082383722,0.486489030444,0.249082383588
31,0.0935373137235,0.0809772935574,0.19154852722,0.0934432729348,0.00187942281107,0.0226021935448,0.0206141276067,0.023198870547,0.150704934304,0.221474041794,0.0973469257388,0.0026730762179,1,0.4,50,13,10,3,20,0.000152731705517,3.29900483917e-05,0.000152731705517,0.00230699321555,0.00144861603819,0.00053558229842,0.000152731705517,3.29900483917e-05,0.000152731705517,0.251707674797,0.491616552071,0.251707674661
32,0.165643803283,0.0400364975825,0.0612945710852,0.0509848229062,0.00795069735557,0.0729600985475,0.117751024612,0.0304820785824,0.102775628521,0.00945736252665,0.202351302135,0.138312112863,1,0.4,50,13,10,3,20,0.000182787502797,3.94821006042e-05,0.000182787502797,0.0118785884759,0.00320100112942,0.000573863415827,0.000182787502797,3.94821006042e-05,0.000182787502797,0.248799730129,0.485936972644,0.248799729994
33,0.0299511643323,0.138848494075,0.00736504174544,0.0804809798844,0.0774346583463,0.0440661506216,0.0947313747562,0.0298160040061,0.335273689034,0.110134227899,0.00164311777467,0.0502550975263,1,0.4,50,13,10,3,20,0.000643420895013,0.000138978913323,0.000643420895013,0.0291640904898,0.00863353325453,0.0043458192978,0.000643420895013,0.000138978913323,0.000643420895013,0.241582271225,0.471840373231,0.241582271094
34,0.025825766355,0.11165411227,0.0654361325891,0.0821009337842,0.0485013684378,0.0264418712712,0.174033279058,0.361854905625,0.0519836134499,0.0431694955004,0.00238646359167,0.00661205806813,1,0.4,50,13,10,3,20,0.00162068563222,0.000350068096559,0.00162068563222,0.196731842119,0.0448365547601,0.00687510983118,0.00162068563222,0.000350068096559,0.00162068563222,0.188300044868,0.367773524934,0.188300044766
35,0.089374709042,0.0638244078598,0.0129528871755,0.000139542618067,0.305731188936,0.0565988526131,0.0369272246414,0.0438789761298,0.0495002330144,0.0215157106654,0.132292367486,0.187263899818,1,0.4,50,13,10,3,20,0.000177272726239,3.82909088675e-05,0.000177272726239,0.00811422129912,0.000881466447278,0.00164116718047,0.000177272726239,3.82909088675e-05,0.000177272726239,0.250074933818,0.488427604849,0.250074933683
36,0.0600513480921,0.20088903265,0.228727659852,0.0124175241276,0.0173938913626,0.130598619358,0.0391260830401,0.0617433075328,0.00683260408023,0.138759252237,0.0809752399774,0.0224854376913,1,0.4,50,13,10,3,20,0.00032030568286,6.91860274977e-05,0.00032030568286,0.0185394397523,0.0048345250436,0.00192797693521,0.00032030568286,6.91860274977e-05,0.00032030568286,0.246204828807,0.480868806003,0.246204828673
37,0.189445519862,0.0129012887449,0.0911722141498,0.0308549823495,0.154898475029,0.0109020664513,0.00280654920701,0.0910891437105,0.125159088705,0.126440131411,0.0648537689485,0.0994767714307,1,0.4,50,13,10,3,20,0.000157280864029,3.39726666302e-05,0.000157280864029,0.00156990666274,0.00157895093949,0.000399601638614,0.000157280864029,3.39726666302e-05,0.000157280864029,0.251890459414,0.491973553277,0.251890459278
38,0.0854102761086,0.000574837927782,0.0541516384669,0.0198046180142,0.00543644288721,0.00453419368484,0.0204767477496,0.0129850078084,0.239902969961,0.417668399407,0.121585808788,0.0174690591957,1,0.4,50,13,10,3,20,4.01091461713e-05,8.663575573e-06,4.01091461713e-05,0.00107908753683,0.00048997691913,0.000157212558125,4.01091461713e-05,8.663575573e-06,4.01091461713e-05,0.252482772403,0.493130414582,0.252482772266
39,0.00453409846087,0.0889419350447,0.0121419769904,0.0211646371105,0.171722385786,0.184942886335,0.153557224398,0.0494955730431,0.00243101930154,0.0913545698612,0.0388201204137,0.180893573255,1,0.4,50,13,10,3,20,0.00016758838675,3.6199091538e-05,0.00016758838675,0.00284864033718,0.00241939489555,0.000239258945448,0.00016758838675,3.6199091538e-05,0.00016758838675,0.251383387698,0.490983178832,0.251383387562
40,0.0680983819991,0.0593857505897,0.0917615236057,0.0347402384163,0.124812438669,0.253902611503,0.09469820846,0.0635654131217,0.0220641489434,0.0444316950025,0.0655251669569,0.0770144227325,1,0.4,50,13,10,3,20,1.41900511357e-06,3.06505104531e-07,1.41900511357e-06,1.12876960597e-05,1.40147506456e-05,2.21761308966e-06,1.41900511357e-06,3.06505104531e-07,1.41900511357e-06,0.252955874483,0.494054442081,0.252955874346
41,0.12004446792,0.0102559078572,0.0429527448821,0.13222319103,0.0960907311138,0.0571542418706,0.114012966966,0.237052693655,0.0379359809073,0.0990667049738,0.0245368626823,0.0286735061415,1,0.4,50,13,10,3,20,0.000977933025672,0.000211233533545,0.000977933025672,0.0304595416745,0.00618817656604,0.00567819993849,0.000977933025672,0.000211233533545,0.000977933025672,0.241161077132,0.471017728518,0.241161077001
42,0.0286866148505,0.0832620099864,0.0935263756573,0.0659179108174,0.0279546107632,0.0339748276306,0.283059640724,0.0208185376347,0.141394813159,0.0140735844622,0.0994068501906,0.107924224123,1,0.4,50,13,10,3,20,0.000282933638811,6.11136659832e-05,0.000282933638811,0.0147115420176,0.00551395069225,0.00358832099808,0.000282933638811,6.11136659832e-05,0.000282933638811,0.246623171491,0.481685881557,0.246623171357
43,0.00940198260877,0.169168926541,0.122077801213,0.130193037366,0.0709650658729,0.000542561201797,0.0567605424636,0.144931612067,0.0760195092446,0.0384399082253,0.137622857264,0.0438761959314,1,0.4,50,13,10,3,20,0.000242854633937,5.24566009304e-05,0.000242854633937,0.00318885695891,0.000682587627423,0.00340042251176,0.000242854633937,5.24566009304e-05,0.000242854633937,0.250852629645,0.48994654201,0.250852629509
44,0.152885966005,0.101643093879,0.0382850247421,0.241545064264,0.0319622163174,0.0430192055785,0.101120242551,0.0166762205577,0.00413227850093,0.100741871162,0.00653845165903,0.161450364783,1,0.4,50,13,10,3,20,0.000165006221083,3.56413437539e-05,0.000165006221083,0.00264232051383,0.00326051940918,0.000413916389722,0.000165006221083,3.56413437539e-05,0.000165006221083,0.251181517538,0.490588901176,0.251181517402
45,0.199586544122,0.016785482432,0.0942664963773,0.0438872240774,0.0292543066725,0.135361051878,0.0283660555545,0.142375628947,0.0431148636743,0.0544645059296,0.0754596769196,0.137078163416,1,0.4,50,13,10,3,20,0.000142947287495,3.0876614099e-05,0.000142947287495,0.00209825711186,0.00112104130939,0.00191201204569,0.000142947287495,3.0876614099e-05,0.000142947287495,0.251506124283,0.491222898725,0.251506124147
46,0.184634668675,0.121178936128,0.155147306813,0.137215854725,0.0551095578356,0.141457059087,0.0874256769719,0.0452361833122,0.000494308533152,0.0675693389845,0.00437876918908,0.000152339746379,1,0.4,50,13,10,3,20,0.00184463088429,0.000398440271008,0.00184463088429,0.020258431759,0.0165263997919,0.012330637371,0.00184463088429,0.000398440271008,0.00184463088429,0.23847187412,0.465765378888,0.238471873991
47,0.0180016283316,0.0470151988146,0.010305441192,0.0136939360407,0.0941173269794,0.007877061761,0.275288809261,0.0248252533054,0.26009253177,0.0570575660244,0.108730387486,0.0829948590337,1,0.4,50,13,10,3,20,0.000253238874266,5.46995968415e-05,0.000253238874266,0.0204744972381,0.00260707364627,0.00409071816908,0.000253238874266,5.46995968415e-05,0.000253238874266,0.245806888638,0.480091579112,0.245806888505
48,0.143035199635,0.0525790536302,0.062430661577,0.133636495235,0.139396637592,0.0985075187563,0.079727811565,0.154180003388,0.0295600800931,0.0353149617158,0.0536968087374,0.0179347680749,1,0.4,50,13,10,3,20,0.00155095172726,0.000335005573089,0.00155095172726,0.0336385592793,0.0111919920622,0.00468678310991,0.00155095172726,0.000335005573089,0.00155095172726,0.238699471399,0.466209904824,0.23869947127
49,0.0621293327434,0.0473835655728,0.532155864536,0.0639785109815,0.00991133607161,0.0999633519238,0.0291097693886,0.0511079622299,0.0478979909122,0.0211758455877,0.0341210959756,0.00106537407733,1,0.4,50,13,10,3,20,0.00314687824645,0.000679725701233,0.00314687824645,0.0388916252264,0.0352284844095,0.00896670659926,0.00314687824645,0.000679725701233,0.00314687824645,0.228418332267,0.446129554967,0.228418332143
50,0.0587389420572,0.245435638421,0.0730175739723,0.0712949354885,0.0619603326235,0.00786689837082,0.0828373731939,0.183403872332,0.000325976711489,0.0791267370023,0.0401197885633,0.0958719312637,1,0.4,50,13,10,3,20,0.000240092194306,5.18599139702e-05,0.000240092194306,0.00295964830027,0.00387252218705,0.000630588587555,0.000240092194306,5.18599139702e-05,0.000240092194306,0.250807437842,0.489858276771,0.250807437707
51,0.215822582339,0.100886059767,0.0706051101943,0.014072620268,0.034715298859,0.0294039062889,0.177865903713,0.01141785506,0.0106205405687,0.0657650553132,0.0337638840074,0.235061183622,1,0.4,50,13,10,3,20,4.62875893392e-07,9.99811929727e-08,4.62875893392e-07,5.9284377295e-06,7.30180944083e-06,1.13580846678e-06,4.62875893392e-07,9.99811929727e-08,4.62875893392e-07,0.252960273931,0.494063034754,0.252960273794
52,0.179066003719,0.102582638974,0.160942595003,0.0807099534347,0.175890943223,0.00200782010933,0.0414698433085,0.0257963774122,0.0110175131845,0.1298899564,0.0684882999597,0.0221380552721,1,0.4,50,13,10,3,20,0.000370007118806,7.99215376622e-05,0.000370007118806,0.0187952983915,0.0032122669086,0.00373378849527,0.000370007118806,7.99215376622e-05,0.000370007118806,0.246037951,0.480542872787,0.246037950867
53,0.107112708981,0.182902628643,0.0308295191291,0.0263950417512,0.0817498466995,0.0760289162779,0.0395491675971,0.0162295792203,0.0680224437487,0.106423858781,0.00529653149146,0.25945975768,1,0.4,50,13,10,3,20,0.000162504232481,3.51009142158e-05,0.000162504232481,0.00536027024203,0.00168140867269,0.000939368322679,0.000162504232481,3.51009142158e-05,0.000162504232481,0.250763316213,0.489772101714,0.250763316077
54,0.110072821689,0.00755305795779,0.0621963275127,0.0849359386579,0.00438497498934,0.0333802770493,0.0568674910078,0.365653024479,0.00981960676299,0.0162306153985,0.126291671401,0.122614193095,1,0.4,50,13,10,3,20,0.000114838588928,2.48051352084e-05,0.000114838588928,0.000805069255986,0.00179108917093,0.00046314016704,0.000114838588928,2.48051352084e-05,0.000114838588928,0.252061783319,0.492308170278,0.252061783183
55,0.0493734851948,0.163027658075,0.139360568671,0.0719584163424,0.00778981089365,0.0418095647433,0.200288456603,0.00691955486802,0.127958860496,0.00441069840497,0.0549883469697,0.132114578738,1,0.4,50,13,10,3,20,0.000443561871221,9.58093641838e-05,0.000443561871221,0.0156123295766,0.00366765682099,0.0048860541075,0.000443561871221,9.58093641838e-05,0.000443561871221,0.246353984171,0.481160125073,0.246353984037
56,0.0175054720403,0.121421702815,0.0612378454842,0.0322536461274,0.0168533324526,0.0309895600202,0.0423639360109,0.00755329208897,0.0264729172723,0.296235899871,0.107922289297,0.23919010652,1,0.4,50,13,10,3,20,2.80298418503e-05,6.05444583967e-06,2.80298418503e-05,0.000795876294648,0.0003577232082,0.000116538521224,2.80298418503e-05,6.05444583967e-06,2.80298418503e-05,0.252611701912,0.49338223003,0.252611701775
57,0.0393136469591,0.0407025008982,0.441949331728,0.000575921306168,0.0490747650686,0.0358083825845,0.198871812178,0.000485369872035,0.0344525269294,0.13211554396,0.00279020532,0.0238599931965,1,0.4,50,13,10,3,20,0.000726934012938,0.000157017746795,0.000726934012938,0.0282312292326,0.00844580583693,0.00184071395235,0.000726934012938,0.000157017746795,0.000726934012938,0.242405813077,0.47344885341,0.242405812946
58,0.024151754098,0.24545624827,0.256671249986,0.182998213267,0.00604168533149,0.021613313527,0.0699781179981,0.0169194632823,0.0099745618836,0.0719422346047,0.00728619887214,0.08696695888,1,0.4,50,13,10,3,20,0.000343213871408,7.41341962242e-05,0.000343213871408,0.00343138319317,0.00571609631431,0.00119647755877,0.000343213871408,7.41341962242e-05,0.000343213871408,0.249962983578,0.488208952036,0.249962983442
59,0.0477356444375,0.0928185738344,0.0532515531317,0.160020045821,0.00355442103251,0.0792096112923,0.13563255155,0.0983685544101,0.0664748999876,0.162007568039,0.0714779385883,0.0294486378756,1,0.4,50,13,10,3,20,0.000152189890144,3.2873016271e-05,0.000152189890144,0.0006709490829,0.000782321380547,0.000407447413947,0.000152189890144,3.2873016271e-05,0.000152189890144,0.252323105627,0.492818565411,0.252323105491
60,0.289080006397,0.0132625600794,0.0313240686474,0.35571611158,0.00327062730448,0.00836214201769,0.0798129079253,0.0992402595363,0.0573968208875,0.00911201943597,0.00542816235861,0.047994313831,1,0.4,50,13,10,3,20,5.17767715295e-07,1.11837826504e-07,5.17767715295e-07,4.9132904244e-06,6.34466343849e-06,2.16908408095e-06,5.17767715295e-07,1.11837826504e-07,5.17767715295e-07,0.252960449928,0.494063378497,0.252960449791
61,0.0375857424905,0.134880963667,0.0551979370056,0.0325411599436,0.0136959859059,0.263921454197,0.0155618335153,0.0342355353518,0.139745600757,0.1935228425,0.0467731342283,0.0323378104382,1,0.4,50,13,10,3,20,9.43224622346e-05,2.03736518427e-05,9.43224622346e-05,0.00113235649356,0.00284629694812,0.000161576569694,9.43224622346e-05,2.03736518427e-05,9.43224622346e-05,0.251811347539,0.491819037895,0.251811347402
62,0.104158341879,0.279548842756,0.00679777448994,0.0105167465983,0.0708541032354,0.109574765477,0.0145544821468,0.098433747766,0.00197245714797,0.101332496698,0.0367992844948,0.165456957311,1,0.4,50,13,10,3,20,0.000124595610862,2.69126519461e-05,0.000124595610862,0.00361136470617,0.00295775264954,0.000600436191903,0.000124595610862,2.69126519461e-05,0.000124595610862,0.251011096059,0.490256046724,0.251011095923
63,0.311088127668,0.00601143219165,0.126559628802,0.0332853231563,0.105078806684,0.0258232139143,0.078867149466,0.183438513382,0.0148234995233,0.0455907225741,0.0353882205964,0.0340453620413,1,0.4,50,13,10,3,20,1.950359305e-05,4.21277609879e-06,1.950359305e-05,2.95023278176e-05,3.33916324278e-05,0.000180140391799,1.950359305e-05,4.21277609879e-06,1.950359305e-05,0.252881081708,0.493908362444,0.252881081571
64,0.0800621023088,0.0488879581577,0.0151836696143,0.0642264192868,0.0980447228667,0.0606116578162,0.0796608165925,0.0378480553935,0.354671532859,0.0500394331102,0.0816817792602,0.029081852734,1,0.4,50,13,10,3,20,2.4081186987e-06,5.20153638919e-07,2.4081186987e-06,6.90793786786e-06,7.87099117317e-06,1.32104391305e-05,2.4081186987e-06,5.20153638919e-07,2.4081186987e-06,0.252954646831,0.494052044324,0.252954646694
65,0.137073765227,0.0887870135513,0.0402391114042,0.0629463053475,0.0523767976297,0.105004437378,0.168466185022,0.0135007907287,0.127165268394,0.0901895746451,0.101564516872,0.0126862338001,1,0.4,50,13,10,3,20,0.00042287289621,9.13405455814e-05,0.00042287289621,0.0230272634509,0.00337449087159,0.00671372459006,0.00042287289621,9.13405455814e-05,0.00042287289621,0.244113289816,0.476783768913,0.244113289683
66,0.14218134212,0.124218659625,0.0459199331821,0.0870449437154,0.00828089991169,0.02343134746,0.0421586019924,0.156351554511,0.260686201367,0.00387762803859,0.0788501947612,0.0269986933157,1,0.4,50,13,10,3,20,0.00140364058253,0.000303186365827,0.00140364058253,0.0533969680549,0.0177540936826,0.00352719070447,0.00140364058253,0.000303186365827,0.00140364058253,0.23249981037,0.454101191883,0.232499810244
67,0.0479348366617,0.302693238009,0.237551366927,0.0524932970835,0.0197454461599,0.00848606814643,0.120173395498,0.00420929509575,0.0786610040087,0.0983743898324,0.0138898634372,0.0157877991401,1,0.4,50,13,10,3,20,0.000850521241727,0.000183712588213,0.000850521241727,0.0763574740376,0.010356979957,0.00310439171544,0.000850521241727,0.000183712588213,0.000850521241727,0.229289902169,0.447831839932,0.229289902045
68,0.0721578622385,0.0215488584654,0.0763186023506,0.0644921417006,0.0461442965689,0.133906214583,0.213904899442,0.0162451042801,0.0229951447075,0.164137977587,0.16740770591,0.000741192167211,1,0.4,50,13,10,3,20,0.000196179904507,4.23748593736e-05,0.000196179904507,0.00158213592272,0.000252783605173,0.000552434395867,0.000196179904507,4.23748593736e-05,0.000196179904507,0.25214056655,0.492462043776,0.252140566413
69,0.0172900453526,0.0560946330779,0.0239981117187,0.165440238288,0.0253913726134,0.0783458243564,0.00399322179553,0.114717948059,0.00350248401193,0.00245686960459,0.211007902287,0.297761348834,1,0.4,50,13,10,3,20,7.12967793659e-05,1.5400104343e-05,7.12967793659e-05,0.00315639673061,0.00100110861588,0.000881379342781,7.12967793659e-05,1.5400104343e-05,7.12967793659e-05,0.251609834849,0.491425458423,0.251609834713
70,0.197339712786,0.0909877789799,0.0397114269168,0.0481308262555,0.127747380923,0.0409048249221,0.0416718590795,0.000471347025591,0.00361256529319,0.219643749696,0.0451598008963,0.144618727225,1,0.4,50,13,10,3,20,5.12635077844e-05,1.10729176814e-05,5.12635077844e-05,0.00186002078805,0.000520769555575,0.00160672394029,5.12635077844e-05,1.10729176814e-05,5.12635077844e-05,0.25189825423,0.491988777526,0.251898254093
71,0.230113062673,0.0290933162262,0.00668820920476,0.0309440851225,0.0633788801034,0.0560615227099,0.200798879415,0.0244192024902,0.127915702142,0.00192720417905,0.0594710546547,0.169188881079,1,0.4,50,13,10,3,20,0.000272843758609,5.89342518595e-05,0.000272843758609,0.00712665396889,0.00454013850149,0.00130276304675,0.000272843758609,5.89342518595e-05,0.000272843758609,0.249377695202,0.487065810677,0.249377695066
72,0.0285979393035,0.0738325016715,0.0697744024865,0.0290978095454,0.0479030897577,0.0195435608544,0.0623714991409,0.12195371123,0.0143806676334,0.0424970578256,0.144253586645,0.345794173905,1,0.4,50,13,10,3,20,7.36795097914e-05,1.59147741149e-05,7.36795097914e-05,0.0102035517544,0.00104782582699,0.000425943828475,7.36795097914e-05,1.59147741149e-05,7.36795097914e-05,0.249927875137,0.488140380863,0.249927875002
73,0.0778569385423,0.0896444692394,0.172230699032,0.0891583998419,0.211511041185,0.0196477841414,0.0392486505558,0.0102534745877,0.0740113906541,0.17396566265,0.0270671731414,0.0154043164283,1,0.4,50,13,10,3,20,0.000507249258893,0.000109565839921,0.000507249258893,0.0187920399011,0.00456546073437,0.0021143616824,0.000507249258893,0.000109565839921,0.000507249258893,0.245952255332,0.480375498436,0.245952255199
74,0.0100069718993,0.193304977533,0.128042872331,0.00896584169531,0.0272602153322,0.138517347408,0.0145843860068,0.00576558511739,0.09425032972,0.287674818511,0.00852826696054,0.0830983874859,1,0.4,50,13,10,3,20,6.23976045518e-05,1.34778825832e-05,6.23976045518e-05,0.00250986550505,0.00134465934712,0.000242980080625,6.23976045518e-05,1.34778825832e-05,6.23976045518e-05,0.251857947646,0.491910053729,0.251857947509
75,0.29700699503,0.00598525978492,0.0182829536958,0.156348741528,0.124944197973,0.0558539834858,0.152960064307,0.0818543978346,0.0462557877015,0.0275187182611,0.0189325649401,0.0140563354591,1,0.4,50,13,10,3,20,0.00280382169234,0.000605625485544,0.00280382169234,0.00489827461865,0.0113827300003,0.0040211032091,0.00280382169234,0.000605625485544,0.00280382169234,0.244685243908,0.477900866748,0.244685243775
76,0.114942012899,0.0646612142976,0.0636713830046,0.0042981036103,0.0136688443471,0.110429556317,0.0922999414131,0.173326983112,0.0791785260618,0.066786999741,0.084296823802,0.132439611395,1,0.4,50,13,10,3,20,0.000212544790907,4.59096748359e-05,0.000212544790907,0.00594043505535,0.00238029114396,0.00123831405605,0.000212544790907,4.59096748359e-05,0.000212544790907,0.250308037725,0.488882885917,0.250308037589
77,0.0724730534297,0.00202586457976,0.0878630953997,0.0870337582714,0.00483603731946,0.0118563507844,0.101429889036,0.281915523589,0.266685880753,0.00512586789045,0.0168118052827,0.0619428736649,1,0.4,50,13,10,3,20,0.0016673339686,0.000360144137217,0.0016673339686,0.0498332050841,0.0197192929766,0.0123118856172,0.0016673339686,0.000360144137217,0.0016673339686,0.230386338034,0.44997331623,0.23038633791
78,0.111161571362,0.0467816449305,0.309689945929,0.0673283806646,0.075802875836,0.0251290839652,0.0776758070347,0.00284324244921,0.0958705704373,0.125125095019,0.0506088234865,0.0119829588857,1,0.4,50,13,10,3,20,0.000772567372058,0.000166874552364,0.000772567372058,0.0547795401319,0.00300982116429,0.00512259300541,0.000772567372058,0.000166874552364,0.000772567372058,0.236183785608,0.461296456017,0.23618378548
79,0.176865771709,0.0706546918008,0.0499056729954,0.00456041632806,0.0247349830196,0.0918349035351,0.208967709099,0.0007486934937,0.0852233893614,0.0877511453329,0.0138364603647,0.18491616296,1,0.4,50,13,10,3,20,0.000245169788346,5.29566742826e-05,0.000245169788346,0.0198444490082,0.00407265879765,0.00157169964337,0.000245169788346,5.29566742826e-05,0.000245169788346,0.246241796159,0.480941007863,0.246241796026
80,0.048254906432,0.0259627550258,0.20637349833,0.0478090917404,0.302831152468,0.0167300853988,0.0410537545763,0.0212667283629,0.136509842297,0.00271919168139,0.0119459297814,0.138543063906,1,0.4,50,13,10,3,20,0.000766969311246,0.000165665371229,0.000766969311246,0.0139135644227,0.00534349371204,0.00238532754919,0.000766969311246,0.000165665371229,0.000766969311246,0.246629794586,0.48169881729,0.246629794452
81,0.0617934603444,0.0212383945858,0.0293981593293,0.0672975863591,0.157413174431,0.112947103863,0.128449886008,0.0166346803627,0.193509200755,0.0194967333506,0.186866748974,0.00495487163829,1,0.4,50,13,10,3,20,0.000312883221649,6.75827758761e-05,0.000312883221649,0.00314396657991,0.00197628644089,0.000961951082568,0.000312883221649,6.75827758761e-05,0.000312883221649,0.251075060328,0.490380976938,0.251075060192
82,0.107101497049,0.0190832492543,0.0895084347576,0.159334638424,0.147964779461,0.0565933265475,0.151504492601,0.0305261331783,0.0197756536209,0.0649816164589,0.03953751411,0.114088664536,1,0.4,50,13,10,3,20,0.000428980678888,9.26598266397e-05,0.000428980678888,0.0120670588101,0.0043499835406,0.00233398464818,0.000428980678888,9.26598266397e-05,0.000428980678888,0.247740137493,0.48386745578,0.247740137359
83,0.0373112982926,0.124085727852,0.00319484793681,0.0797644328445,0.077313141185,0.0976722670454,0.119250340937,0.0795043524372,0.0843822669559,0.0141783037775,0.0197990557798,0.263543964957,1,0.4,50,13,10,3,20,8.01768997304e-05,1.73182103418e-05,8.01768997304e-05,0.000260039344086,0.00067408792838,8.69881089654e-05,8.01768997304e-05,1.73182103418e-05,8.01768997304e-05,0.252616231716,0.493391077303,0.252616231579
84,0.0413025597439,0.0756672408143,0.0306034254737,0.0338515647577,0.395946196561,0.0721669821914,0.0119914930629,0.0640238499548,0.141774715219,0.0347624047018,0.0621866077777,0.0357229597422,1,0.4,50,13,10,3,20,0.000897085675827,0.000193770505979,0.000897085675827,0.0351075725754,0.00691817439205,0.00648418877243,0.000897085675827,0.000193770505979,0.000897085675827,0.239687381737,0.468139417201,0.239687381607
85,0.188728680483,0.0368538163487,0.0705949031881,0.00326268990991,0.124669017846,0.0361322595617,0.125582189085,0.100593983175,0.00723513548423,0.128562391153,0.028096242715,0.149688691051,1,0.4,50,13,10,3,20,0.000196520369053,4.24483997155e-05,0.000196520369053,0.00489970993316,0.000986552008782,0.00254967610438,0.000196520369053,4.24483997155e-05,0.000196520369053,0.250610108225,0.489472867363,0.25061010809
86,0.0150032709753,0.170942350549,0.343396278374,0.0828652159575,0.000755703463091,0.0154993569755,0.0406243480805,0.0761245057583,0.0277055934862,0.0687902471547,0.120917498632,0.0373756305946,1,0.4,50,13,10,3,20,0.000168630985354,3.64242928365e-05,0.000168630985354,0.000597985442253,0.00132743011992,0.000423472928101,0.000168630985354,3.64242928365e-05,0.000168630985354,0.252181183086,0.492541372948,0.252181182949
87,0.0118065280279,0.0600002965493,0.204241346288,0.0123558906987,0.0382945045525,0.0206679545564,0.0523517464502,0.316975991522,0.177708997642,0.0563048032617,0.00204508031684,0.0472468601347,1,0.4,50,13,10,3,20,0.00127299120472,0.000274966100219,0.00127299120472,0.022537516954,0.0146760411421,0.00541313214115,0.00127299120472,0.000274966100219,0.00127299120472,0.240754191463,0.470223029947,0.240754191333
88,0.0949527973125,0.0408224703065,0.00981054635996,0.0280000936665,0.0159143721895,0.0556756081619,0.101973421162,0.110869734714,0.10102381294,0.323745802165,0.0597592329727,0.0574521080501,1,0.4,50,13,10,3,20,5.58559688231e-05,1.20648892658e-05,5.58559688231e-05,0.00179524522359,0.000496252209682,0.000544455293351,5.58559688231e-05,1.20648892658e-05,5.58559688231e-05,0.252184409555,0.492547674646,0.252184409419
89,0.0701958757882,0.00414867839888,0.137325858996,0.0167568278255,0.00953704862531,0.0880222032883,0.0266438981605,0.0994627355829,0.100523762057,0.12255136655,0.289113538559,0.0357182061688,1,0.4,50,13,10,3,20,6.62699926262e-05,1.43143184073e-05,6.62699926262e-05,0.00333600076607,0.00154924045906,0.000371170724495,6.62699926262e-05,1.43143184073e-05,6.62699926262e-05,0.251560443913,0.491328991752,0.251560443777
90,0.150107491042,0.0199346744693,0.059368338973,0.1214420189,0.0543677690233,0.0935793822755,0.00184287145716,0.171308044478,0.0825769156823,0.0735219670268,0.111846173033,0.0601043536391,1,0.4,50,13,10,3,20,0.000396169896609,8.55726976676e-05,0.000396169896609,0.0165149113756,0.00323013759891,0.00234820694556,0.000396169896609,8.55726976676e-05,0.000396169896609,0.246931457895,0.482288003441,0.246931457762
91,0.252534640249,0.0806965357439,0.0304517685773,0.0278575820562,0.0670385661357,0.107584162022,0.0431506497526,0.107355250237,0.0717815758331,0.00777947580148,0.0435488358355,0.160220957756,1,0.4,50,13,10,3,20,0.000346196664392,7.47784795086e-05,0.000346196664392,0.0175550515629,0.00724388381831,0.000931024966102,0.000346196664392,7.47784795086e-05,0.000346196664392,0.246067527951,0.480600640268,0.246067527817
92,0.142536740696,0.0229108826194,0.0458208427849,0.323129768406,0.000829250034666,0.00070022748548,0.061037745992,0.214371011047,0.0521627388842,0.0337750134144,0.070432298258,0.0322934803775,1,0.4,50,13,10,3,20,0.00070623797254,0.000152547402069,0.00070623797254,0.0125536332678,0.004354952581,0.00806787763192,0.00070623797254,0.000152547402069,0.00070623797254,0.245854479739,0.48018453048,0.245854479606
93,0.0134352103675,0.108581339488,0.100201863311,0.017203363586,0.146273754632,0.00553158751795,0.0861802092981,0.0340096307076,0.158327409726,0.127842354976,0.0220463856086,0.18036689078,1,0.4,50,13,10,3,20,0.000199756992683,4.31475104195e-05,0.000199756992683,0.00894475792253,0.00256897330199,0.000914207862588,0.000199756992683,4.31475104195e-05,0.000199756992683,0.249596645267,0.487493447523,0.249596645132
94,0.0130750206401,0.00447309235627,0.0721881768624,0.110232451508,0.200704012408,0.105327098563,0.0771087473176,0.306232488895,0.0308344581252,0.0585232527554,0.00684148041875,0.0144597201504,1,0.4,50,13,10,3,20,0.00220939364719,0.000477229027793,0.00220939364719,0.119142629309,0.0114460543418,0.00792622762312,0.00220939364719,0.000477229027793,0.00220939364719,0.215448045894,0.42079696441,0.215448045778
