run_ID,t1_initial,t2_initial,t3_initial,t4_initial,t5_initial,t6_initial,t7_initial,t8_initial,t9_initial,t10_initial,t11_initial,t12_initial,alpha,prior_cost_c,lambda,k,sample_amount,learning_parameter,generations,t1_final,t2_final,t3_final,t4_final,t5_final,t6_final,t7_final,t8_final,t9_final,t10_final,t11_final,t12_final
0,0.140841771349,0.0846322701614,0.0317564529958,0.0717038292775,0.00150224457304,0.304735098504,0.0382412451936,0.0659724519014,0.121536053628,0.0502807107184,0.0664793824125,0.0223184892848,1,0.4,45,18,10,3,20,0.000337570734856,7.29152787289e-05,0.000337570734856,0.0162260698504,0.00819822576453,0.00867552521521,0.000337570734856,7.29152787289e-05,0.000337570734856,0.244212887845,0.476978292214,0.244212885614
1,0.16355730263,0.152160124734,0.0564025543206,0.0622834217654,0.0296794587522,0.120898568088,0.0374183849262,0.16553205446,0.0775792837847,0.114740996338,0.00514951858864,0.0145983316121,1,0.4,45,18,10,3,20,0.000529716343041,0.000114418730097,0.000529716343041,0.0513008201354,0.00874388291095,0.00384041536366,0.000529716343041,0.000114418730097,0.000529716343041,0.236209880824,0.461347419269,0.236209878665
2,0.0236008123785,0.00738698746283,0.185714861322,0.212725960759,0.0227036472144,0.000851897353931,0.173466787264,0.148702204864,0.0407022671359,0.0140120563544,0.121409275564,0.0487232423267,1,0.4,45,18,10,3,20,0.000325969069363,7.04093189824e-05,0.000325969069363,0.0408070463446,0.00882159563745,0.00228514347831,0.000325969069363,7.04093189824e-05,0.000325969069363,0.239466631105,0.467708259603,0.239466628917
3,0.126811779426,0.0077165487225,0.0152966360782,0.0196239527872,0.0410563895546,0.092279272404,0.0358741278541,0.0591439582549,0.0605790604148,0.308930790192,0.0505214466705,0.182166037641,1,0.4,45,18,10,3,20,1.2204710398e-05,2.63621744596e-06,1.2204710398e-05,0.0063748076457,0.000170953190253,9.90076898281e-05,1.2204710398e-05,2.63621744596e-06,1.2204710398e-05,0.251269855362,0.49076143177,0.251269853066
4,0.144140527559,0.240490821588,9.00973319986e-06,0.084348393042,0.109615498265,0.0702609634602,0.064394017625,0.0126644664285,0.0675185349041,0.00126982259075,0.172783457067,0.032504487737,1,0.4,45,18,10,3,20,0.000334246905492,7.21973315863e-05,0.000334246905492,0.0250882643222,0.00948087852587,0.00105205135515,0.000334246905492,7.21973315863e-05,0.000334246905492,0.243578796543,0.475739832651,0.243578794317
5,0.00657061082642,0.139380698726,0.378255575474,0.021757827362,0.0304052271756,0.27816989213,0.0131292338717,0.00660804902566,0.0226388235808,0.0537170014272,0.032541163676,0.0168258967245,1,0.4,45,18,10,3,20,0.00054276896072,0.000117238095515,0.00054276896072,0.00715006877236,0.013771569754,0.00543779410628,0.00054276896072,0.000117238095515,0.00054276896072,0.245687910694,0.47985919619,0.245687908449
6,0.11729850305,0.201138440269,0.00691080858429,0.0852130261551,0.0916272863486,0.0383587183699,0.0163121148578,0.0208128595709,0.149813764226,0.0194146401479,0.151039673293,0.102060165127,1,0.4,45,18,10,3,20,6.39110851544e-05,1.38047943934e-05,6.39110851544e-05,0.00896876058859,0.00420925722509,0.00173699031757,6.39110851544e-05,1.38047943934e-05,6.39110851544e-05,0.249119808926,0.486562122363,0.24911980665
7,0.285547817506,0.0635808296795,0.0308073203908,0.0123244668353,0.0192529625598,0.0494628434222,0.0262832554274,0.0262791773785,0.0300875634462,0.00291506209499,0.421500963236,0.031957738024,1,0.4,45,18,10,3,20,3.53710037395e-05,7.64013680774e-06,3.53710037395e-05,0.00255009644148,0.00086538777386,0.000729973891655,3.53710037395e-05,7.64013680774e-06,3.53710037395e-05,0.251876119374,0.491945541158,0.251876117073
8,0.195552034344,0.0251228716075,0.088153569562,0.0745354269517,0.00147391627381,0.0849802448385,0.0471500785278,0.0626093982638,0.184713473233,0.0446484943751,0.0722582936733,0.118802198349,1,0.4,45,18,10,3,20,0.000236767948842,5.11418769498e-05,0.000236767948842,0.0203784765909,0.00675132842992,0.00143542985743,0.000236767948842,5.11418769498e-05,0.000236767948842,0.245472990658,0.479439430499,0.245472988415
9,0.032407093652,0.231172628573,0.0115296246965,0.255602950694,0.130984971114,0.00380174013545,0.0101320037532,0.0134748988053,0.164941983103,0.0490559813028,0.00331999320834,0.0935761309627,1,0.4,45,18,10,3,20,0.00042245323562,9.12498988938e-05,0.00042245323562,0.0960702334161,0.000685481584972,0.0113933950917,0.00042245323562,9.12498988938e-05,0.00042245323562,0.225132922243,0.439712734738,0.225132920186
10,0.228941343792,0.00413749051745,0.0671382835401,0.0186825900992,0.108726920547,0.0469850651162,0.00859927499587,0.036400126623,0.0213570517593,0.0202999160515,0.0282842620839,0.410447674874,1,0.4,45,18,10,3,20,7.20277914563e-05,1.55580029546e-05,7.20277914563e-05,0.00768334547947,0.00142636426886,0.000352652503374,7.20277914563e-05,1.55580029546e-05,7.20277914563e-05,0.250490034425,0.489238344016,0.250490032136
11,0.035996217319,0.113186446532,0.10911634731,0.235093181073,0.116146063475,0.000110972178046,0.0070446280763,0.0976449371418,0.0547221532368,0.0631620788537,0.0574412956126,0.110335679191,1,0.4,45,18,10,3,20,0.000257531759817,5.56268601204e-05,0.000257531759817,0.0556786926769,0.0057425276805,0.00128453870073,0.000257531759817,5.56268601204e-05,0.000257531759817,0.236813373362,0.462526115622,0.236813371198
12,0.0083517344424,0.0576069422152,0.0804195824684,0.109421252657,0.0318695720173,0.00172350268203,0.0721746938079,0.0389527967071,0.0599539344064,0.0772109561374,0.282715421874,0.179599610585,1,0.4,45,18,10,3,20,1.65111122667e-06,3.56640024961e-07,1.65111122667e-06,8.24130223598e-07,1.94030111654e-05,8.66013095679e-07,1.65111122667e-06,3.56640024961e-07,1.65111122667e-06,0.252957241662,0.494057108107,0.252957239351
13,0.128019844532,0.249702357688,0.0435238712905,0.0793818247142,0.0446928807687,0.0245859983449,0.0197296140663,0.0442571112249,0.24650776886,0.0367113565399,0.0569032633968,0.0259841085737,1,0.4,45,18,10,3,20,0.000693154490958,0.000149721370047,0.000693154490958,0.043171407584,0.0157207281647,0.00595065331948,0.000693154490958,0.000149721370047,0.000693154490958,0.235784387438,0.460516377507,0.235784385283
14,0.136895530177,0.0273000568932,0.144828298379,0.149538427618,0.0185047711712,0.0951934667153,0.0643867172936,0.0430374947635,0.0137608167452,0.106384550136,0.0544843933134,0.145685476795,1,0.4,45,18,10,3,20,0.00017725588627,3.82872714344e-05,0.00017725588627,0.0124581704527,0.00176519446139,0.00237302079693,0.00017725588627,3.82872714344e-05,0.00017725588627,0.248567405004,0.485483208463,0.248567402733
15,0.104756903344,0.0308261687245,0.00470243283395,0.0305245636846,0.0325913268106,0.0788425331609,0.00340164298388,0.0144659645011,0.163267579208,0.165598770853,0.105068511871,0.265953602025,1,0.4,45,18,10,3,20,4.15052081306e-05,8.96512495622e-06,4.15052081306e-05,0.00444842159762,0.000649009909672,0.000422765220755,4.15052081306e-05,8.96512495622e-06,4.15052081306e-05,0.251521482112,0.491252890263,0.251521479814
16,0.0794189705093,0.0146867880742,0.0670453488466,0.0827791119162,0.177071462687,0.0144688697099,0.221513679548,0.167070240786,0.0525207285182,0.0677546643432,0.0330805595686,0.0225895754924,1,0.4,45,18,10,3,20,0.000487766776085,0.000105357623634,0.000487766776085,0.127218965689,0.0054299772046,0.00678643281063,0.000487766776085,0.000105357623634,0.000487766776085,0.217145384424,0.424112075079,0.217145382441
17,0.0427583981725,0.0194830082943,0.0612753045382,0.0464885684358,0.0242943984704,0.169782640341,0.00175199406043,0.116734158408,0.225447863751,0.0401137339777,0.245346047928,0.00652388362298,1,0.4,45,18,10,3,20,0.000104565821655,2.25862174774e-05,0.000104565821655,0.0298464311971,0.00321324196619,0.000753159976686,0.000104565821655,2.25862174774e-05,0.000104565821655,0.244293751837,0.477136229697,0.244293749605
18,0.113069821474,0.0563983803644,0.0370614201515,0.284314794086,0.197742832137,0.0954120608255,0.0666260795317,0.0676497124321,0.0232549695226,0.0103706022006,0.00590534025151,0.042193987024,1,0.4,45,18,10,3,20,0.00203875573589,0.000440371238953,0.00203875573589,0.0520388199764,0.0411578359873,0.0023295397036,0.00203875573589,0.000440371238953,0.00203875573589,0.226513971863,0.442410097254,0.226513969794
19,0.0588126285345,0.0791156200763,0.137283113268,0.140151442743,0.0355514873882,0.0493990264298,0.0161088775874,0.116189040633,0.000629519000254,0.0691685055137,0.28903517858,0.0085555602459,1,0.4,45,18,10,3,20,5.15108040795e-05,1.11263336812e-05,5.15108040795e-05,0.0116993969626,0.000933957012852,0.000736734300149,5.15108040795e-05,1.11263336812e-05,5.15108040795e-05,0.249524521125,0.48735257587,0.249524518845
20,0.0468758343284,0.265960679641,0.0729621359028,0.0788386005316,0.0988203653837,0.102067164388,0.0203893224306,0.102272775568,0.100817665443,0.0736838912999,0.0127786018902,0.0245329631935,1,0.4,45,18,10,3,20,0.000399314266814,8.62518816319e-05,0.000399314266814,0.00186369789834,0.0021871111151,0.0100721543333,0.000399314266814,8.62518816319e-05,0.000399314266814,0.248944134714,0.48621900867,0.248944132439
21,0.301514309166,0.0287068038856,0.207855128412,0.0828856113025,0.00337716029797,0.0413481819572,0.0363906974807,0.0846085540404,0.00440581725926,0.00411222754104,0.159624474374,0.045171034284,1,0.4,45,18,10,3,20,0.000299684956034,6.47319505034e-05,0.000299684956034,0.052418326871,0.00279874038206,0.00331410839918,0.000299684956034,6.47319505034e-05,0.000299684956034,0.237822134903,0.464496352989,0.23782213273
22,0.0772288150518,0.0394468175938,0.0170424715003,0.227245037942,0.0843527514812,0.0130256378709,0.0342220231261,0.0830699700298,0.0369552005239,0.19186657787,0.0212845927242,0.174260104285,1,0.4,45,18,10,3,20,0.000158862326458,3.43142625149e-05,0.000158862326458,0.00992830189446,0.00287852190703,0.000449585520761,0.000158862326458,3.43142625149e-05,0.000158862326458,0.249432921948,0.487173671229,0.249432919669
23,0.166314079848,0.0179048042061,0.0219133223506,0.0205963420481,0.0175499168005,0.156785811532,0.149303000335,0.0638203744457,0.203253230653,0.0199391050568,0.135841766586,0.0267782461379,1,0.4,45,18,10,3,20,0.000418596235857,9.04167869451e-05,0.000418596235857,0.0176038834314,0.00551473646854,0.00574395715452,0.000418596235857,9.04167869451e-05,0.000418596235857,0.245193918999,0.47889436867,0.245193916759
24,0.00156581728649,0.00903572996594,0.0424258502451,0.1669255449,0.00723330950229,0.0252658011802,0.0832550429176,0.0628647350556,0.0570439132589,0.232839740457,0.112846167678,0.198698347553,1,0.4,45,18,10,3,20,2.53169006242e-05,5.46845053483e-06,2.53169006242e-05,0.000927518138445,0.00126490749795,0.00013329991997,2.53169006242e-05,5.46845053483e-06,2.53169006242e-05,0.252347719019,0.492866634207,0.252347716714
25,0.00181623062278,0.050866859782,0.141216024436,0.111148105303,0.25390569819,0.16546364717,0.0695187493113,0.000965116794801,0.120316438345,0.0494291628149,0.0346978977503,0.000656069480187,1,0.4,45,18,10,3,20,0.000805151167664,0.000173912652215,0.000805151167664,0.0735238728917,0.0276385694826,0.00884281026713,0.000805151167664,0.000173912652215,0.000805151167664,0.224234326876,0.437957665679,0.224234324828
26,0.177692353454,0.012392221463,0.0159726189168,0.203542271415,0.162797700211,0.00471427741964,0.0806815752733,0.105415698553,0.00296796710915,0.0242894024744,0.0260627300467,0.183471183664,1,0.4,45,18,10,3,20,0.000416412694976,8.99451421149e-05,0.000416412694976,0.0235605082154,0.00503259570231,0.0024201941985,0.000416412694976,8.99451421149e-05,0.000416412694976,0.244652311126,0.477836540803,0.244652308891
27,0.0924601968268,0.187074438966,0.0237976968847,0.0573126823229,0.0663389038371,0.25525222438,0.0198984091152,0.0972511611317,0.0962414549464,0.0517679540747,0.0140554735582,0.0385494039568,1,0.4,45,18,10,3,20,0.00026224687179,5.66453243067e-05,0.00026224687179,0.157438619564,0.013117341667,0.000523812960096,0.00026224687179,5.66453243067e-05,0.00026224687179,0.209393316256,0.408971317075,0.209393314343
28,0.0837888754853,0.021773464284,0.0877144179453,0.0491419965566,0.168264857108,0.152639486846,0.00921011984925,0.127286533153,0.15979949072,0.0458608699672,0.0882698837609,0.00625000432362,1,0.4,45,18,10,3,20,0.000386400280402,8.34624605669e-05,0.000386400280402,0.0865422932371,0.00628941530071,0.00633129796157,0.000386400280402,8.34624605669e-05,0.000386400280402,0.227446507154,0.444231455227,0.227446505076
29,0.129695324314,0.185502042595,0.0709180844535,0.197986983157,0.0483021358159,0.0911279293651,0.0744893902046,0.0828726218488,0.0066664534714,0.0651987925449,0.0244150256244,0.0228252166055,1,0.4,45,18,10,3,20,0.000297328568517,6.42229707996e-05,0.000297328568517,0.169226213837,0.00708601558627,0.00104058772595,0.000297328568517,6.42229707996e-05,0.000297328568517,0.207767128092,0.405795168348,0.207767126194
30,0.051320597848,0.042463276925,0.000500471949927,0.0934964410179,0.154028821183,0.0227308444009,0.0826650927164,0.0289229790238,0.177520975233,0.241209569842,0.0303111551305,0.0748297747297,1,0.4,45,18,10,3,20,9.31359421591e-05,2.01173635064e-05,9.31359421591e-05,0.0132884507182,0.00123286571278,0.00318953030176,9.31359421591e-05,2.01173635064e-05,9.31359421591e-05,0.248379796104,0.485116784833,0.248379793835
31,0.039556301849,0.094471791794,0.238656896809,0.0584796035352,0.0371530650315,0.0245352754131,0.223246547011,0.0640545766742,0.0588854057864,0.0239964747058,0.0732058023628,0.0637582590275,1,0.4,45,18,10,3,20,0.000375155787127,8.10336500195e-05,0.000375155787127,0.0929039625858,0.00508645092786,0.00199527595812,0.000375155787127,8.10336500195e-05,0.000375155787127,0.227251004259,0.443849613638,0.227251002183
32,0.0264256609912,0.0756889880523,0.112781316742,0.0554185681588,0.029181348448,0.140562758011,0.0376227778791,0.0129468445637,0.125805040882,0.0497166710379,0.0747645235421,0.259085501693,1,0.4,45,18,10,3,20,5.43936794159e-05,1.17490347538e-05,5.43936794159e-05,0.0110806075935,0.00312009519187,0.000254128820383,5.43936794159e-05,1.17490347538e-05,5.43936794159e-05,0.249246887546,0.486810322791,0.249246885269
33,0.142326828641,0.130500138147,0.0603454058457,0.0722875926936,0.212299472278,0.0899286074099,0.0698826137016,0.0426072147791,0.0357119106109,0.0599960210514,0.0490033064018,0.0351108884408,1,0.4,45,18,10,3,20,0.000466173071544,0.000100693383453,0.000466173071544,0.0659794842881,0.00221926215011,0.0140695285817,0.000466173071544,0.000100693383453,0.000466173071544,0.231630836914,0.452403974215,0.231630834798
34,0.0124112064767,0.0544764958507,0.106129707077,0.0252357971562,0.109531371902,0.207587781667,0.291195332879,0.000690340341943,0.0456804456505,0.00216564235646,0.00744467310368,0.137451205539,1,0.4,45,18,10,3,20,0.000421265484883,9.09933447348e-05,0.000421265484883,0.0707225241679,0.00682034610205,0.00672883097149,0.000421265484883,9.09933447348e-05,0.000421265484883,0.231174388962,0.451512474317,0.23117438685
35,0.0603751585785,0.145041418035,0.192409147111,0.0862010533758,0.0535832368158,0.080249418257,0.084057023324,0.114334096879,0.0606248617784,0.0576061449789,0.0327618109166,0.0327566299502,1,0.4,45,18,10,3,20,0.000385701193123,8.33114577145e-05,0.000385701193123,0.0948085338839,0.00530249861423,0.00705905592933,0.000385701193123,8.33114577145e-05,0.000385701193123,0.225421784023,0.440276917898,0.225421781964
36,0.132532494039,0.205805588306,0.0129453183305,0.0502894821145,0.000993268025154,0.0464614660398,0.210264481212,0.0359450297018,0.0197275346897,0.0531766117655,0.0725939020594,0.159264823717,1,0.4,45,18,10,3,20,0.000151794393553,3.27875890074e-05,0.000151794393553,0.0245373198848,0.00141291848115,0.00106519373139,0.000151794393553,3.27875890074e-05,0.000151794393553,0.245960302744,0.480391211909,0.245960300497
37,0.0565985443331,0.00992567808453,0.0036704312808,0.050718424694,0.105379121772,0.396571803326,0.171600878497,0.10707361082,0.00277911484775,0.0214369229985,0.0646887924042,0.00955667694184,1,0.4,45,18,10,3,20,0.00169595824045,0.000366326979936,0.00169595824045,0.0820242368835,0.0138518672943,0.00766754483485,0.00169595824045,0.000366326979936,0.00169595824045,0.224870164777,0.439199536567,0.224870162722
38,0.0364245621583,0.215206837091,0.0311002108697,0.0464770750958,0.0542794607591,0.00278457009687,0.119921711228,0.012406257614,0.426156880613,0.0062182022709,0.00962290349596,0.0394013287084,1,0.4,45,18,10,3,20,0.00128924255777,0.000278476392478,0.00128924255777,0.0476500901083,0.0567464528936,0.00698621810538,0.00128924255777,0.000278476392478,0.00128924255777,0.223343132813,0.436217052291,0.223343130773
39,0.0093671803076,0.178059265312,0.0608881154519,0.13309755257,0.12040117826,0.0224864172484,0.0799173683075,0.243273131508,0.0261815638226,0.0421505057516,0.0705895205667,0.0135882008944,1,0.4,45,18,10,3,20,0.000730209367778,0.00015772522344,0.000730209367778,0.120836311823,0.00441042442154,0.00643048174203,0.000730209367778,0.00015772522344,0.000730209367778,0.218836110672,0.427414274751,0.218836108673
40,0.112364335493,0.0310152047136,0.0341236342396,0.234158157232,0.00675704571993,0.0445452011651,0.0161447899453,0.0705292865862,0.0778633437009,0.203331584412,0.0867607094649,0.0824067073276,1,0.4,45,18,10,3,20,0.000126826497842,2.73945235338e-05,0.000126826497842,0.0202531365805,0.00156953222137,0.00218931529408,0.000126826497842,2.73945235338e-05,0.000126826497842,0.246748060717,0.481929801685,0.246748058463
41,0.14230847754,0.0227965166154,0.000552104728555,0.163553836826,0.0150444370998,0.00984182172826,0.0073376373735,0.0142366983408,0.0366170801792,0.307636893221,0.252504785261,0.0275697110864,1,0.4,45,18,10,3,20,5.2369314659e-05,1.13117719663e-05,5.2369314659e-05,0.00399321412241,0.000959822769335,0.000573038653431,5.2369314659e-05,1.13117719663e-05,5.2369314659e-05,0.251507814814,0.491226196321,0.251507812517
42,0.0975391239383,0.0454424526559,0.0209336667782,0.0753757507705,0.216060142979,0.354157021817,0.0445644687128,0.0836539101006,0.0165085120569,0.0198329282672,0.00798858672889,0.0179434351951,1,0.4,45,18,10,3,20,0.000975031295142,0.000210606759751,0.000975031295142,0.209771183713,0.0523231036059,0.00784536926562,0.000975031295142,0.000210606759751,0.000975031295142,0.183586152643,0.358566701106,0.183586150966
43,0.0313319934521,0.0675573825248,0.00111860426378,0.0796776654486,0.0826026587631,0.0431210516117,0.047010851654,0.0273972553702,0.065318901215,0.248542837527,0.0571579707739,0.249162827396,1,0.4,45,18,10,3,20,5.61425989165e-05,1.2126801366e-05,5.61425989165e-05,0.00625843005212,0.000772565876068,0.000829333733124,5.61425989165e-05,1.2126801366e-05,5.61425989165e-05,0.250913101182,0.490064646269,0.25091309889
44,0.0422394626705,0.0128449089002,0.044703080712,0.16956159015,0.0675679396268,0.209709039685,0.0670401030127,0.0324190810002,0.131672236693,0.184052309857,0.0301831739981,0.00800707369365,1,0.4,45,18,10,3,20,0.000313980311044,6.78197471854e-05,0.000313980311044,0.0362608354482,0.00327393566364,0.00595211481996,0.000313980311044,6.78197471854e-05,0.000313980311044,0.241105849128,0.470909857276,0.241105846925
45,0.00850775061481,0.0318309650649,0.0845610461348,0.0686373172904,0.0328910476338,0.139744139748,0.149348184101,0.0379051044257,0.0668671034392,0.220662643141,0.0324915273721,0.126553171034,1,0.4,45,18,10,3,20,8.26401875813e-05,1.78502805176e-05,8.26401875813e-05,0.00158952149671,0.00129735059748,0.000669527589596,8.26401875813e-05,1.78502805176e-05,8.26401875813e-05,0.251972134907,0.492133071493,0.251972132605
46,0.0253401592756,0.285211001686,0.0467459050665,0.0544435404302,0.00101575421627,0.0980539463478,0.00267737816553,0.0231450668113,0.128715882676,0.145864917683,0.0413004271891,0.147486020453,1,0.4,45,18,10,3,20,0.000111210080024,2.40213772852e-05,0.000111210080024,0.00228256435409,0.00203923245757,0.000289910708718,0.000111210080024,2.40213772852e-05,0.000111210080024,0.251673148761,0.491549114183,0.251673146461
47,0.0553387883557,0.139615953239,0.117985829103,0.0857175398542,0.0314839262806,0.0560684282322,0.0114368188755,0.031107532137,0.129060681883,0.0226444572319,0.276007080776,0.0435329640325,1,0.4,45,18,10,3,20,5.67535771152e-05,1.22587726569e-05,5.67535771152e-05,0.0172281445672,0.00332217354043,0.000561098423565,5.67535771152e-05,1.22587726569e-05,5.67535771152e-05,0.247560362572,0.483516328732,0.247560360311
48,0.0269646560658,0.0514382620816,0.00103326481476,0.0889222016003,0.119755655282,0.0862172849658,0.0679273221937,0.223884950557,0.0272105604896,0.069669974648,0.0801385551391,0.156837312162,1,0.4,45,18,10,3,20,0.000222634063844,4.80889577903e-05,0.000222634063844,0.0111603631686,0.00283299005183,0.000732381694242,0.000222634063844,4.80889577903e-05,0.000222634063844,0.248989737899,0.486308077391,0.248989735624
49,0.0185587552148,0.366573705599,0.144291566982,0.00920780839523,0.0173370458385,0.16905901366,0.0203304735851,0.006845571994,0.0670155788612,0.0228330333194,0.0975303931973,0.0604170533532,1,0.4,45,18,10,3,20,0.000243812795564,5.26635638417e-05,0.000243812795564,0.0264748655527,0.00186409301952,0.000997318552259,0.000243812795564,5.26635638417e-05,0.000243812795564,0.245270046149,0.479043054508,0.245270043908
50,0.0568030348982,0.120899761767,0.10536726881,0.018499592167,0.0696817785366,0.0054869126058,0.00314697839726,0.240881883764,0.133642727003,0.0087041238085,0.0672528194165,0.169633118827,1,0.4,45,18,10,3,20,0.000156358739514,3.37734877351e-05,0.000156358739514,0.0335579259843,0.00373539430304,0.00060391758044,0.000156358739514,3.37734877351e-05,0.000156358739514,0.243202475702,0.475004831016,0.24320247348
51,0.025580430022,0.016208412126,0.0941171054299,0.155043697475,0.0561283365106,0.0600804893339,0.0861546445638,0.0572348485552,0.0580233388087,0.142934690549,0.0315185408873,0.216975465739,1,0.4,45,18,10,3,20,5.07342619694e-05,1.09586005854e-05,5.07342619694e-05,0.00323355926924,0.00289325512435,0.000387263292229,5.07342619694e-05,1.09586005854e-05,5.07342619694e-05,0.251259718538,0.490741633285,0.251259716242
52,0.126845483209,0.0194871289826,0.176200239459,0.0165046922214,0.0459514485804,0.0283672248417,0.00692797481015,0.186699139679,0.040485283616,0.203638944993,0.0291005045471,0.119791935061,1,0.4,45,18,10,3,20,0.000113239782188,2.44597929527e-05,0.000113239782188,0.0116762902111,0.000783965680502,0.00252791283032,0.000113239782188,2.44597929527e-05,0.000113239782188,0.249045997605,0.486417959628,0.24904599533
53,0.0601536654243,0.00592633889475,0.11418426132,0.120455139411,0.000936887746646,0.0271662923633,0.0898010970051,0.122631627209,0.152220147369,0.0860378656167,0.14452044149,0.0759662361504,1,0.4,45,18,10,3,20,4.37518200153e-05,9.4503931233e-06,4.37518200153e-05,0.000625248491593,0.00214761656917,0.000134365857935,4.37518200153e-05,9.4503931233e-06,4.37518200153e-05,0.252179950753,0.492538961814,0.252179948449
54,0.228210963952,0.010157473361,0.12269198977,0.00129946607743,0.0430118234303,0.0405872205325,0.032185154706,0.0546335574441,0.059389061081,0.253290675852,0.14026490837,0.0142777054233,1,0.4,45,18,10,3,20,8.95379754334e-05,1.93402026936e-05,8.95379754334e-05,0.0107555442292,0.00163662791006,0.000251149761288,8.95379754334e-05,1.93402026936e-05,8.95379754334e-05,0.249665733446,0.487628381181,0.249665731165
55,0.0598611263603,0.163128567632,0.173899476232,0.0993824978836,0.00231727810461,0.0674154937018,0.0295739341065,0.270900461315,0.0356246187761,0.03957168983,0.0273368287069,0.0309880273516,1,0.4,45,18,10,3,20,0.000691343496441,0.000149330195231,0.000691343496441,0.0947466130851,0.0199442873947,0.00664415997184,0.000691343496441,0.000149330195231,0.000691343496441,0.221495882662,0.432609141872,0.221495880638
56,0.130343899297,0.134836773597,0.0226434457468,0.102937996208,0.115603469239,0.0683544480658,0.127409133807,0.015303098388,0.0737168526391,0.0676910796198,0.0357781022643,0.10538170113,1,0.4,45,18,10,3,20,9.72543276729e-05,2.10069347773e-05,9.72543276729e-05,0.0230393258512,0.00677603323377,0.00122895938583,9.72543276729e-05,2.10069347773e-05,9.72543276729e-05,0.245002284764,0.478520083059,0.245002282526
57,0.128295161119,0.00146576058036,0.0484926799583,0.045549549927,0.0884266069937,0.108627891309,0.0267890170694,0.0289120652559,0.276631583667,0.115068431642,0.114289896282,0.0174513561969,1,0.4,45,18,10,3,20,0.000229441736254,4.95594150308e-05,0.000229441736254,0.0356846487712,0.0020482051873,0.00150789246129,0.000229441736254,4.95594150308e-05,0.000229441736254,0.242780679679,0.474181010666,0.242780677461
58,0.229984438528,0.0379656795767,0.0381936592972,0.0203893365563,0.0143841885772,0.047582189983,0.0143967214224,0.27670236892,0.0952215248271,0.048447071572,0.0842054680622,0.0925273526776,1,0.4,45,18,10,3,20,0.000375426377931,8.1092097633e-05,0.000375426377931,0.0221185402038,0.00462531854715,0.00224032926885,0.000375426377931,8.1092097633e-05,0.000375426377931,0.245211555134,0.478928814245,0.245211552894
59,0.112396906794,0.167946864686,0.013389421708,0.194630899626,0.0994191120379,0.167942331361,0.0596799455545,0.0409696154476,0.0279950478709,0.0211777923391,0.0220329716447,0.0724190909307,1,0.4,45,18,10,3,20,0.000802309851388,0.0001732989279,0.000802309851388,0.0378764013732,0.0116137580013,0.0118012148873,0.000802309851388,0.0001732989279,0.000802309851388,0.236560390794,0.462032009049,0.236560388633
60,0.0467185249525,0.036599032596,0.154890294249,0.0528494955542,0.00860105851325,0.0591669375738,0.193619405409,0.0188313618356,7.83893885677e-06,0.163287265548,0.253155453694,0.0122733311354,1,0.4,45,18,10,3,20,2.02645482431e-05,4.3771424205e-06,2.02645482431e-05,0.0135519342543,0.000506954876574,0.000409119762114,2.02645482431e-05,4.3771424205e-06,2.02645482431e-05,0.249281817639,0.486878545628,0.249281815362
61,0.0327095583265,0.149357881543,0.169920993628,0.00384340262118,0.0443058563471,0.0885396371631,0.0432269284393,0.246866264296,0.096794526583,0.0672119096182,0.03836372406,0.0188593173738,1,0.4,45,18,10,3,20,0.000483703721645,0.000104480003875,0.000483703721645,0.0581828120947,0.0113788180338,0.00415630459288,0.000483703721645,0.000104480003875,0.000483703721645,0.233774114578,0.456590063364,0.233774112442
62,0.0603992065445,0.0961803853682,0.127803442761,0.00226341540006,0.108028887078,0.135494460533,0.0785082113039,0.235514099899,0.046351550968,0.0546524456574,0.0278417006889,0.0269621937989,1,0.4,45,18,10,3,20,0.000601657577703,0.000129958036784,0.000601657577703,0.0067933580776,0.0146663093616,0.00106540057222,0.000601657577703,0.000129958036784,0.000601657577703,0.246591846263,0.481624695332,0.24659184401
63,0.0581516487083,0.0198903933435,0.0626491108968,0.0279373320808,0.242084426747,0.00807854652968,0.0874525062313,0.0736284830903,0.0709864897107,0.0695820700289,0.199056313515,0.080502679118,1,0.4,45,18,10,3,20,5.61100810713e-05,1.21197775114e-05,5.61100810713e-05,0.00133636522948,0.00226824322276,0.000156157914409,5.61100810713e-05,1.21197775114e-05,5.61100810713e-05,0.251950181325,0.492090193405,0.251950179023
64,0.0525169298984,0.0199835065731,0.146117125569,0.0210089785352,0.0637655233859,0.0106709087554,0.106347389889,0.126343484499,0.0211535669665,0.0366438143023,0.217643997603,0.177804774023,1,0.4,45,18,10,3,20,3.109120248e-05,6.71569973567e-06,3.109120248e-05,0.000718457291094,0.000596468886486,0.000672008348924,3.109120248e-05,6.71569973567e-06,3.109120248e-05,0.252426947307,0.493021376955,0.252426945001
65,0.0110870677403,0.0454358471129,0.0605313447623,0.204841275735,0.0723700403866,0.0233004653641,0.094052246676,0.174317460307,0.00162516970895,0.0905978312647,0.198920980774,0.0229202701686,1,0.4,45,18,10,3,20,7.07282456709e-05,1.52773010649e-05,7.07282456709e-05,0.0315711446233,0.00244023859027,0.000844298217789,7.07282456709e-05,1.52773010649e-05,7.07282456709e-05,0.244067884919,0.476695083376,0.244067882689
66,0.0378457757647,0.013050750738,0.178686485946,0.131826893148,0.0262719868523,0.117022013325,0.0649611457858,0.199132074001,0.0364937102855,0.121504446357,0.0371627510223,0.0360419667753,1,0.4,45,18,10,3,20,0.00060089850231,0.000129794076499,0.00060089850231,0.032857510147,0.00341586595909,0.00234473176316,0.00060089850231,0.000129794076499,0.00060089850231,0.242521730659,0.473675250866,0.242521728443
67,0.117359723034,0.0803244309149,0.130781776579,0.00137353299432,0.0747352398656,0.0781568969633,0.0422855157055,0.0412311174635,0.215505996778,0.0507746709312,0.049156070733,0.118315028038,1,0.4,45,18,10,3,20,0.000118292035695,2.555107971e-05,0.000118292035695,0.060053855664,0.001478107186,0.00116858152622,0.000118292035695,2.555107971e-05,0.000118292035695,0.236970799485,0.462833588516,0.23697079732
68,0.0103106884864,0.00165231226315,0.0462919821778,0.142245856285,0.051018523232,0.165559274908,0.154644615485,0.161702035297,0.00879887888764,0.191530504317,0.0163028020038,0.0499425266567,1,0.4,45,18,10,3,20,0.000121047604674,2.61462826096e-05,0.000121047604674,0.00165323485263,0.00214778089183,0.00151372664387,0.000121047604674,2.61462826096e-05,0.000121047604674,0.251484276721,0.491180223483,0.251484274423
69,0.225881537739,0.000963974280875,0.150349566115,0.0301201010306,0.053384664324,0.184561815189,0.131232140213,0.0121878175992,0.114498932243,0.0237682968718,0.0181395007472,0.0549116536469,1,0.4,45,18,10,3,20,0.000822232178065,0.000177602150462,0.000822232178065,0.0599285534018,0.0200399828954,0.00524616087094,0.000822232178065,0.000177602150462,0.000822232178065,0.230486305401,0.450168561123,0.230486303295
70,0.258180546353,0.245588655699,0.105561257511,0.0540457738117,0.0260981843723,0.0142096396277,0.0651644240253,0.0222921829941,0.0332329762733,0.0181982190935,0.0913453685917,0.0660827716477,1,0.4,45,18,10,3,20,0.000233396719223,5.04136913523e-05,0.000233396719223,0.0719578921895,0.00759410537446,0.00203969463855,0.000233396719223,5.04136913523e-05,0.000233396719223,0.232062962795,0.453247970068,0.232062960675
71,0.231931842498,0.014023650003,0.0210155996904,0.0917481049587,0.0026374111258,0.0373187655277,0.254154811112,0.0355719513782,0.265159012775,0.0318508977456,0.00992259105426,0.00466536213189,1,0.4,45,18,10,3,20,0.00292194290102,0.00063113966662,0.00292194290102,0.0830586271083,0.0464871065246,0.0302352346768,0.00292194290102,0.00063113966662,0.00292194290102,0.209269625018,0.408729732629,0.209269623106
72,0.0621012168311,0.0776717127577,0.201883265357,0.126933796998,0.106506556842,0.0216175797504,0.0165426067547,0.0104655108518,0.0337205934703,0.0020475295699,0.172846332285,0.167663298533,1,0.4,45,18,10,3,20,0.000236405763904,5.10636450033e-05,0.000236405763904,0.00891135032246,0.0018118375664,0.000972535832582,0.000236405763904,5.10636450033e-05,0.000236405763904,0.249740782968,0.487774962278,0.249740780686
73,0.039630569289,0.142063173422,0.267924078251,0.0834007603909,0.0260224195696,0.0795512155754,0.175431826694,0.0536490834963,0.0138650555473,0.0122122774764,0.0911193765686,0.0151301637196,1,0.4,45,18,10,3,20,0.000671710038472,0.00014508936831,0.000671710038472,0.0667984187985,0.0102874031853,0.00834524992206,0.000671710038472,0.00014508936831,0.000671710038472,0.230600326432,0.450391258447,0.230600324325
74,0.0472851121645,0.136210687782,0.0391577668451,0.107247522241,0.0480155456055,0.0685582572893,0.0395837777534,0.0362550097165,0.162134705453,0.100442470229,0.206205090132,0.00890405478895,1,0.4,45,18,10,3,20,7.52685116205e-05,1.625799851e-05,7.52685116205e-05,0.00198744542826,0.00125833751449,0.00177133629692,7.52685116205e-05,1.625799851e-05,7.52685116205e-05,0.251610889488,0.491427514041,0.251610887189
75,0.00255029668296,0.0547764015961,0.0800240733007,0.107021682205,0.151468551029,0.236232262696,0.0476298591397,0.0494716480711,0.0365490319903,0.190081327021,0.0436479901099,0.000546876158155,1,0.4,45,18,10,3,20,0.000336826951112,7.27546214401e-05,0.000336826951112,0.0126707940095,0.00421556494256,0.00192565580328,0.000336826951112,7.27546214401e-05,0.000336826951112,0.247828028429,0.484039113603,0.247828026165
76,0.146159481369,0.0191213447402,0.0062497949464,0.0304801844448,0.0115374270921,0.00284747592908,0.113696350297,0.145196685887,0.0225284916914,0.285048676133,0.121581565283,0.0955525221866,1,0.4,45,18,10,3,20,2.67838872722e-05,5.7853196508e-06,2.67838872722e-05,0.00305998464636,0.000978856956517,0.000296696277428,2.67838872722e-05,5.7853196508e-06,2.67838872722e-05,0.251837663298,0.491870431636,0.251837660997
77,0.124439593653,0.00313083875389,0.0161816114487,0.131556950902,0.0428451177463,0.0356319328561,0.00251950565813,0.0829006374464,0.0635665372104,0.360421367756,0.0212438430383,0.115562063531,1,0.4,45,18,10,3,20,2.64975229151e-05,5.72346494965e-06,2.64975229151e-05,0.000348178696447,0.000544474553061,0.000266335947011,2.64975229151e-05,5.72346494965e-06,2.64975229151e-05,0.252641538175,0.49344049974,0.252641535867
78,0.0714343007581,0.252333515922,0.104676331034,0.0212253413732,0.0298438001045,0.0528069678755,0.134206481847,0.206503369552,0.0761932700384,0.0352390729581,0.00774556844638,0.00779198009154,1,0.4,45,18,10,3,20,1.57657158033e-05,3.40539461351e-06,1.57657158033e-05,6.8609452189e-05,0.000465012686908,0.000210494939156,1.57657158033e-05,3.40539461351e-06,1.57657158033e-05,0.252758517904,0.493668975771,0.252758515595
79,0.306275649615,0.0249107077355,0.0101556390231,0.0165065916445,0.0126972898421,0.188234248493,0.0293088567676,0.0891408279349,0.0939891533481,0.0271150416323,0.128214803561,0.0734511904029,1,0.4,45,18,10,3,20,0.00039769053217,8.59011549488e-05,0.00039769053217,0.0173021338031,0.00111406190113,0.00577232945699,0.00039769053217,8.59011549488e-05,0.00039769053217,0.246399726052,0.481249460548,0.246399723801
80,0.0102958990533,0.0010599489107,0.00713232717782,0.0241526241771,0.336808058656,0.120272776928,0.0626155077522,0.15433669105,0.0402990585676,0.0518573080584,0.0541231032156,0.137046696453,1,0.4,45,18,10,3,20,0.000153692086597,3.31974907048e-05,0.000153692086597,0.0235390323864,0.00619709919189,0.00177304690761,0.000153692086597,3.31974907048e-05,0.000153692086597,0.244821417181,0.478166826062,0.244821414944
81,0.0121539726156,0.00228132167286,0.0475680664315,0.137459591931,0.188495607901,0.0407960375287,0.177205281502,0.0216712218829,0.0682857167228,0.085815450539,0.0143617048503,0.203906026423,1,0.4,45,18,10,3,20,0.000115032603541,2.48470423648e-05,0.000115032603541,0.00452784261408,0.00326847634227,0.00118801040086,0.000115032603541,2.48470423648e-05,0.000115032603541,0.250562745399,0.489380357636,0.250562743109
82,0.020946302497,0.019581303356,0.0797240861989,0.029491343009,0.295126563668,0.0492321907641,0.21227191334,0.110797639417,0.111965467252,0.0326456929614,0.00337323694982,0.0348442605873,1,0.4,45,18,10,3,20,0.00057856022153,0.00012496900785,0.00057856022153,0.169612904123,0.0169435196092,0.00394422209884,0.00057856022153,0.00012496900785,0.00057856022153,0.204125895532,0.398683386068,0.204125893667
83,0.258865587684,0.0211882211506,0.0773235689035,0.0512725952064,0.0605805885123,0.249220473158,0.0426978499309,0.0283943476893,0.0789688055935,0.0778007789522,0.0129881328183,0.0406990504005,1,0.4,45,18,10,3,20,0.000543350802745,0.000117363773393,0.000543350802745,0.0500222214402,0.0041483071581,0.0156067060367,0.000543350802745,0.000117363773393,0.000543350802745,0.234704098894,0.458406438964,0.23470409675
84,0.0251647433078,0.0979133398266,0.107401050352,0.000697274349508,0.0840417686608,0.00747392309668,0.362926079076,0.047141994095,0.0233197837869,0.172958456971,0.0210734355689,0.0498881509084,1,0.4,45,18,10,3,20,0.000240064583651,5.18539500686e-05,0.000240064583651,0.00585423288933,0.00192303464381,0.00252988405386,0.000240064583651,5.18539500686e-05,0.000240064583651,0.250087940282,0.4884530039,0.250087937997
85,0.0101001636588,0.00331583092721,0.116624714815,0.0159678204137,0.09910234146,0.00944543364172,0.0970895382109,0.368520355715,0.165346593999,0.0802004461011,0.0157153042607,0.0185714567969,1,0.4,45,18,10,3,20,0.000505484226401,0.000109184592903,0.000505484226401,0.11890273258,0.00908852956186,0.00247654613484,0.000505484226401,0.000109184592903,0.000505484226401,0.219393996282,0.428503895073,0.219393994277
86,0.107110089202,0.11203232298,0.0198594730611,0.0579216166894,0.22049603647,0.0727631927614,0.0190207146429,0.019518843379,0.168244654665,0.163704783505,0.0168749800582,0.0224532925859,1,0.4,45,18,10,3,20,0.000342945834796,7.40763003159e-05,0.000342945834796,0.0446570187024,0.00163052033576,0.00832296117762,0.000342945834796,7.40763003159e-05,0.000342945834796,0.238765424895,0.466338716237,0.238765422713
87,0.0456362319701,0.00888275991545,0.220756307297,0.288881118947,0.0313213825174,0.0207126550941,0.036010169012,0.0871861654144,0.0219683574383,0.0585283096442,0.113603789803,0.0665127529475,1,0.4,45,18,10,3,20,0.000358933892674,7.75297208176e-05,0.000358933892674,0.0236843015735,0.0055160420567,0.00128174715155,0.000358933892674,7.75297208176e-05,0.000358933892674,0.244851129375,0.478224857692,0.244851127138
88,0.0241797583274,0.0886261448291,0.264617147011,0.0465305247302,0.113356422641,0.00543644563556,0.0878992096248,0.0960139882415,0.0242836000272,0.0992960745458,0.101632382692,0.0481283016943,1,0.4,45,18,10,3,20,0.000247080642234,5.33694187226e-05,0.000247080642234,0.0166640105932,0.00347707216263,0.00128541331045,0.000247080642234,5.33694187226e-05,0.000247080642234,0.247267275687,0.482943893413,0.247267273428
89,0.0863115686067,0.0885390519852,0.0363520845054,0.0375877384123,0.0943301884225,0.0478679884893,0.122232420629,0.173993890327,0.252658265243,0.00970433086293,0.0248621296142,0.0255603429019,1,0.4,45,18,10,3,20,0.00278704239257,0.000602001156794,0.00278704239257,0.0777117121712,0.00983824041287,0.0387037711139,0.00278704239257,0.000602001156794,0.00278704239257,0.217902067427,0.425589971555,0.217902065436
90,0.215003657039,0.0362100484247,0.041427342538,0.102854945979,0.00727412246565,0.0342625641909,0.0487145666829,0.0744793867841,0.159330037052,0.117952414814,0.0505296234722,0.111961290558,1,0.4,45,18,10,3,20,0.000158898055251,3.43219799342e-05,0.000158898055251,0.00317155270286,0.00261116738686,0.000903477011122,0.000158898055251,3.43219799342e-05,0.000158898055251,0.251094911872,0.490419745269,0.251094909578
91,0.0941142079132,0.0606888838508,0.0121024333885,0.0531073662112,0.204538729066,0.191730003505,0.000839982786391,0.00859761040496,0.0641272390922,0.150034384889,0.031344040341,0.128775118551,1,0.4,45,18,10,3,20,0.000213647791773,4.6147923023e-05,0.000213647791773,0.0219239687437,0.00263957361215,0.00139767904408,0.000213647791773,4.6147923023e-05,0.000213647791773,0.246157634334,0.480776625167,0.246157632085
92,0.0652404129638,0.159661701778,0.0646618095542,0.0424878971897,0.00710162447507,0.12172737569,0.17420391826,0.0951544803927,0.0637660892625,0.156509576715,0.0425066134274,0.00697850029195,1,0.4,45,18,10,3,20,0.00013241596611,2.86018486798e-05,0.00013241596611,0.00936232614379,0.00777183612432,0.00185983449794,0.00013241596611,2.86018486798e-05,0.00013241596611,0.248011166448,0.484396805043,0.248011164182
93,0.0156743857246,0.00394537100361,0.108555661989,0.0710799440382,0.0711931825999,0.111593895892,0.135559039044,0.00470438524515,0.10520376602,0.0251524920986,0.286679388228,0.060658488117,1,0.4,45,18,10,3,20,7.22335302506e-05,1.56024425341e-05,7.22335302506e-05,0.0215435657571,0.00290632401958,0.000760956194708,7.22335302506e-05,1.56024425341e-05,7.22335302506e-05,0.246505997577,0.48145702212,0.246505995325
94,0.119321157526,0.0401157229705,0.180132687772,0.0141868019441,0.0408482350522,0.00483875532837,0.104830448184,0.0504087286377,0.127897670864,0.0488138090951,0.155675510607,0.112930472021,1,0.4,45,18,10,3,20,0.000205741789863,4.44402266104e-05,0.000205741789863,0.0123849549182,0.00243395759113,0.00169634621615,0.000205741789863,4.44402266104e-05,0.000205741789863,0.248555990607,0.485460914719,0.248555988336
