run_ID,t1_initial,t2_initial,t3_initial,t4_initial,t5_initial,t6_initial,t7_initial,t8_initial,t9_initial,t10_initial,t11_initial,t12_initial,alpha,prior_cost_c,lambda,k,sample_amount,learning_parameter,generations,t1_final,t2_final,t3_final,t4_final,t5_final,t6_final,t7_final,t8_final,t9_final,t10_final,t11_final,t12_final
0,0.033061433143,0.037944000529,0.126062058686,0.0482522142106,0.459628071954,0.0837148023579,0.025763303739,0.0312919312099,0.0113249940476,0.0201191320663,0.0788717135973,0.04396634446,1,0.4,50,16,10,3,20,0.000276311520706,5.96832884724e-05,0.000276311520706,0.00299191814174,0.00645476758962,0.00302341557441,0.000276311520706,5.96832884724e-05,0.000276311520706,0.249500151532,0.487304983136,0.249500151366
1,0.00406458735088,0.0834369165973,0.0138871286954,0.0170382153744,0.0152962761366,0.110498601984,0.0801354068822,0.27484865643,0.0366871804346,0.0124393872136,0.3113711018,0.0402965411011,1,0.4,50,16,10,3,20,0.000141929093581,3.06566842134e-05,0.000141929093581,0.00567372488328,0.000589089815628,0.00125993946393,0.000141929093581,3.06566842134e-05,0.000141929093581,0.250902315659,0.490043584944,0.250902315491
2,0.0243267166841,0.00106931285348,0.0271364759883,0.0458805286793,0.104846850515,0.0874545177517,0.0486924010743,0.0616869056312,0.0289448397019,0.0702579358639,0.0005299213122,0.499173593945,1,0.4,50,16,10,3,20,2.73157152748e-05,5.90019449935e-06,2.73157152748e-05,0.000914587714553,0.000557012392862,0.000425933556197,2.73157152748e-05,5.90019449935e-06,2.73157152748e-05,0.252453793792,0.493073815671,0.252453793624
3,0.118478509993,0.0158752928896,0.25473942574,0.079769299492,0.0105009203788,0.106798183002,0.0468920301846,0.216772443969,0.0233080781758,0.0236504267213,0.0534806334647,0.0497347559889,1,0.4,50,16,10,3,20,0.000477167293988,0.000103068135501,0.000477167293988,0.017118616501,0.0114945751231,0.00578909445738,0.000477167293988,0.000103068135501,0.000477167293988,0.243726901869,0.476029104896,0.243726901707
4,0.0977051572511,0.0290593828774,0.145425599632,0.166832427006,0.0242925813924,0.0432842673023,0.0904628464557,0.0478290444697,0.241102696607,0.0159530050908,0.0565941349376,0.0414588569775,1,0.4,50,16,10,3,20,0.00100794700969,0.000217716554093,0.00100794700969,0.0837899518929,0.00481303260338,0.0121804608301,0.00100794700969,0.000217716554093,0.00100794700969,0.226339752467,0.442069828743,0.226339752316
5,0.139850416037,0.32531977068,0.00368590069794,0.0561704345936,0.0707446751434,0.0215220153325,0.0491509392565,0.00510579914664,0.130166865924,0.0916264620161,0.0557811006654,0.050875620507,1,0.4,50,16,10,3,20,0.000451929106981,9.76166871078e-05,0.000451929106981,0.0425577433054,0.00645818760987,0.000959266309068,0.000451929106981,9.76166871078e-05,0.000451929106981,0.239815804824,0.468390243485,0.239815804664
6,0.0291662625299,0.100015983679,0.192513828663,0.00277920567969,0.00205172330401,0.0712001517134,0.305078345755,0.0956193026314,0.0116898202657,0.150157955202,0.00232256503063,0.0374048555458,1,0.4,50,16,10,3,20,0.000177877957909,3.84216389082e-05,0.000177877957909,0.00277552461243,0.00351181173281,0.00303641133281,0.000177877957909,3.84216389082e-05,0.000177877957909,0.250406424716,0.489075047947,0.250406424549
7,0.0845209033242,0.00285578431866,0.189732094837,0.0346802944936,0.0786906847955,0.00565545981111,0.253834999569,0.0261538887779,0.0374957921742,0.070313295788,0.0447072416999,0.171359560411,1,0.4,50,16,10,3,20,4.63498526165e-05,1.00115681652e-05,4.63498526165e-05,0.00132307551342,0.000269229047241,0.000298057537434,4.63498526165e-05,1.00115681652e-05,4.63498526165e-05,0.252434268042,0.49303567944,0.252434267873
8,0.137047617818,0.0742332093088,0.0250424016104,0.0231807008643,0.0207089895327,0.285286318707,0.136401131861,0.0485218331835,0.162599102838,0.00408481085019,0.0747272705274,0.00816661289851,1,0.4,50,16,10,3,20,0.00146931504686,0.000317372050122,0.00146931504686,0.0192005415939,0.00950705458681,0.0128547348546,0.00146931504686,0.000317372050122,0.00146931504686,0.240803330315,0.470319004208,0.240803330154
9,0.0359552792113,0.0284571291614,0.229329754639,0.169760505628,0.0696268482918,0.0366910063833,0.0975253180538,0.0146319300323,0.0656281798675,0.121919573031,0.0080994571009,0.122375018599,1,0.4,50,16,10,3,20,0.000438107071556,9.4631127456e-05,0.000438107071556,0.0190056096308,0.00267228725038,0.00278848289074,0.000438107071556,9.4631127456e-05,0.000438107071556,0.246284124628,0.481023680594,0.246284124464
10,0.0250979402777,0.0356994994267,0.0511102370464,0.0388797424238,0.129569541882,0.0160869326057,0.0821991231451,0.0666561089562,0.104799357096,0.0558849907527,0.233227846814,0.160788679573,1,0.4,50,16,10,3,20,6.49050447546e-05,1.4019489667e-05,6.49050447546e-05,0.00256440146965,0.00107078772359,0.000604533758882,6.49050447546e-05,1.4019489667e-05,6.49050447546e-05,0.251819160382,0.491834297293,0.251819160214
11,0.00530096891551,0.322268201812,0.0329202067224,0.0124097310989,0.0285841210963,0.171131561912,0.079395148591,0.103768739558,0.0920105636296,0.0783292475492,0.0264680021934,0.0474135069218,1,0.4,50,16,10,3,20,0.000358225086365,7.73766186549e-05,0.000358225086365,0.0565383297738,0.00174594154001,0.0129053519018,0.000358225086365,7.73766186549e-05,0.000358225086365,0.234554364879,0.458113993599,0.234554364723
12,0.0866796562004,0.060433538554,0.019512885219,0.0881907109284,0.0187840693018,0.106485874608,0.0116311541149,0.0689464581417,0.263504668692,0.103117720236,0.147540953392,0.0251723106123,1,0.4,50,16,10,3,20,0.000130366244348,2.81591087791e-05,0.000130366244348,0.0202297207249,0.00414864615661,0.00116706091016,0.000130366244348,2.81591087791e-05,0.000130366244348,0.246356183905,0.481164421368,0.246356183741
13,0.00159092660642,0.00540250130046,0.0985171016024,0.225593495083,0.210459218114,0.000425114772131,0.0105671731739,0.118205379129,0.043816278184,0.125531636479,0.128873499061,0.0310176764961,1,0.4,50,16,10,3,20,0.000314761760377,6.79885402414e-05,0.000314761760377,0.0265220485737,0.00361487771245,0.00242442287178,0.000314761760377,6.79885402414e-05,0.000314761760377,0.244374672494,0.477294281896,0.244374672331
14,0.101322426037,0.083101281076,0.0340218295731,0.00883161436467,0.0992512715164,0.053538026641,0.167741403658,0.0525993642665,0.0396075558869,0.138621079221,0.17357500362,0.0477891441399,1,0.4,50,16,10,3,20,0.000118614075345,2.56206402745e-05,0.000118614075345,0.00441457937214,0.00246594092808,0.000381482811942,0.000118614075345,2.56206402745e-05,0.000118614075345,0.25099441576,0.490223467954,0.250994415592
15,0.00400983445442,0.0613640862434,0.0216112689713,0.026370125748,0.0687037989168,0.15592530328,0.162955759767,0.0222884974888,0.260505886062,0.0298563843513,0.0800959008449,0.106313153873,1,0.4,50,16,10,3,20,0.000279546570753,6.03820592827e-05,0.000279546570753,0.0034960971788,0.00256697670264,0.00181051194534,0.000279546570753,6.03820592827e-05,0.000279546570753,0.250659279498,0.489568904943,0.250659279331
16,0.0524139323617,0.109024557595,0.00178372561684,0.0213272921582,0.195689052318,0.123926619021,0.139627882312,0.196152869041,0.042992516727,0.0884158484349,0.00790103599633,0.0207446684173,1,0.4,50,16,10,3,20,0.00107175523924,0.000231499131675,0.00107175523924,0.0617431006582,0.00630999567967,0.00699819430525,0.00107175523924,0.000231499131675,0.00107175523924,0.23277753438,0.454643621532,0.232777534225
17,0.147236723027,0.102007463378,0.00234020722374,0.0857964921191,0.0965598360993,0.176475957766,0.0449344096578,0.0137810645783,0.00660195456517,0.197495871072,0.0816206564747,0.0451493640391,1,0.4,50,16,10,3,20,7.21738350746e-05,1.55895483761e-05,7.21738350746e-05,0.000505831663851,0.00142913549524,0.000222376307648,7.21738350746e-05,1.55895483761e-05,7.21738350746e-05,0.252337778996,0.492847224273,0.252337778828
18,0.122223277612,0.0315303804072,0.019615489346,0.00673318564541,0.0310028824517,0.367964577339,0.0927778188416,0.100600048629,0.0982813875162,0.0461135203796,0.0206517800086,0.0625056518245,1,0.4,50,16,10,3,20,0.000958094280807,0.000206948364654,0.000958094280807,0.0345010431546,0.00965081972627,0.00677274057698,0.000958094280807,0.000206948364654,0.000958094280807,0.239008157637,0.466812807574,0.239008157478
19,0.000100444900775,0.0211103026395,0.0809160135686,0.103908096479,0.0330212276782,0.0681301707908,0.1718169656,0.0221324262556,0.212217680408,0.098733507324,0.0755747944467,0.112338369908,1,0.4,50,16,10,3,20,0.000116731438776,2.52139907756e-05,0.000116731438776,0.0386987230866,0.00101808779598,0.00118666015993,0.000116731438776,2.52139907756e-05,0.000116731438776,0.242486431797,0.473606311788,0.242486431636
20,0.045847512943,0.0979193098017,0.332907323148,0.0456745173511,0.0408816631204,0.015610280603,0.144117532704,0.0173478715679,0.0923128732763,0.108382581437,0.00431422332723,0.0546843107197,1,0.4,50,16,10,3,20,0.000495642428659,0.00010705876459,0.000495642428659,0.0311014633198,0.00475907830633,0.00732722315018,0.000495642428659,0.00010705876459,0.000495642428659,0.241483775103,0.471647997934,0.241483774942
21,0.0874655287136,0.125844862106,0.00509874571051,0.240390370398,0.0325692400081,0.104183624128,0.0379779964845,0.124399090015,0.00929711947176,0.0448764056025,0.0859881505497,0.101908866812,1,0.4,50,16,10,3,20,0.00043096419269,9.3088265621e-05,0.00043096419269,0.0172402641636,0.00354437106658,0.00350514486295,0.00043096419269,9.3088265621e-05,0.00043096419269,0.24633680622,0.481126574328,0.246336806056
22,0.0298960319274,0.0391798091461,0.00906308344478,0.155388272761,0.160255792853,0.00549118057052,0.00664471944446,0.0197399985261,0.00858881780789,0.166731038867,0.040008293687,0.359012960965,1,0.4,50,16,10,3,20,8.82503772194e-05,1.90620814794e-05,8.82503772194e-05,0.0071824495353,0.000233934942062,0.00209009491971,8.82503772194e-05,1.90620814794e-05,8.82503772194e-05,0.250460685008,0.489181025081,0.250460684842
23,0.114196197463,0.145830678702,0.11125873805,0.013843390147,0.108760628426,0.0180929575223,0.0688828410581,0.180631113731,0.0337519671793,0.120966800936,0.074242335911,0.00954235087452,1,0.4,50,16,10,3,20,0.000270791506604,5.84909654264e-05,0.000270791506604,0.00265621057829,0.00357526994241,0.000602282640134,0.000270791506604,5.84909654264e-05,0.000270791506604,0.250932133281,0.490101822487,0.250932133114
24,0.0566263442671,0.107594974123,0.119010598934,0.0235928115106,0.092106489826,0.09541218003,0.131455312399,0.0752414146464,0.178138786944,0.0150012935585,0.00497537029719,0.100844423465,1,0.4,50,16,10,3,20,0.000769682942289,0.000166251515534,0.000769682942289,0.0414035657584,0.0166862368523,0.00520035478206,0.000769682942289,0.000166251515534,0.000769682942289,0.236091347547,0.46111591287,0.23609134739
25,0.0764055101384,0.0381529185071,0.0169556218974,0.0965634587081,0.0878028452132,0.134184965565,0.15368772604,0.0177030069897,0.0825010832423,0.0843495348627,0.0901455426473,0.121547786189,1,0.4,50,16,10,3,20,0.000193586915204,4.1814773684e-05,0.000193586915204,0.0173811415399,0.0033205200227,0.00267802498752,0.000193586915204,4.1814773684e-05,0.000193586915204,0.246833160279,0.482096015848,0.246833160114
26,0.107227361841,0.0170148584548,0.0732767008258,0.116197235058,0.042766097966,0.0714293095005,0.16451293326,0.158832322053,0.086650095189,0.00808751200903,0.141964552269,0.012041021574,1,0.4,50,16,10,3,20,0.000471947887683,0.00010194074374,0.000471947887683,0.016670887402,0.00737715565703,0.00570713241372,0.000471947887683,0.00010194074374,0.000471947887683,0.244908307218,0.478336537216,0.244908307055
27,0.0216670204231,0.0113060871924,0.119893352976,0.0973878745788,0.0173477844284,0.0395786439254,0.0321860861988,0.272647573521,0.0359435276066,0.0865602498098,0.250577188761,0.0149046105779,1,0.4,50,16,10,3,20,0.000101566055504,2.1938267989e-05,0.000101566055504,0.000765800275565,0.000279541005084,0.000547833017232,0.000101566055504,2.1938267989e-05,0.000101566055504,0.252447540981,0.49306160315,0.252447540813
28,0.0496534235305,0.00594158526747,0.13141432869,0.0655692445635,0.00364830505953,0.0390426739598,0.119246462329,0.319513011178,0.172646729487,0.0633100669494,0.0280461331613,0.00196803582559,1,0.4,50,16,10,3,20,0.00125509125432,0.000271099710933,0.00125509125432,0.0542949410541,0.0248047002227,0.00567936835202,0.00125509125432,0.000271099710933,0.00125509125432,0.230111222485,0.449435981116,0.230111222331
29,0.0682499429792,0.0056574489387,0.0464829322971,0.129779690015,0.221737229442,0.00243333100282,0.115440091882,0.0262591391995,0.0485793039963,0.0944282722445,0.130385543928,0.110567074075,1,0.4,50,16,10,3,20,0.000134801488281,2.91171214687e-05,0.000134801488281,0.0177054363223,0.00399151152299,0.000695117793397,0.000134801488281,2.91171214687e-05,0.000134801488281,0.247148899833,0.482712694664,0.247148899668
30,0.0185561000502,0.0475971056086,0.393906305863,0.0171071215524,0.0596648264237,0.0519722414241,0.107142023321,0.0314746899897,0.0987436892795,0.0634999235147,0.0314100798381,0.0789258931348,1,0.4,50,16,10,3,20,0.000448470117424,9.68695453636e-05,0.000448470117424,0.0246603841276,0.0100403327928,0.00337945364692,0.000448470117424,9.68695453636e-05,0.000448470117424,0.242828701432,0.474274807169,0.242828701271
31,0.0997681586054,0.0312874224809,0.131185336189,0.0699709779871,0.105139506418,0.144708016257,0.0653318140946,0.0793583115537,0.0460952178251,0.166389108835,0.0540565043976,0.00670962535726,1,0.4,50,16,10,3,20,0.000296906676147,6.41318420478e-05,0.000296906676147,0.0356561136952,0.00305962137134,0.00457619187739,0.000296906676147,6.41318420478e-05,0.000296906676147,0.241680236052,0.472031710724,0.241680235891
32,0.00533555021205,0.107119300501,0.125773662747,0.0223508154012,0.137271580213,0.255546485408,0.170147606373,0.0693968660148,0.0376156649736,0.0130110950701,0.0147583516018,0.0416730214847,1,0.4,50,16,10,3,20,0.000375471676488,8.11018821215e-05,0.000375471676488,0.24735578029,0.00616758004297,0.00555667161906,0.000375471676488,8.11018821215e-05,0.000375471676488,0.18700543948,0.365244998742,0.187005439356
33,0.018412854806,0.00699365606778,0.0273612129501,0.0166507456023,0.198255157751,0.090111160265,0.259176413915,0.0524730964426,0.00184312352055,0.1878209321,0.0807343833697,0.0601672632098,1,0.4,50,16,10,3,20,0.000116625305187,2.51910659204e-05,0.000116625305187,0.0062430946426,0.00161340448267,0.00146320632163,0.000116625305187,2.51910659204e-05,0.000116625305187,0.250476119954,0.489211171459,0.250476119787
34,0.121452157058,0.0650777756291,0.122958888019,0.0549052228278,0.0611461475741,0.00591297241594,0.0943807004234,0.0185015924818,0.10671041812,0.256364181748,0.0700470295535,0.0225429141499,1,0.4,50,16,10,3,20,0.000261914845099,5.65736065415e-05,0.000261914845099,0.00751515040503,0.000928564616204,0.00192846040856,0.000261914845099,5.65736065415e-05,0.000261914845099,0.250046992814,0.488373032515,0.250046992648
35,0.0287634770167,0.149975913215,0.0632909939682,0.113513721712,0.136947966417,0.107008308211,0.0144796231977,0.0576936439609,0.0437729342386,0.0356116584432,0.128620043596,0.120321716024,1,0.4,50,16,10,3,20,0.000193717319096,4.18429409247e-05,0.000193717319096,0.00605959039167,0.00323617233589,0.0010086114767,0.000193717319096,4.18429409247e-05,0.000193717319096,0.250140602974,0.488555864857,0.250140602807
36,0.25857730591,0.00129076150473,0.149249095248,0.00345315803357,0.0666443400395,0.0506558992629,0.0778767548224,0.0203354375303,0.137391426579,0.187521035895,0.0143755517131,0.0326292334618,1,0.4,50,16,10,3,20,3.3503675002e-06,7.23679380042e-07,3.3503675002e-06,1.32663563231e-05,1.46919280146e-05,8.82594089039e-05,3.3503675002e-06,7.23679380042e-07,3.3503675002e-06,0.252931271836,0.494006389975,0.252931271667
37,0.049542593469,0.124473006195,0.049835347512,0.121977908183,0.168815763583,0.0151942971349,0.130286600166,0.031187205075,0.113687825196,0.0503633149563,0.102631348233,0.0420047902965,1,0.4,50,16,10,3,20,0.000281676051821,6.08420271934e-05,0.000281676051821,0.00341792609119,0.00383277915879,0.00120809020473,0.000281676051821,6.08420271934e-05,0.000281676051821,0.250508854837,0.489275106777,0.25050885467
38,0.0415471990022,0.0433754331601,0.14940108041,0.139111894689,0.194937314115,0.00237536941785,0.0699650375015,0.0780141307495,0.0741462167628,0.134371567401,0.072750762134,3.99465725319e-06,1,0.4,50,16,10,3,20,0.000445212243852,9.6165844672e-05,0.000445212243852,0.0175339376364,0.00590732911496,0.00159618360421,0.000445212243852,9.6165844672e-05,0.000445212243852,0.246131698204,0.480725972735,0.24613169804
39,0.0898159574018,0.0309085275959,0.233873624061,0.0585112948355,0.0179735631402,0.0209745764114,0.156698457219,0.0200488363702,0.0115007999234,0.102367380198,0.0513911086154,0.205935874228,1,0.4,50,16,10,3,20,9.37044697742e-05,2.02401654712e-05,9.37044697742e-05,0.00550532061329,0.00139572190927,0.00125511637441,9.37044697742e-05,2.02401654712e-05,9.37044697742e-05,0.250796153268,0.489836236525,0.250796153101
40,0.23579023075,0.00688687114428,0.0541915734569,0.0189131518571,0.0310008046443,0.336572009364,0.14225025354,0.00773583134102,0.019499569877,0.0455585193534,0.0781295631229,0.0234716215485,1,0.4,50,16,10,3,20,0.000439800527822,9.49969140097e-05,0.000439800527822,0.0505186575525,0.0108786102386,0.00639590633192,0.000439800527822,9.49969140097e-05,0.000439800527822,0.235322088323,0.459613453449,0.235322088166
41,0.00397614040012,0.0946206747716,0.0675809076863,0.0647364217473,0.115719930041,0.0830404987448,0.0721613237569,0.0464283796337,0.159511199857,0.188212714238,0.087726086112,0.0162857230108,1,0.4,50,16,10,3,20,0.000273958513494,5.91750389148e-05,0.000273958513494,0.0226299598989,0.00255103356536,0.00200027256538,0.000273958513494,5.91750389148e-05,0.000273958513494,0.245781388224,0.480041773555,0.24578138806
42,0.0814368685632,0.00906242400419,0.00557036257743,0.174407214277,0.036698853963,0.0906511154468,0.000449075012609,0.114899231668,0.174031922179,0.120580601386,0.167045313179,0.0251670177431,1,0.4,50,16,10,3,20,0.00019820668691,4.28126443726e-05,0.00019820668691,0.0263486459543,0.00330668695865,0.00121685948825,0.00019820668691,4.28126443726e-05,0.00019820668691,0.244932643426,0.478384068873,0.244932643263
43,0.0475729619851,0.0770380158393,0.0887792427942,0.0674279170324,0.0164521761201,0.0126474653827,0.12873208202,0.110488269454,0.0506288377875,0.128661392757,0.157663778477,0.113907860351,1,0.4,50,16,10,3,20,5.0303103435e-05,1.0865470342e-05,5.0303103435e-05,0.00348479894923,0.00118294295225,0.000837138580076,5.0303103435e-05,1.0865470342e-05,5.0303103435e-05,0.251515491329,0.491241193674,0.251515491161
44,0.121049553889,0.0168314377002,0.0322352736859,0.0739971486092,0.0734846147586,0.115818664346,0.0496912869385,0.0266445962295,0.0732004894163,0.128283194911,0.250518661603,0.0382450779118,1,0.4,50,16,10,3,20,0.000100726391636,2.17569005935e-05,0.000100726391636,0.00462069129781,0.00130278756444,0.00111315936753,0.000100726391636,2.17569005935e-05,0.000100726391636,0.251071479626,0.490373983318,0.251071479459
45,0.0470883777466,0.107024450487,0.0131769979482,0.0212280669492,0.240968511322,0.139110630634,0.0633448928971,0.102840225869,0.166437112601,0.0208601885464,0.0563295138045,0.0215910311949,1,0.4,50,16,10,3,20,0.00104290603057,0.000225267702604,0.00104290603057,0.0282625074937,0.0140172567654,0.0041210430892,0.00104290603057,0.000225267702604,0.00104290603057,0.240057431424,0.468862170437,0.240057431264
46,0.0710522900636,0.0362248024391,0.279877934306,0.0231355299644,0.0730814172504,0.0414018070375,0.0366938992203,0.0533409854319,0.154934614665,0.0860783337162,0.0747004833601,0.0694779025451,1,0.4,50,16,10,3,20,0.000110380830064,2.38422592938e-05,0.000110380830064,0.0398319262633,0.00373879882576,0.00096126151437,0.000110380830064,2.38422592938e-05,0.000110380830064,0.241575666348,0.471827473022,0.241575666187
47,0.0351761319015,0.292331865556,0.0571009534086,0.022419858745,0.138390257366,0.0684704275394,0.0116287497832,0.181269051805,0.0785382885405,0.0198074918099,0.0256315092966,0.0692354142472,1,0.4,50,16,10,3,20,0.00078268586343,0.000169060146501,0.00078268586343,0.0485059406305,0.0155971315489,0.00475023702202,0.00078268586343,0.000169060146501,0.00078268586343,0.234669489964,0.45833884728,0.234669489808
48,0.186805849351,0.159162222691,0.0175171417087,0.0186929138172,0.0373321356841,0.0164518394042,0.138955457586,0.0938591114034,0.0117482511869,0.156288411052,0.0963931039851,0.0667935621301,1,0.4,50,16,10,3,20,0.000169581787119,3.66296660178e-05,0.000169581787119,0.00387978639309,0.0015122497579,0.00046737538328,0.000169581787119,3.66296660178e-05,0.000169581787119,0.251292079679,0.490804842795,0.251292079511
49,0.129331200736,0.147707637639,0.0599057372338,0.0305425477098,0.0675833994429,0.147562660996,0.0462107655937,0.0200897843994,0.202908344843,0.00928690916459,0.112561357496,0.0263096547455,1,0.4,50,16,10,3,20,0.000656897369639,0.000141889831842,0.000656897369639,0.0222387098518,0.00320348764165,0.00945115998487,0.000656897369639,0.000141889831842,0.000656897369639,0.243401175996,0.47539292155,0.243401175834
50,0.0570544621576,0.0708735499158,0.090490212989,0.226183781726,0.0463575638268,0.109165666954,0.0198697985302,0.144807243468,0.000518254447598,0.000420115970155,0.0624671939557,0.171792156059,1,0.4,50,16,10,3,20,0.000296964946862,6.41444285221e-05,0.000296964946862,0.021784174491,0.0053562313373,0.00337504003647,0.000296964946862,6.41444285221e-05,0.000296964946862,0.244912165938,0.478344073778,0.244912165775
51,0.0707284112978,0.0619580049629,0.110550060405,0.0729304260045,0.0399198505727,0.01410148555,0.0142300550841,0.07157911447,0.0873228245084,0.151408944168,0.249067696336,0.0562031266412,1,0.4,50,16,10,3,20,1.34191198194e-06,2.898529881e-07,1.34191198194e-06,5.6925637475e-06,1.02806320134e-05,1.28541479688e-05,1.34191198194e-06,2.898529881e-07,1.34191198194e-06,0.252955630242,0.494053964987,0.252955630073
52,0.00100774716851,0.134415242599,0.205255659937,0.134053065004,0.164395021991,0.0662289506554,0.105680302618,0.0161020318652,0.0190590017933,0.00275303560595,0.0610022753403,0.090047665422,1,0.4,50,16,10,3,20,0.000371851709486,8.03199692489e-05,0.000371851709486,0.0707987127639,0.0123108789722,0.00242047136815,0.000371851709486,8.03199692489e-05,0.000371851709486,0.23091146639,0.450998957493,0.230911466236
53,0.13463896993,0.0951897487256,0.0837461151104,0.101102851199,0.1504856683,0.0800848558822,0.0350340628909,0.00482701390368,0.00923383816758,0.020274253835,0.154879763919,0.130502858137,1,0.4,50,16,10,3,20,1.9079307148e-06,4.12113034397e-07,1.9079307148e-06,1.63085985781e-05,6.00481689027e-05,4.62412904096e-06,1.9079307148e-06,4.12113034397e-07,1.9079307148e-06,0.252941802663,0.494026957997,0.252941802494
54,0.159756965029,0.308273351262,0.0181175434283,0.024545425624,0.0325397801443,0.0488684398002,0.16286769819,0.00273729400297,0.00067681868248,0.195579729037,0.033958603027,0.0120783517738,1,0.4,50,16,10,3,20,0.000163969094654,3.54173244454e-05,0.000163969094654,0.0562220046826,0.00311355047342,0.00168141218209,0.000163969094654,3.54173244454e-05,0.000163969094654,0.237345472785,0.463565376223,0.237345472626
55,0.0228874591831,0.0570503852074,0.0308051404444,0.0645176602878,0.0511137919018,0.167349769627,0.107538587018,0.267665610762,0.0281204624322,0.0490774261765,0.00495461671196,0.148919090248,1,0.4,50,16,10,3,20,0.000154238364264,3.33154866811e-05,0.000154238364264,0.00206336549275,0.0035933381822,0.00186931748576,0.000154238364264,3.33154866811e-05,0.000154238364264,0.250887688829,0.490015016918,0.250887688662
56,0.136254498588,0.0314152704279,0.0385456070254,0.0415621284809,0.0441178938926,0.0584772480138,0.146387442768,0.0538183339234,0.0108038348626,0.223239399155,0.0815364828857,0.133841859977,1,0.4,50,16,10,3,20,0.000104497360902,2.25714299548e-05,0.000104497360902,0.00888381448311,0.00138649966811,0.000384465883104,0.000104497360902,2.25714299548e-05,0.000104497360902,0.250151990679,0.48857810647,0.250151990513
57,0.0157843825955,0.0113509864289,0.0632503550508,0.328602823576,0.0387354084671,0.0121376674088,0.0307158099535,0.041176036997,0.0304720606822,0.338213570593,0.0605246770211,0.0290362212264,1,0.4,50,16,10,3,20,0.000135585082445,2.92863778082e-05,0.000135585082445,0.00768508118463,0.00224246621227,0.00131730889735,0.000135585082445,2.92863778082e-05,0.000135585082445,0.24996786874,0.488218493307,0.249967868573
58,0.0134603137728,0.0648792171782,0.123788197799,0.0162244310051,0.0210186208476,0.138082888417,0.0609416779204,0.0569575420654,0.218464673426,0.01855405093,0.207324270877,0.0603041157622,1,0.4,50,16,10,3,20,0.000170904382063,3.69153465255e-05,0.000170904382063,0.0305493852306,0.00175789374926,0.00115817514897,0.000170904382063,3.69153465255e-05,0.000170904382063,0.24430725012,0.477162597573,0.244307249957
59,0.048838059597,0.13179658983,0.0533505610021,0.267097162117,0.0556831689415,0.00379406558845,0.006252125472,0.121195570648,0.0372325270277,0.194571860097,0.0422620532301,0.0379262564478,1,0.4,50,16,10,3,20,0.000153888147706,3.32398399045e-05,0.000153888147706,0.0121608084369,0.00650204006846,0.000651736218342,0.000153888147706,3.32398399045e-05,0.000153888147706,0.247905994243,0.484191394684,0.247905994078
60,0.0153745908672,0.0478986480146,0.15552147642,0.0856032113704,0.0296376135602,0.0167851645498,0.0661777258984,0.280460741955,0.0388983759483,0.147092391629,0.00261020923574,0.113939850551,1,0.4,50,16,10,3,20,0.000130019737968,2.80842634011e-05,0.000130019737968,0.0244378732232,0.00210837708635,0.000499021165251,0.000130019737968,2.80842634011e-05,0.000130019737968,0.245977165288,0.480424150634,0.245977165124
61,0.150112413024,0.139944748422,0.0388557433947,0.052088736782,0.0826485428868,0.123559935794,0.264792441478,0.0221534269193,0.0720160013429,0.00678374557497,0.0438024415346,0.0032418228459,1,0.4,50,16,10,3,20,2.55285276134e-06,5.5141619645e-07,2.55285276134e-06,1.40716581406e-05,3.87363528947e-06,2.01828503856e-05,2.55285276134e-06,5.5141619645e-07,2.55285276134e-06,0.252951919838,0.494046718105,0.25295191967
62,0.366212512256,0.00923553293853,0.0128720667724,0.0042244858138,0.0188721583989,0.121857355214,0.0124610319814,0.0438543071855,0.0555614843836,0.108608198119,0.198893167831,0.0473476991045,1,0.4,50,16,10,3,20,0.000100623587705,2.17346949442e-05,0.000100623587705,0.00393301436912,0.000593706041045,0.00144544313368,0.000100623587705,2.17346949442e-05,0.000100623587705,0.251340869112,0.490900134658,0.251340868945
63,0.236199983088,0.0997333696868,0.151974990764,0.0133536424633,0.0851902229439,0.235559734682,0.0357971734214,0.0411725384352,0.0194985000911,0.0355499636521,0.0391159698589,0.00685391091387,1,0.4,50,16,10,3,20,0.000912155888754,0.000197025671971,0.000912155888754,0.117784787901,0.01179958185,0.0121013107367,0.000912155888754,0.000197025671971,0.000912155888754,0.216100337085,0.422070970588,0.216100336941
64,0.225697985878,0.00967347033253,0.0325086978842,0.0493984328093,0.0762781545468,0.0729938748453,0.181684028697,0.103742980309,0.0468162114976,0.0736770532104,0.0665865394122,0.0609425705779,1,0.4,50,16,10,3,20,0.000236862835368,5.11623724394e-05,0.000236862835368,0.0180892356951,0.00692261132122,0.00322702436334,0.000236862835368,5.11623724394e-05,0.000236862835368,0.24555544108,0.479600470539,0.245555440916
65,0.0429021340176,0.0785746992642,1.75027722199e-05,0.176389872496,0.0352867725776,0.129912395785,0.0784239167718,0.260054067643,0.00693198451606,0.106520978366,0.0590589153542,0.0259267604359,1,0.4,50,16,10,3,20,0.000431478170922,9.31992849192e-05,0.000431478170922,0.0298693305993,0.00455887113218,0.00595802569689,0.000431478170922,9.31992849192e-05,0.000431478170922,0.242264401403,0.473172658674,0.242264401241
66,0.0165406731485,0.101763158994,0.340344559643,0.0488073509009,0.0680203561642,0.0149488499274,0.00524623074401,0.194473806888,0.0402447456026,0.0239755191946,0.141011109481,0.00462363931152,1,0.4,50,16,10,3,20,0.000468004400608,0.000101088950531,0.000468004400608,0.0574392357037,0.00398114713184,0.0033190849675,0.000468004400608,0.000101088950531,0.000468004400608,0.236062946949,0.461060442953,0.236062946792
67,0.115697628754,0.00688903785742,0.0327409366011,0.0362473539997,0.0472224853458,0.0873409336335,0.0351461152418,0.0285439832991,0.0539092413,0.170154764551,0.126993983315,0.259113536101,1,0.4,50,16,10,3,20,5.91063536016e-05,1.27669723779e-05,5.91063536016e-05,0.00725963424989,0.000931141516364,0.000206146805691,5.91063536016e-05,1.27669723779e-05,5.91063536016e-05,0.250774037897,0.489793042442,0.25077403773
68,0.100240720712,0.0131497837114,0.303186770186,0.0224890965562,0.0949010651751,0.0289412176374,0.0224799133058,0.207216207658,0.0374465694241,0.0177770306186,0.0878522981426,0.0643193268734,1,0.4,50,16,10,3,20,0.000437370160649,9.44719547002e-05,0.000437370160649,0.0359550496952,0.00371322651075,0.00984787778288,0.000437370160649,9.44719547002e-05,0.000437370160649,0.239948249026,0.468648923567,0.239948248866
69,0.0173924671432,0.0653614285457,0.0278280585019,0.0574255729298,0.0138802102312,0.129636169036,0.0726963401763,0.0525773885705,0.0403796292132,0.00929228724163,0.422041122058,0.0914893263527,1,0.4,50,16,10,3,20,5.43429013976e-05,1.17380667019e-05,5.43429013976e-05,0.005966760654,0.000341626394771,0.0012124802532,5.43429013976e-05,1.17380667019e-05,5.43429013976e-05,0.251000989206,0.490236306715,0.251000989038
70,0.0571293377234,0.157310074918,0.0129656291436,0.210421890291,0.0511842517168,0.0354279657185,0.06859748262,0.00824374669079,0.228713309629,0.0449410067551,0.105215650228,0.0198496545659,1,0.4,50,16,10,3,20,0.000426676494214,9.21621227503e-05,0.000426676494214,0.0329964068133,0.00385603230507,0.00850260545379,0.000426676494214,9.21621227503e-05,0.000426676494214,0.241012850765,0.470728223836,0.241012850604
71,0.0382436426097,0.0016098661251,0.218203727249,0.00915755256428,0.0234749560713,0.0368599828142,0.0683941118854,0.105248968139,0.104500700885,0.14781181381,0.0880728614571,0.158421816389,1,0.4,50,16,10,3,20,7.07828208389e-05,1.52890893012e-05,7.07828208389e-05,0.00267206969026,0.00131550027085,0.000221586972037,7.07828208389e-05,1.52890893012e-05,7.07828208389e-05,0.251820302697,0.491836528378,0.25182030253
72,0.222445390777,0.0773176105064,0.110193778072,0.169064355078,0.0530458172885,0.0507956721665,0.0406943632144,0.0268190035049,0.0612628508916,0.105708360944,0.0184733018155,0.06417949574,1,0.4,50,16,10,3,20,0.000340844900984,7.36224986125e-05,0.000340844900984,0.00523387322049,0.00276653807995,0.00228086422726,0.000340844900984,7.36224986125e-05,0.000340844900984,0.249981495744,0.48824510855,0.249981495577
73,0.0817215849697,0.147969870953,0.00717099787849,0.247355257496,0.0404276687581,0.0141815786806,0.00218113252348,0.0111777409286,0.241716577178,0.147194546338,0.00653099577446,0.0523720485208,1,0.4,50,16,10,3,20,4.34364387205e-05,9.38227076363e-06,4.34364387205e-05,0.0119515471623,0.000946689705875,0.000129765557035,4.34364387205e-05,9.38227076363e-06,4.34364387205e-05,0.249620107578,0.487539272289,0.249620107412
74,0.0735011665395,0.0312812893556,0.00291229058946,0.00274300340231,0.0212049824366,0.0185925190318,0.196564935675,0.161246645838,0.115742123253,0.0831976337631,0.135428589916,0.157584820199,1,0.4,50,16,10,3,20,0.0001580153425,3.413131398e-05,0.0001580153425,0.0074437149261,0.000517929964886,0.00158276387284,0.0001580153425,3.413131398e-05,0.0001580153425,0.250372874051,0.489009519304,0.250372873884
75,0.0237476303978,0.181445456095,0.0826717363971,0.0131895309019,0.0373404889099,0.000147945459227,0.134835702132,0.121074466236,0.000297074921327,0.0499047678213,0.0994232298502,0.255921970879,1,0.4,50,16,10,3,20,4.27187634843e-05,9.2272529126e-06,4.27187634843e-05,0.00424923830465,0.00182231075379,0.000750564800684,4.27187634843e-05,9.2272529126e-06,4.27187634843e-05,0.251190781237,0.490606994276,0.251190781069
76,0.0839802191288,0.082525821087,0.158884141113,0.00158056680767,0.0435061643871,0.025677240724,0.0197842539176,0.0544388911779,0.00508435130609,0.272700719515,0.0657711184899,0.186066512346,1,0.4,50,16,10,3,20,1.48107824438e-05,3.19912900787e-06,1.48107824438e-05,0.000104187745608,0.000284798626217,0.000104710431378,1.48107824438e-05,3.19912900787e-06,1.48107824438e-05,0.252822934338,0.493794793301,0.25282293417
77,0.0766854770415,0.0476391961588,0.0451789725033,0.0842711112822,0.00769874584755,0.0527049504183,0.0621236989682,0.00156177872862,0.159920135545,0.301251982407,0.0965861801891,0.0643777709096,1,0.4,50,16,10,3,20,6.64473742603e-05,1.43526328402e-05,6.64473742603e-05,0.00497673261677,0.00203256665568,0.000450968940757,6.64473742603e-05,1.43526328402e-05,6.64473742603e-05,0.251002747831,0.49023974153,0.251002747663
78,0.0802751861476,0.068008059933,0.0106075619901,0.0187906377073,0.0519006364638,0.00236930658232,0.301435298221,0.127774431381,0.217493466192,0.0025080206827,0.0021378034223,0.116699591278,1,0.4,50,16,10,3,20,0.000661387710314,0.000142859745428,0.000661387710314,0.00773439659986,0.00645879868412,0.00818917180476,0.000661387710314,0.000142859745428,0.000661387710314,0.246560977218,0.481564408308,0.246560977054
79,0.0592241638649,0.275927763184,0.0425532487713,0.0210401405847,0.0560056491232,0.121476843015,0.0565609711442,0.0501431742381,0.000200212032192,0.0253292017341,0.217624185204,0.0739144471048,1,0.4,50,16,10,3,20,0.000167727418659,3.62291224304e-05,0.000167727418659,0.00435955304902,0.00218576288336,0.000677875294732,0.000167727418659,3.62291224304e-05,0.000167727418659,0.250949170934,0.490135099153,0.250949170766
80,0.0817604378011,0.000364845194247,0.011350427006,0.18346008237,0.0838512638412,0.0369531023604,0.0311069341278,0.0512298774354,0.0137003591112,0.00768357306252,0.0860459996442,0.412493098046,1,0.4,50,16,10,3,20,0.000107776950616,2.3279821333e-05,0.000107776950616,0.004642626277,0.00190169114187,0.000145300994387,0.000107776950616,2.3279821333e-05,0.000107776950616,0.251151358643,0.490529997023,0.251151358476
81,0.00757464248521,0.0777326393138,0.0481254062044,0.176277564224,0.0725121705234,0.0282816763605,0.101642161508,0.144447447251,0.0164263316303,0.164423939938,0.0920198054377,0.0705362151235,1,0.4,50,16,10,3,20,0.000147799150738,3.19246165595e-05,0.000147799150738,0.0151181847761,0.0022385640864,0.00235173192519,0.000147799150738,3.19246165595e-05,0.000147799150738,0.247813179159,0.484010115223,0.247813178994
82,0.251911824018,0.086476132874,0.0738654113971,0.0225767437637,0.00321770852517,0.0551806951557,0.181128905083,0.0180245038875,0.0148351071539,0.123379617266,0.0909919037221,0.0784114471539,1,0.4,50,16,10,3,20,0.000116823662702,2.52339111435e-05,0.000116823662702,0.00222715088509,0.00262805023413,0.000270739730368,0.000116823662702,2.52339111435e-05,0.000116823662702,0.251536770826,0.491282755193,0.251536770659
83,0.0585623584496,0.0128416706914,0.13713567421,0.0604500405126,0.0144608638726,0.249981994701,0.0215054402409,0.119338089937,0.0754112481165,0.119238886345,0.0160598577333,0.115013875189,1,0.4,50,16,10,3,20,0.000397442674348,8.58476176591e-05,0.000397442674348,0.0141589467523,0.00181817366287,0.00303716348254,0.000397442674348,8.58476176591e-05,0.000397442674348,0.247708901352,0.483806447631,0.247708901187
84,0.00318450224611,0.0789748240459,0.0367805870641,0.0371607559359,0.0373652010775,0.0472942831285,0.139229096032,0.295681899125,0.0570807386403,0.0359446290167,0.192599653815,0.0387038298732,1,0.4,50,16,10,3,20,0.000211610499917,4.5707867982e-05,0.000211610499917,0.0100630084416,0.00265407832778,0.00134936754255,0.000211610499917,4.5707867982e-05,0.000211610499917,0.249168869804,0.486657948511,0.249168869638
85,0.241169348847,0.163122710607,0.00988393072379,0.0712331021605,0.0572999655569,0.152503995594,0.0263598400839,0.00117417626276,0.0733058566744,0.165710847802,0.031793850046,0.00644237564141,1,0.4,50,16,10,3,20,0.000279366577524,6.03431807451e-05,0.000279366577524,0.00262095948815,0.00417624238701,0.000334402248173,0.000279366577524,6.03431807451e-05,0.000279366577524,0.250847176272,0.489935890829,0.250847176104
86,0.104629837576,0.0964728588904,0.0218440773442,0.348258740727,0.00434237258116,0.0954457820269,0.00340834598078,0.174232268089,0.103495484103,0.0335542564373,0.00301213627053,0.0113038399727,1,0.4,50,16,10,3,20,0.00386676416568,0.000835221059786,0.00386676416568,0.0499171403211,0.0322418421699,0.0115612625807,0.00386676416568,0.000835221059786,0.00386676416568,0.224921361351,0.439299533595,0.224921361201
87,0.00984386445639,0.167576038626,0.135039833496,0.209891438223,0.159601360149,0.0203253085959,0.0512330089417,0.061003109563,0.0579456623082,0.0416901547799,0.013778301255,0.0720719196063,1,0.4,50,16,10,3,20,0.00029789485109,6.43452878355e-05,0.00029789485109,0.00105868772413,0.005653227201,0.00211346386315,0.00029789485109,6.43452878355e-05,0.00029789485109,0.250397938776,0.489058473846,0.250397938609
88,0.0720868588152,0.143046639762,0.0135197094425,0.0309962185988,0.227271450672,0.013640335418,0.0206675653922,0.182377761712,0.0929850608637,0.192754939748,0.000400795564141,0.0102526640118,1,0.4,50,16,10,3,20,0.000206215235756,4.45424909232e-05,0.000206215235756,0.0201755891377,0.0102816935462,0.000899882796057,0.000206215235756,4.45424909232e-05,0.000206215235756,0.244800983798,0.478126921162,0.244800983635
89,0.294801655163,0.0169910711976,0.0503815250452,0.0595928390842,0.0460213783389,0.0182064256989,0.0637175046465,0.1050404743,0.0419500424196,0.0377256877313,0.126663669902,0.138907726473,1,0.4,50,16,10,3,20,0.000132794488306,2.8683609474e-05,0.000132794488306,0.00965844104774,0.000774938311276,0.00306951982494,0.000132794488306,2.8683609474e-05,0.000132794488306,0.249399792856,0.487108970098,0.24939979269
90,0.087261997658,0.0354637423743,0.0142319414135,0.0335297593834,0.0525473689587,0.195246632351,0.116075654361,0.0253911592312,0.128163239806,0.0206796766724,0.288646185961,0.00276264183039,1,0.4,50,16,10,3,20,0.000141807499866,3.06304199711e-05,0.000141807499866,0.0346655361186,0.00182136872253,0.0015796038199,0.000141807499866,3.06304199711e-05,0.000141807499866,0.243175968627,0.474953063408,0.243175968465
91,0.151518327567,0.0894973730667,0.196154703092,0.0211480118031,0.0543022233648,0.00313420592927,0.114300191035,0.0846393102061,0.00397315362266,0.0975651730886,0.0963994566766,0.0873678705483,1,0.4,50,16,10,3,20,0.000181072450052,3.91116492112e-05,0.000181072450052,0.0107807520448,0.00232720345496,0.00303161884741,0.000181072450052,3.91116492112e-05,0.000181072450052,0.24867868156,0.485700549599,0.248678681395
92,0.0245664877927,0.0212503465037,0.0625349289023,0.059542159846,0.0154887475065,0.0199586080844,0.116752462572,0.263854374653,0.0830975393884,0.0246828343287,0.282451248099,0.0258202623222,1,0.4,50,16,10,3,20,0.000137758621824,2.9755862314e-05,0.000137758621824,0.011138279021,0.000795996871039,0.00206294692,0.000137758621824,2.9755862314e-05,0.000137758621824,0.249269181083,0.486853868977,0.249269180916
93,0.0074313961728,0.0032813401258,0.168396375434,0.0982341634932,0.0252625966559,0.103414336832,0.0333000070196,0.124827750191,0.0054301321917,0.00900934912471,0.320289663826,0.101122888933,1,0.4,50,16,10,3,20,6.92577109473e-05,1.49596655646e-05,6.92577109473e-05,0.00745045814177,0.00117072542752,0.00191145415885,6.92577109473e-05,1.49596655646e-05,6.92577109473e-05,0.250222396861,0.488715618543,0.250222396694
94,0.0369838336698,0.0111643263359,0.226046712239,0.0414967812965,0.0144057360946,0.121029492022,0.195405240931,0.0295155993353,0.176590248149,0.0179374512498,0.0605094146872,0.0689151639892,1,0.4,50,16,10,3,20,0.000858541926188,0.000185445056057,0.000858541926188,0.030989846265,0.00847635690739,0.00478852096754,0.000858541926188,0.000185445056057,0.000858541926188,0.240807011799,0.470326194606,0.240807011638
