run_ID,t1_initial,t2_initial,t3_initial,t4_initial,t5_initial,t6_initial,t7_initial,t8_initial,t9_initial,t10_initial,t11_initial,t12_initial,alpha,prior_cost_c,lambda,k,sample_amount,learning_parameter,generations,t1_final,t2_final,t3_final,t4_final,t5_final,t6_final,t7_final,t8_final,t9_final,t10_final,t11_final,t12_final
0,0.121089433774,0.0369206560493,0.00130012768584,0.176961671732,0.364090374043,0.0300569682609,0.0421499940349,0.0298293043727,0.075795609351,0.0825342174936,0.0132939340008,0.0259777092017,1,0.4,48,14,10,3,20,0.0011102788102,0.000239820223003,0.0011102788102,0.050669311932,0.0085629307114,0.00723553913931,0.0011102788102,0.000239820223003,0.0011102788102,0.234905666689,0.458800129525,0.234905666317
1,0.127135106149,0.132997141782,0.153126367571,0.0197888018048,0.0183766044839,0.0963212176249,0.0891941511913,0.0683557810963,0.107989810029,0.0266066383052,0.0114799794961,0.148628400467,1,0.4,48,14,10,3,20,0.00050917293776,0.000109981354556,0.00050917293776,0.00958730967587,0.00301272007076,0.00440125490733,0.00050917293776,0.000109981354556,0.00050917293776,0.24809285364,0.484556353998,0.248092853247
2,0.152504632053,0.00852262014056,0.131362246292,0.231695057546,0.100381267666,0.0121731816993,0.136093403787,0.0681923267173,0.03428140732,0.0411685244555,0.0525089522345,0.0311163800875,1,0.4,48,14,10,3,20,0.000415881368405,8.98303755755e-05,0.000415881368405,0.0027962643881,0.00896543710431,0.000966203535905,0.000415881368405,8.98303755755e-05,0.000415881368405,0.249278459425,0.486871990292,0.24927845903
3,0.0208719339439,0.0658428970228,0.150120588816,0.00950445281179,0.0539577589737,0.109117815377,0.160921426256,0.207871087931,0.0557938134143,0.0359483447948,0.0201773004083,0.10987258025,1,0.4,48,14,10,3,20,0.000428494965806,9.25549126142e-05,0.000428494965806,0.0675417443695,0.00640356973824,0.00414921632086,0.000428494965806,9.25549126142e-05,0.000428494965806,0.232728886886,0.454548606479,0.232728886517
4,0.0318506884536,0.0319904838172,0.158612044203,0.025945704443,0.00721618885532,0.22364696798,0.192136477123,0.0794291936787,0.0060060859331,0.193131351658,0.0443035236774,0.00573129017843,1,0.4,48,14,10,3,20,0.000376734340207,8.13746174847e-05,0.000376734340207,0.014702060218,0.00292932441808,0.003366389128,0.000376734340207,8.13746174847e-05,0.000376734340207,0.247230366052,0.482871807929,0.24723036566
5,0.0790504394974,0.000552044773539,0.391277073529,0.0830719151136,0.142126956054,0.0129280830558,0.0790506989514,0.0481684533192,0.0324486799271,0.00478631213181,0.102626660011,0.0239126836362,1,0.4,48,14,10,3,20,0.000580415634835,0.000125369777124,0.000580415634835,0.00422017717666,0.00716132245092,0.000862050789389,0.000580415634835,0.000125369777124,0.000580415634835,0.249216518237,0.48675101141,0.249216517842
6,0.00866420323803,0.0164143518518,0.00191801354618,0.100136408732,0.0490930702965,0.101634175333,0.0176430768347,0.17375518214,0.108688863898,0.16899623299,0.00425230042296,0.248804120716,1,0.4,48,14,10,3,20,0.000123249614496,2.6621916731e-05,0.000123249614496,0.00507066210095,0.00163932002621,0.000418031736334,0.000123249614496,2.6621916731e-05,0.000123249614496,0.251023113365,0.490279517513,0.251023112967
7,0.00641568418376,0.143642789792,0.016835902283,0.0758441727895,0.0595568373925,0.0538281561712,0.0217129829454,0.0120627352783,0.206493519886,0.0121154970673,0.321131459407,0.0703602628039,1,0.4,48,14,10,3,20,0.000131060397552,2.83090458712e-05,0.000131060397552,0.00884420010822,0.00204605039417,0.000802849944021,0.000131060397552,2.83090458712e-05,0.000131060397552,0.249859551884,0.4880069365,0.249859551488
8,0.0165304785552,0.152951954126,0.0974683470672,0.129786228988,0.0126106406197,0.0947590079291,0.0361891193983,0.0800916816809,0.00575915271662,0.0921609902545,0.0944795792379,0.187212819427,1,0.4,48,14,10,3,20,0.000214102206819,4.62460766729e-05,0.000214102206819,0.016423841321,0.0016491536743,0.00145065250506,0.000214102206819,4.62460766729e-05,0.000214102206819,0.247785600678,0.483956250556,0.247785600285
9,0.00122923520746,0.0298375234769,0.190834437029,0.0343756627633,0.0715357103143,0.0988990070119,0.00120113847652,0.0352618233458,0.172074207823,0.00248074116769,0.173623043527,0.188647469858,1,0.4,48,14,10,3,20,5.99827181421e-05,1.29562671187e-05,5.99827181421e-05,0.0032599511378,0.00283830334402,0.000219879762525,5.99827181421e-05,1.29562671187e-05,5.99827181421e-05,0.251298915042,0.490818192663,0.251298914644
10,0.00391157261425,0.0539597526159,0.00654372443688,0.10819103311,0.168941176653,0.0745623915202,0.275419426333,0.00470438471334,0.0256306182363,0.0501303491806,0.0989341052247,0.129071465362,1,0.4,48,14,10,3,20,0.000291360474143,6.29338624149e-05,0.000291360474143,0.0152068242939,0.00319565540234,0.00296676220586,0.000291360474143,6.29338624149e-05,0.000291360474143,0.247232113741,0.482875221386,0.247232113349
11,0.0497287958356,0.14856311876,0.133903402011,0.0508961978044,0.0728593443845,0.00553416965418,0.0602649545943,0.0491579120241,0.167727117408,0.0538030888046,0.0814874885004,0.126074410219,1,0.4,48,14,10,3,20,0.000186847884205,4.03591429884e-05,0.000186847884205,0.0102141968567,0.00307319561765,0.00182093450751,0.000186847884205,4.03591429884e-05,0.000186847884205,0.24893307557,0.486197412451,0.248933075175
12,0.083878529723,0.0196724399759,0.0200645143996,0.0139535628702,0.0880467684427,0.112975979997,0.0511079597669,0.240245204954,0.23746476222,0.0128463495202,0.0534303144156,0.0663136137149,1,0.4,48,14,10,3,20,0.000855500428445,0.000184788092544,0.000855500428445,0.0417735695533,0.010947798171,0.00621086953042,0.000855500428445,0.000184788092544,0.000855500428445,0.237097533206,0.46308111881,0.23709753283
13,0.0423486960545,0.0645595252368,0.0255199617924,0.0154619596844,0.127983627982,0.0344531399269,0.293175383018,0.0500464035427,0.0989529512611,0.133932736601,0.0289021654941,0.0846634494071,1,0.4,48,14,10,3,20,0.000252680420926,5.45789709199e-05,0.000252680420926,0.00663489086064,0.0028503421346,0.00224773560805,0.000252680420926,5.45789709199e-05,0.000252680420926,0.249713113787,0.487720924593,0.249713113391
14,0.0923265276973,0.022629825002,0.03894254228,0.0222249619456,0.0118371229578,0.218106614655,0.0333285605033,0.129981505091,0.189289165068,0.134982203076,0.0773079506991,0.0290430210243,1,0.4,48,14,10,3,20,0.000345198803607,7.45629415791e-05,0.000345198803607,0.0368696551312,0.00472368383781,0.00195687497933,0.000345198803607,7.45629415791e-05,0.000345198803607,0.241560756638,0.471798352061,0.241560756255
15,0.0363377200884,0.105762358141,0.0248991808504,0.0886180616879,0.078025124911,0.167337687267,0.0270801043188,0.100718386628,0.154644183199,0.188605872328,0.00657484474703,0.0213964758327,1,0.4,48,14,10,3,20,0.000171741451899,3.70961536102e-05,0.000171741451899,0.00193406648464,0.00267761759614,0.00174276011601,0.000171741451899,3.70961536102e-05,0.000171741451899,0.251164432914,0.490555532258,0.251164432516
16,0.0947397959904,0.09637129345,0.105626145985,0.007872987331,0.132255856866,0.13922071702,0.023221111962,0.0255046734531,0.149854127373,0.0750654713864,0.0570510470971,0.0932167720867,1,0.4,48,14,10,3,20,0.000280940919878,6.06832386936e-05,0.000280940919878,0.0173042015031,0.0047808820294,0.00288121126851,0.000280940919878,6.06832386936e-05,0.000280940919878,0.246333869077,0.481120837278,0.246333868687
17,0.0245531445014,0.0281123877794,0.0357836696935,0.0490487118905,0.0484436373412,0.247806777162,0.0705006329675,0.122903299832,0.0108607784926,0.260551903717,0.0354784990935,0.0659565575284,1,0.4,48,14,10,3,20,0.000144508367651,3.12138074127e-05,0.000144508367651,0.00327312971573,0.00198723576322,0.000626865533195,0.000144508367651,3.12138074127e-05,0.000144508367651,0.251313153285,0.490846001731,0.251313152886
18,0.0601861767004,0.0503723904441,0.0842225130402,0.25636436886,0.0567215877246,0.0283796957469,0.00712840227739,0.0501249941256,0.1071589408,0.123646877933,0.00138458690745,0.174309465441,1,0.4,48,14,10,3,20,0.000328786311475,7.10178432787e-05,0.000328786311475,0.0251664053583,0.00276365771444,0.00197737892114,0.000328786311475,7.10178432787e-05,0.000328786311475,0.245030293305,0.478574790852,0.245030292916
19,0.204557656465,0.0650530338485,0.0221224089075,0.052584734647,0.0618398367344,0.0982534815969,0.0148203253927,0.0236261904546,0.170483110647,0.231409176326,0.0108367482994,0.0444132966808,1,0.4,48,14,10,3,20,0.000199306424385,4.30501876673e-05,0.000199306424385,0.00165654997494,0.000310115838717,0.00146052302617,0.000199306424385,4.30501876673e-05,0.000199306424385,0.251874020241,0.491941445004,0.251874019842
20,0.144201607747,0.121817444665,0.0502412325892,0.135997338357,0.0575979782488,0.00399078322027,0.122819069062,0.0810834984533,0.0154162697408,0.0532321281579,0.026989840513,0.186612809246,1,0.4,48,14,10,3,20,0.000354106464283,7.64869962852e-05,0.000354106464283,0.00614559174401,0.00183200279807,0.0010215175377,0.000354106464283,7.64869962852e-05,0.000354106464283,0.250290969611,0.488849549246,0.250290969214
21,0.0559696844375,0.115892189133,0.0815735933678,0.145720928505,0.06842263277,0.0467479905976,0.133883485117,0.130176211452,0.0411629038227,0.0237062511583,0.0374221221018,0.119322007537,1,0.4,48,14,10,3,20,0.000374777770393,8.09519984048e-05,0.000374777770393,0.0677966142479,0.00334655751669,0.00489681828594,0.000374777770393,8.09519984048e-05,0.000374777770393,0.233308836924,0.455681321394,0.233308836554
22,0.066460493805,0.0255292926988,0.0958835244141,0.136347746658,0.163381023197,0.0351001806429,0.0793442889894,0.0129620139066,0.0413527038025,0.251941816016,0.00735481601618,0.0843420998533,1,0.4,48,14,10,3,20,0.000151473038617,3.27181763413e-05,0.000151473038617,0.00205359654318,0.000629554466143,0.000837305332891,0.000151473038617,3.27181763413e-05,0.000151473038617,0.251904054724,0.492000106102,0.251904054324
23,0.318059299787,0.169264020287,0.11097127079,0.0736367603569,0.0248676624765,0.0117469127261,0.0380623004488,0.0372154572391,0.0199445680973,0.0071118248849,0.120732191706,0.0683877311997,1,0.4,48,14,10,3,20,0.000596158041843,0.000128770137038,0.000596158041843,0.0225923172019,0.0045100573613,0.00311236496561,0.000596158041843,0.000128770137038,0.000596158041843,0.244652797262,0.477837493894,0.244652796874
24,0.029965735022,0.00236601744198,0.000659756420084,0.0269088768208,0.0752095212188,0.022614727185,0.07829950269,0.275922386972,0.151379958252,0.0277560836086,0.0928625763946,0.216054857974,1,0.4,48,14,10,3,20,7.38628062415e-05,1.59543661482e-05,7.38628062415e-05,0.00134655055841,0.00142483633783,0.000508570560423,7.38628062415e-05,1.59543661482e-05,7.38628062415e-05,0.252051904194,0.492288874598,0.252051903794
25,0.0528343606312,0.0202088965011,0.0274836666434,0.0629061941235,0.0155911800156,0.133927155268,0.0555095705269,0.113348061811,0.0512920390599,0.377622005691,0.068834351989,0.0204425177392,1,0.4,48,14,10,3,20,7.00182681939e-05,1.51239459299e-05,7.00182681939e-05,0.0038246533719,0.000691076603514,0.000783703195218,7.00182681939e-05,1.51239459299e-05,7.00182681939e-05,0.251545358936,0.491299528392,0.251545358537
26,0.194390451818,0.104265415881,0.202400502041,0.0869906328932,0.0912736874356,0.0118202258722,0.106275122409,0.0327469712851,0.0319242524204,0.0155976575341,0.0197897450956,0.102525335314,1,0.4,48,14,10,3,20,0.000707683888012,0.000152859719811,0.000707683888012,0.019709047091,0.00953083153023,0.00356781644304,0.000707683888012,0.000152859719811,0.000707683888012,0.243871835848,0.476312178635,0.243871835461
27,0.232444764414,0.0502873102348,0.115902453103,0.0440196439046,0.0247231063697,0.0501769429985,0.00305218347721,0.0601118850308,0.135430912759,0.0459139975825,0.220001251432,0.0179355486929,1,0.4,48,14,10,3,20,0.000199567120888,4.31064981119e-05,0.000199567120888,0.029237707237,0.00170107620961,0.00267136677721,0.000199567120888,4.31064981119e-05,0.000199567120888,0.244238512428,0.477028343829,0.24423851204
28,0.145641262081,0.0216785816535,0.0238157621704,0.0239015456456,0.0422800827122,0.0545329191997,0.0766435603342,0.0923443961267,0.232933118705,0.156398914267,0.00982579830686,0.120004058798,1,0.4,48,14,10,3,20,0.000304514397297,6.57751098161e-05,0.000304514397297,0.0127887198408,0.00293145752988,0.00125187190446,0.000304514397297,6.57751098161e-05,0.000304514397297,0.248329699688,0.485018943934,0.248329699294
29,0.248838431429,0.00341696985664,0.115765537975,0.0336198160979,0.0594061489554,0.0630977114849,0.0508889067221,0.115059483578,0.120534908734,0.144970112943,0.00939954351431,0.0350024287107,1,0.4,48,14,10,3,20,0.000373723683175,8.07243155659e-05,0.000373723683175,0.0213425780858,0.00428167931138,0.00561090366217,0.000373723683175,8.07243155659e-05,0.000373723683175,0.244644046602,0.477820402761,0.244644046214
30,0.0177858744513,0.0769111963138,0.104024802383,0.0173139711111,0.306218605584,0.0553867414423,0.0867499027993,0.0124831119913,0.0872174388654,0.154434184242,0.0398176412209,0.0416565295962,1,0.4,48,14,10,3,20,0.000428920962885,9.26469279832e-05,0.000428920962885,0.0296206937993,0.00267061994648,0.00471970251596,0.000428920962885,9.26469279832e-05,0.000428920962885,0.243121076912,0.474845852592,0.243121076527
31,0.183194384161,0.008725524322,0.00494706117216,0.120202580361,0.156030026635,0.0181824934187,0.298740874833,0.0277862652736,0.0947257159291,0.00497120294458,0.0151328333628,0.0673610375866,1,0.4,48,14,10,3,20,4.59276021103e-06,9.92036205582e-07,4.59276021103e-06,1.70973754907e-05,5.90930957418e-05,2.02889257023e-05,4.59276021103e-06,9.92036205582e-07,4.59276021103e-06,0.252934872202,0.494013421487,0.252934871801
32,0.0278449655003,0.167177007139,0.0817775359554,0.0494698917173,0.263432889964,0.111523356088,0.00319866049834,0.0416319816536,0.069565796961,0.0204607240587,0.108011446432,0.055905744033,1,0.4,48,14,10,3,20,0.000538580530403,0.000116333394567,0.000538580530403,0.042965960131,0.00531045975967,0.0055132271183,0.000538580530403,0.000116333394567,0.000538580530403,0.238753736651,0.466315891157,0.238753736272
33,0.116427004837,0.0476296844182,0.0293703910124,0.0761691699557,0.0889958085383,0.175329160208,0.0305378978781,0.188697668664,0.00372175884859,0.159056493157,0.0428268267071,0.041238135776,1,0.4,48,14,10,3,20,0.000302819734187,6.54090625844e-05,0.000302819734187,0.0164422350613,0.00210646408424,0.00357354190882,0.000302819734187,6.54090625844e-05,0.000302819734187,0.247028784326,0.482478093623,0.247028783935
34,0.0477117260025,0.00916555023985,0.117676072287,0.132650307171,0.136332827588,6.18583976998e-05,0.0636135581191,0.0709971525906,0.126784821698,0.0773966882719,0.0795085295627,0.138100908071,1,0.4,48,14,10,3,20,0.000417992619581,9.02864058294e-05,0.000417992619581,0.0149176600201,0.00193705103375,0.00155871773487,0.000417992619581,9.02864058294e-05,0.000417992619581,0.247837857159,0.484058313996,0.247837856766
35,0.158760144931,0.0677475758402,0.0134843046921,0.193780585235,0.0314063438012,0.0637642690972,0.0516033509939,0.00367374457212,0.171363189604,0.0642345918963,0.156431727191,0.0237501721459,1,0.4,48,14,10,3,20,0.000271400915971,5.86225978498e-05,0.000271400915971,0.0230700627954,0.00624390748557,0.00209564908916,0.000271400915971,5.86225978498e-05,0.000271400915971,0.244714632833,0.477958266493,0.244714632445
36,0.0130549681757,0.115373156046,0.0573769853503,0.363646913154,0.0278831147103,0.0465474527512,0.0714227415812,0.0083658567147,0.136756347319,0.0407979495162,0.0577444047087,0.0610301099726,1,0.4,48,14,10,3,20,0.000502654554792,0.000108573383835,0.000502654554792,0.00444454826054,0.00408264995336,0.00186021065216,0.000502654554792,0.000108573383835,0.000502654554792,0.24977323695,0.487838352644,0.249773236554
37,0.0875491699535,0.00721679252698,0.0409348726201,0.24572263842,0.0108079245589,0.00601420975859,0.0224180775462,0.190074177647,0.0772872825964,0.117507743665,0.120548765534,0.0739183451738,1,0.4,48,14,10,3,20,6.55248374956e-05,1.4153364899e-05,6.55248374956e-05,0.000960221542692,0.00243367728828,0.00022962134848,6.55248374956e-05,1.4153364899e-05,6.55248374956e-05,0.251974343063,0.492137388014,0.251974342663
38,0.114996650726,0.0162129062985,0.101109006851,0.0298813354238,0.0261439416092,0.0784595419082,0.0838683060148,0.119770844615,0.123467498959,0.205368483093,0.0954177546559,0.00530372984584,1,0.4,48,14,10,3,20,0.000157495936016,3.40191221794e-05,0.000157495936016,0.010838526784,0.00243167684213,0.00105494691688,0.000157495936016,3.40191221794e-05,0.000157495936016,0.249164098943,0.486648629977,0.249164098548
39,0.125212255171,0.0576061956122,0.0886537154083,0.0203944754732,0.172906030919,0.0126222209268,0.0481889400316,0.167414570602,0.0118632417411,0.164176717622,0.0654175530234,0.0655440834691,1,0.4,48,14,10,3,20,0.000159852729343,3.4528189538e-05,0.000159852729343,0.00724732265796,0.00157886931662,0.00280849757324,0.000159852729343,3.4528189538e-05,0.000159852729343,0.249842047576,0.487972748399,0.24984204718
40,0.0183411198978,0.133474767258,0.000880701029605,0.0954865991778,0.006748380374,0.0415082543983,0.0249182181214,0.162259226972,0.117259911176,0.312024327663,0.0450774043244,0.0420210896079,1,0.4,48,14,10,3,20,7.22757132337e-05,1.56115540585e-05,7.22757132337e-05,0.00099099539836,0.000632206592604,0.000710504687164,7.22757132337e-05,1.56115540585e-05,7.22757132337e-05,0.252293051331,0.492759865099,0.252293050931
41,0.113473696168,0.0754027817149,0.147041356885,0.0403234347246,0.131007778713,0.0592525197295,0.102620751392,0.0524440139487,0.00918440118689,0.207685282796,0.0187969960561,0.0427669866852,1,0.4,48,14,10,3,20,0.000249025753472,5.37895627499e-05,0.000249025753472,0.0208043623707,0.00238549006169,0.00204263301396,0.000249025753472,5.37895627499e-05,0.000249025753472,0.24630231363,0.481059205545,0.246302313239
42,0.333091838938,0.115466494147,0.114976827969,0.160150300755,0.0871276946594,0.018826038628,0.0295198146518,0.0353356148647,0.0374238436076,0.0230740823541,0.00855795472131,0.0364494947036,1,0.4,48,14,10,3,20,0.000479042516923,0.000103473183655,0.000479042516923,0.0206623092413,0.00295195686962,0.00302660992898,0.000479042516923,0.000103473183655,0.000479042516923,0.245688160297,0.47985968732,0.245688159908
43,0.0252671920183,0.0641576061457,0.00695811826145,0.20300370265,0.141325042722,0.0152505425611,0.0844799603692,0.0137762624592,0.221829793757,0.0129050239139,0.0319891228524,0.179057632289,1,0.4,48,14,10,3,20,0.000568219483593,0.000122735408456,0.000568219483593,0.0341532073206,0.00232951935451,0.00466138066953,0.000568219483593,0.000122735408456,0.000568219483593,0.241919378982,0.472498786324,0.241919378598
44,0.0375904680337,0.225111393682,0.0713378370713,0.00111054342006,0.00876437924839,0.00625689672141,0.105474801782,0.106411660042,0.141582063348,0.144266374216,0.0942483860948,0.0578451963393,1,0.4,48,14,10,3,20,0.000130468810682,2.81812631073e-05,0.000130468810682,0.00364795005434,0.00298997936141,0.000285244412044,0.000130468810682,2.81812631073e-05,0.000130468810682,0.25106683689,0.490364915022,0.251066836491
45,0.0777931363809,0.0679517703977,0.0950116130778,0.0371773369125,0.0474439961848,0.0341636069698,0.0232067618909,0.274510097731,0.104960446984,0.0293109758352,0.0828690302207,0.125601227415,1,0.4,48,14,10,3,20,0.000276990208388,5.98298850117e-05,0.000276990208388,0.0174662960343,0.00120221852427,0.00244541009582,0.000276990208388,5.98298850117e-05,0.000276990208388,0.247312810979,0.483032833177,0.247312810587
46,0.0281013065248,0.0336280476311,0.0111300478827,0.00300743047822,5.79401668193e-07,0.126634089167,0.129971102384,0.213048366168,0.197163335095,0.156495792483,0.0422863731989,0.0585335295855,1,0.4,48,14,10,3,20,0.000178483555933,3.85524480815e-05,0.000178483555933,0.00213694564545,0.00149960380597,0.00071199778535,0.000178483555933,3.85524480815e-05,0.000178483555933,0.251664294658,0.491531824725,0.251664294259
47,0.0142314013782,0.210121057519,0.0976732103782,0.0496156522961,0.135234780191,0.00183005982918,0.0903944861892,0.00816547555028,0.094856169617,0.0831368234212,0.177525570537,0.0372153130944,1,0.4,48,14,10,3,20,0.000156836522177,3.38766887902e-05,0.000156836522177,0.00222824735243,0.00152247820208,0.000994209339365,0.000156836522177,3.38766887902e-05,0.000156836522177,0.251588292001,0.491383382036,0.251588291602
48,0.127204561795,0.0199873822026,0.0121762933031,0.00605597786478,0.365837143748,0.0756075751703,0.0340996896731,0.0819328055426,0.0684836427246,0.0715418264388,0.0461016215492,0.0909714799873,1,0.4,48,14,10,3,20,0.000644194637479,0.000139146041695,0.000644194637479,0.0282821906088,0.00466273303937,0.00341111175045,0.000644194637479,0.000139146041695,0.000644194637479,0.243045412201,0.474698069952,0.243045411815
49,0.0248688213861,0.0136761096626,0.190504102983,0.0182425230892,0.271300213114,0.00711981565816,0.0106406955021,0.0132652518783,0.300602123725,0.0738627316604,0.0128657148814,0.0630518964591,1,0.4,48,14,10,3,20,0.000577216231205,0.00012467870594,0.000577216231205,0.0522397602511,0.00661769565768,0.00190595753818,0.000577216231205,0.00012467870594,0.000577216231205,0.236946305853,0.462785752886,0.236946305477
50,0.109658936815,0.332406546352,0.0172529324762,0.0573184049532,0.0101350776211,0.069839332424,0.0892098832374,0.171407490837,0.0661642056197,0.00186538565395,0.0500655603196,0.0246762436903,1,0.4,48,14,10,3,20,0.0012732155338,0.000275014555302,0.0012732155338,0.132967848584,0.0285996516821,0.00596671354509,0.0012732155338,0.000275014555302,0.0012732155338,0.209156779996,0.408509335282,0.209156779664
51,0.0366706321189,0.178062867786,0.0866789748772,0.0020171047708,0.0470255003993,0.00879189677941,0.0861107917547,0.01736257741,0.100666746823,0.154043446588,0.102909831431,0.179659629262,1,0.4,48,14,10,3,20,7.58181972899e-05,1.63767306146e-05,7.58181972899e-05,0.00129350438535,0.000339906100014,0.000780454728301,7.58181972899e-05,1.63767306146e-05,7.58181972899e-05,0.252268802458,0.49271250402,0.252268802058
52,0.222098327876,0.0494577619377,0.227413757692,0.154532995606,0.097756736629,0.0551601958175,0.0231623376594,0.062369430625,0.0020490264757,0.00153913240987,0.0539903942528,0.0504699030181,1,0.4,48,14,10,3,20,0.00128802305825,0.000278212980582,0.00128802305825,0.0286045075104,0.00978705867101,0.0072045586834,0.00128802305825,0.000278212980582,0.00128802305825,0.239986177534,0.468723002253,0.239986177154
53,0.0467747635619,0.0221158056858,0.0324214812638,0.114975334813,0.00282442591592,0.121406281077,0.0533504551242,0.092075323984,0.0471334424333,0.00526260512633,0.0109059899091,0.450754091105,1,0.4,48,14,10,3,20,1.34782995239e-07,2.91131269716e-08,1.34782995239e-07,1.48156070203e-06,1.8885857725e-07,1.27082096009e-06,1.34782995239e-07,2.91131269716e-08,1.34782995239e-07,0.252963532038,0.494069397727,0.252963531636
54,0.11911892959,0.00695087514791,0.0213864843157,0.0511365863726,0.137858008198,0.0581723283439,0.203893285626,0.186550655156,0.123871272199,0.0199805412762,0.0629857877918,0.00809524598306,1,0.4,48,14,10,3,20,0.00099805891581,0.000215580725815,0.00099805891581,0.0450412669716,0.0192351934054,0.0111585959793,0.00099805891581,0.000215580725815,0.00099805891581,0.23276307924,0.454615388419,0.23276307887
55,0.0637405685647,0.151668030143,0.205024408109,0.113133270344,0.00924712453775,0.0697826998945,0.0547853991971,0.0333483169428,0.0365482859405,0.0919377024728,0.0143995470415,0.156384646812,1,0.4,48,14,10,3,20,0.000298063411155,6.43816968094e-05,0.000298063411155,0.0200716331787,0.00152080513334,0.00302077036026,0.000298063411155,6.43816968094e-05,0.000298063411155,0.246403990626,0.481257793428,0.246403990235
56,0.064705163496,0.239678306417,0.00274440703446,0.11613733298,0.0145363825183,0.258310782877,0.0818562055944,0.0490442663795,0.00537064522932,0.103301004396,0.0363567778094,0.0279587252677,1,0.4,48,14,10,3,20,0.00049751745858,0.000107463771053,0.00049751745858,0.0175475250027,0.00569395734923,0.00570499509212,0.00049751745858,0.000107463771053,0.00049751745858,0.245084212193,0.478680101181,0.245084211805
57,0.0129687956509,0.049461026165,0.131013118084,0.0248703687324,0.0302279843093,0.00417492312437,0.0228102350747,0.0100473956731,0.146123299168,0.0854833038354,0.0560451776777,0.426774372505,1,0.4,48,14,10,3,20,2.00777436452e-05,4.33679262736e-06,2.00777436452e-05,0.000155260977784,0.000265139395999,5.27592655123e-05,2.00777436452e-05,4.33679262736e-06,2.00777436452e-05,0.252822224692,0.493793406818,0.252822224291
58,0.0295175857604,0.114643834715,0.111504482939,0.115565578235,0.0165137785297,0.187724143853,0.0669367546272,0.0541208492136,0.000266543122699,0.188711383546,0.0163397016233,0.0981553638348,1,0.4,48,14,10,3,20,5.12893882801e-06,1.10785078685e-06,5.12893882801e-06,9.25736612795e-06,1.67152496619e-05,6.91784338929e-05,5.12893882801e-06,1.10785078685e-06,5.12893882801e-06,0.252934607096,0.494012903702,0.252934606695
59,0.0791986099162,0.197919080289,0.0491730624026,0.0052142954578,0.116614725722,0.0345929934598,0.313069452751,0.150787170501,0.00970592942224,0.00442892728392,0.0142131202949,0.0250826324996,1,0.4,48,14,10,3,20,0.00372684926106,0.00080499944039,0.00372684926106,0.13599546876,0.038636996037,0.0274505016957,0.00372684926106,0.00080499944039,0.00372684926106,0.197666311717,0.386067014461,0.197666311404
60,0.0178047660389,0.0339673100816,0.00110650205906,0.039424338463,0.163066934294,0.151119736958,0.00416535819092,0.218235857208,0.287234586422,0.00861183392107,0.0283959223595,0.0468668540031,1,0.4,48,14,10,3,20,1.19193907037e-06,2.574588392e-07,1.19193907037e-06,1.04109615595e-05,5.91186787902e-06,3.12066346627e-06,1.19193907037e-06,2.574588392e-07,1.19193907037e-06,0.252958172336,0.494058929561,0.252958171935
61,0.0545266556628,0.0638051531649,0.103801738246,0.0294222404326,0.0577476007222,0.140530793991,0.0670673086126,0.102184364062,0.0731383919772,0.0891636709597,0.199649620629,0.0189624615402,1,0.4,48,14,10,3,20,0.000228929214294,4.94487102875e-05,0.000228929214294,0.00807329376323,0.0026516128125,0.00120331228845,0.000228929214294,4.94487102875e-05,0.000228929214294,0.249690350805,0.487676465643,0.249690350409
62,0.0441228765776,0.217973751091,0.0460077253503,0.0784062337688,0.145916830338,0.0403674532846,0.10524760671,0.0132575972957,0.0481983005739,0.0810711276352,0.14875323125,0.0306772661246,1,0.4,48,14,10,3,20,0.000339029219664,7.32303114475e-05,0.000339029219664,0.0103780497872,0.00425749173644,0.000712822395579,0.000339029219664,7.32303114475e-05,0.000339029219664,0.248701738433,0.485745582107,0.248701738039
63,0.00566894008508,0.0351470739635,0.0215959224107,0.31293921903,0.101562798993,0.0849841002557,0.114943602119,0.15942926551,0.0590348965478,0.0479893910807,0.0160220745451,0.0406827154595,1,0.4,48,14,10,3,20,0.0012445595497,0.000268824862734,0.0012445595497,0.0179600010571,0.00928729365375,0.00621606565826,0.0012445595497,0.000268824862734,0.0012445595497,0.243104063961,0.474812624171,0.243104063575
64,0.0443725295741,0.0916769913771,0.000899662925545,0.351217359663,0.0044308128887,0.0623057191439,0.107068364496,0.0213261240956,0.0577224563092,0.193776282633,0.00102352457324,0.0641801723208,1,0.4,48,14,10,3,20,0.000207681526362,4.48592096942e-05,0.000207681526362,0.0207323160474,0.00503864438336,0.00432762455785,0.000207681526362,4.48592096942e-05,0.000207681526362,0.245117716145,0.478745538586,0.245117715756
65,0.0155913724861,0.0407251196425,0.00925834237326,0.0514365463292,0.267261596938,0.0115238956023,0.00520802614747,0.39094346676,0.0717314519419,0.0115922784482,0.0148434001309,0.109884503199,1,0.4,48,14,10,3,20,0.000819218092688,0.000176951108021,0.000819218092688,0.0385371949582,0.00977935234854,0.00579755652511,0.000819218092688,0.000176951108021,0.000819218092688,0.238357027086,0.465541067788,0.238357026708
66,0.013496838594,0.380610943432,0.0704150980608,0.192746087821,0.0072309023216,0.150521366221,0.0140481675014,0.016427023871,0.0199891114203,0.0910456906294,0.0245922040267,0.0188765661007,1,0.4,48,14,10,3,20,0.000840864883174,0.000181626814766,0.000840864883174,0.0179425514048,0.00390047134913,0.00862455194944,0.000840864883174,0.000181626814766,0.000840864883174,0.244314488734,0.477176735053,0.244314488347
67,0.0781435085662,0.0098700181939,0.000433320595838,0.048673369954,0.183373652079,0.0278366007028,0.00212034267499,0.0127257637376,0.326681898108,0.270618554072,0.0374724819057,0.00205048940964,1,0.4,48,14,10,3,20,0.000161510174279,3.48861976442e-05,0.000161510174279,0.00378492354645,0.00175061177391,0.000804486902222,0.000161510174279,3.48861976442e-05,0.000161510174279,0.251179551838,0.490585061406,0.25117955144
68,0.0810492416824,0.0414974494332,0.154026984057,0.0269311241559,0.103063991064,0.340398712987,0.00181460499952,0.0333945716244,0.0642543039279,0.0606478406782,0.0355990797169,0.0573220956727,1,0.4,48,14,10,3,20,0.000610017074804,0.000131763688158,0.000610017074804,0.0139435086292,0.00855724215754,0.000928133263651,0.000610017074804,0.000131763688158,0.000610017074804,0.246353839413,0.48115984184,0.246353839022
69,0.0244233074505,0.0992754426196,0.0118706933526,0.024066138854,0.0203652535582,0.226154003138,0.107158519585,0.0087447854954,0.0590915850986,0.0430913816484,0.0426804494986,0.333078439701,1,0.4,48,14,10,3,20,0.000122238530227,2.64035225291e-05,0.000122238530227,0.00475443111325,0.000964769914248,0.00120458877844,0.000122238530227,2.64035225291e-05,0.000122238530227,0.251075908352,0.490382632722,0.251075907954
70,0.0016294474316,0.0714922454577,0.113970854813,0.34171012228,0.0628637047257,0.00677927331207,0.184457264035,0.0535635873552,0.012795116689,0.0596216234414,0.0363055070571,0.054811253402,1,0.4,48,14,10,3,20,0.00101973681948,0.000220263153008,0.00101973681948,0.0391141802767,0.00636304993315,0.00401445332145,0.00101973681948,0.000220263153008,0.00101973681948,0.239301525756,0.467385791752,0.239301525377
71,0.0432006891823,0.0056457530453,0.0796532440197,0.0720845601763,0.149638652118,0.127260682884,0.0654018227662,0.15309923262,0.100323922896,0.0579815920443,0.100009704237,0.0457001440108,1,0.4,48,14,10,3,20,0.000499452749942,0.000107881793987,0.000499452749942,0.0482591702352,0.00294877328394,0.00437976465194,0.000499452749942,0.000107881793987,0.000499452749942,0.238342758794,0.465513200031,0.238342758416
72,0.0519683895263,0.0899921759613,0.0179878412933,0.056751760281,0.010874973444,0.195614180347,0.234276657414,0.171268313216,0.0260294807373,0.00734620549499,0.116646558265,0.0212434640212,1,0.4,48,14,10,3,20,9.85052468582e-07,2.12771333214e-07,9.85052468582e-07,5.22093985879e-06,3.31790183811e-06,1.0178753878e-05,9.85052468582e-07,2.12771333214e-07,9.85052468582e-07,0.252958587911,0.494059741231,0.25295858751
73,0.375250859133,0.0352891289456,0.0428547703712,0.0254334843407,0.0977334387907,0.0360014464579,0.00770086470506,0.0778201639184,0.0331898756236,0.119366812162,0.144529417806,0.00482973774651,1,0.4,48,14,10,3,20,0.000169981796443,3.67160680317e-05,0.000169981796443,0.00405769286366,0.00148497502272,0.00286923045595,0.000169981796443,3.67160680317e-05,0.000169981796443,0.250645943022,0.489542856689,0.250645942625
74,0.255573882954,0.116322182043,0.0303679713341,0.0524435836312,0.050946844141,0.0235368861378,0.186676061468,0.0482546115644,0.0882933193772,0.0413037212633,0.0127732134102,0.093507722675,1,0.4,48,14,10,3,20,0.000535971479405,0.000115769839551,0.000535971479405,0.0109664012098,0.0099768839373,0.00204660432148,0.000535971479405,0.000115769839551,0.000535971479405,0.246547904781,0.481538875763,0.246547904391
75,0.0583461022965,0.00122907659818,0.0171085826622,0.190906921322,0.0845940716171,0.0117090060922,0.0504568223116,0.1114723503,0.0201512882324,0.0509327175479,0.0109819264041,0.392111134616,1,0.4,48,14,10,3,20,2.57429153476e-07,5.56046971509e-08,2.57429153476e-07,2.25878893811e-06,5.05300379718e-06,6.0644310087e-07,2.57429153476e-07,5.56046971509e-08,2.57429153476e-07,0.252962135531,0.494066670176,0.25296213513
76,0.158016277223,0.0301930158946,0.13469949202,0.173426546724,0.0290490176719,0.136513228973,0.0858839005733,0.046232457166,0.155711844114,0.0289287020655,0.00913733601222,0.0122081815638,1,0.4,48,14,10,3,20,0.00416928208228,0.000900564929772,0.00416928208228,0.0911449392847,0.0320139383579,0.00955999605256,0.00416928208228,0.000900564929772,0.00416928208228,0.214716931319,0.419369005818,0.214716930979
77,0.0148834059672,0.0184741179055,0.0806455457888,0.0335652668733,0.134885148395,0.0101060477168,0.0488502314642,0.0588538648807,0.0564318724824,0.0592656986477,0.462981925563,0.0210568743155,1,0.4,48,14,10,3,20,7.63584294209e-05,1.64934207549e-05,7.63584294209e-05,0.003549428882,0.000852936021504,0.000262528664337,7.63584294209e-05,1.64934207549e-05,7.63584294209e-05,0.251698766685,0.491599152902,0.251698766286
78,0.189347235684,0.0342767903325,0.127689875562,0.0115015392769,0.003172765357,0.349084804107,0.00203345170801,0.0036563756334,0.0366569304528,0.0197055477506,0.0933865871955,0.12948809694,1,0.4,48,14,10,3,20,9.65237907567e-05,2.08491388034e-05,9.65237907567e-05,0.00136012572285,0.000565857100128,0.000239343400011,9.65237907567e-05,2.08491388034e-05,9.65237907567e-05,0.252308460147,0.492789960443,0.252308459747
79,0.0107768582664,0.0433459834267,0.0595948471076,0.178417528385,0.218229505095,0.0839836389666,0.0802276181468,0.0654764193503,0.0974909575876,0.0433580227196,0.0966910854656,0.0224075354825,1,0.4,48,14,10,3,20,0.000569943246074,0.000123107741152,0.000569943246074,0.0285773490964,0.011784555278,0.00138611623124,0.000569943246074,0.000123107741152,0.000569943246074,0.241764677833,0.472196635644,0.24176467745
80,0.0602451624649,0.0726466673373,0.0436846675558,0.19361785572,6.40193095156e-05,0.0379053424836,0.0987088974531,0.0447928672566,0.102024577684,0.163438635796,0.0685385506919,0.114332756248,1,0.4,48,14,10,3,20,0.000263584310853,5.69342111443e-05,0.000263584310853,0.0174045706264,0.000721797077344,0.00217106338101,0.000263584310853,5.69342111443e-05,0.000263584310853,0.247534384673,0.483465594297,0.24753438428
81,0.0712870013914,0.189985529796,0.0233810626344,0.0176756048599,0.137774946068,0.226506578118,0.0193446088214,0.0863856360999,0.0876155539577,0.0312017409951,0.096822508095,0.0120192291627,1,0.4,48,14,10,3,20,0.00114363050873,0.000247024189887,0.00114363050873,0.0433014548396,0.00494938894046,0.00690420826287,0.00114363050873,0.000247024189887,0.00114363050873,0.23772999302,0.46431639188,0.237729992643
82,0.00941214284559,0.162958729216,0.131063940199,0.0290825271625,0.0630478792372,0.055514072127,0.0691248023727,0.313156170417,0.0399337310662,0.0804881728203,0.00241750420326,0.0438003283338,1,0.4,48,14,10,3,20,0.000874993735847,0.000188998646943,0.000874993735847,0.0574061924815,0.016085068259,0.0025218887613,0.000874993735847,0.000188998646943,0.000874993735847,0.23275481533,0.45459924797,0.232754814961
83,0.124793432021,0.0951760542804,0.0234913804691,0.386355562423,0.000531337533176,0.0263795624624,0.108390770202,0.00823790868845,0.0828215883558,0.122915919621,0.0158032101882,0.00510327375486,1,0.4,48,14,10,3,20,0.000769847512448,0.000166287062689,0.000769847512448,0.0526345682815,0.00981025519419,0.00684214259913,0.000769847512448,0.000166287062689,0.000769847512448,0.23457418393,0.458152702262,0.234574183558
84,0.0827903671215,0.00846365459017,0.0138111605549,0.0865957726781,0.0733492631053,0.0750986578235,0.287484008701,0.00260386999792,0.135877301441,0.0280977516454,0.119457033099,0.0863711592424,1,0.4,48,14,10,3,20,0.000204885971304,4.42553698017e-05,0.000204885971304,0.00459256556076,0.00374418255835,0.00153749137216,0.000204885971304,4.42553698017e-05,0.000204885971304,0.250236890322,0.488743925636,0.250236889926
85,0.124004157698,0.0396008893764,0.0372568491879,0.00698943853628,0.11955714577,0.0852031729166,0.0189453139835,0.130989782867,0.145839269253,0.144756062669,0.0489733672683,0.097884550475,1,0.4,48,14,10,3,20,0.000123877437097,2.67575264129e-05,0.000123877437097,0.0186206123359,0.00189227955865,0.00294025203465,0.000123877437097,2.67575264129e-05,0.000123877437097,0.246892732313,0.482212367035,0.246892731922
86,0.0761129342183,0.0994537596704,0.112410378013,0.0756910639029,0.148905667776,0.0398397078075,0.153700136175,0.00549742047528,0.0691419074485,0.0528931703506,0.0601007317458,0.106253122416,1,0.4,48,14,10,3,20,2.86041284471e-06,6.17849174456e-07,2.86041284471e-06,9.84879662998e-06,1.30557027347e-05,7.51624804475e-06,2.86041284471e-06,6.17849174456e-07,2.86041284471e-06,0.252953524892,0.494049852521,0.252953524491
87,0.00086125657958,0.156090011277,0.0321629975574,0.135696003876,0.0923588448439,0.00126755724966,0.162656369573,0.103212463611,0.197179964157,0.07146903197,0.0303382057869,0.016707293519,1,0.4,48,14,10,3,20,0.000882646718003,0.000190651691089,0.000882646718003,0.0501660164758,0.00936323067545,0.00903748911693,0.000882646718003,0.000190651691089,0.000882646718003,0.234629912936,0.458261547977,0.234629912564
88,0.0117936746697,0.254217878318,0.0445769125576,0.106338580764,0.154531741354,0.0286195873934,0.0772379891465,0.172489494617,0.00287978420525,0.111936607644,0.00548145319616,0.0298962961352,1,0.4,48,14,10,3,20,4.79669088168e-07,1.03608523044e-07,4.79669088168e-07,2.3726144791e-06,1.65487330417e-06,1.42774488171e-06,4.79669088168e-07,1.03608523044e-07,4.79669088168e-07,0.252962509422,0.494067400431,0.252962509021
89,0.178390624658,0.0592050460139,0.251446937461,0.0289102296742,0.0752503030218,0.00125639184654,0.170088999698,0.0302203525102,0.0170514457852,0.0302775421352,0.00332869251763,0.154573434678,1,0.4,48,14,10,3,20,0.000429381723599,9.27464522975e-05,0.000429381723599,0.0370136771474,0.00575293880577,0.00390134420828,0.000429381723599,9.27464522975e-05,0.000429381723599,0.240677697054,0.470073626313,0.240677696672
90,0.059406319366,0.143728542035,0.177028594517,0.238293026512,0.00520443679071,0.0215266334584,0.0345689957219,0.0496938047934,0.00631538476336,0.126162263086,0.128992220974,0.00907977798092,1,0.4,48,14,10,3,20,0.000250004464512,5.40009643346e-05,0.000250004464512,0.0037642484722,0.00294491662468,0.000372187820341,0.000250004464512,5.40009643346e-05,0.000250004464512,0.250892807202,0.49002501329,0.250892806804
91,0.0989056413928,0.134582617151,0.078177912514,0.159628225271,0.0387753453294,0.00381733577614,0.103494698095,0.13788843907,0.00334493387064,0.0672822620237,0.0572955248519,0.116807064655,1,0.4,48,14,10,3,20,0.000367467612204,7.93730042361e-05,0.000367467612204,0.0102663357747,0.00368373395802,0.00116727866142,0.000367467612204,7.93730042361e-05,0.000367467612204,0.248728293771,0.485797448001,0.248728293377
92,0.0277885354521,0.186981764552,0.0632795066922,0.126029525389,0.0707795377066,0.114033543952,0.0453779831235,0.000881585638688,0.136314037916,0.193381652354,0.0152103021923,0.0199420250326,1,0.4,48,14,10,3,20,0.000606471677101,0.000130997882254,0.000606471677101,0.0348329816663,0.00245249495105,0.00158063171068,0.000606471677101,0.000130997882254,0.000606471677101,0.242452745697,0.473540518189,0.242452745313
93,0.0413915940444,0.118108713233,0.0387609683573,0.156728962861,0.0727531481862,0.191512043436,0.134359686196,0.00357979647046,0.0338504839099,0.0420521625749,0.020237479453,0.146664961278,1,0.4,48,14,10,3,20,0.00036026729333,7.78177353593e-05,0.00036026729333,0.0569479615295,0.00488763429131,0.00336828628442,0.00036026729333,7.78177353593e-05,0.00036026729333,0.236066255015,0.461066903595,0.236066254641
94,0.0235894568172,0.00403583013325,0.0427228400089,0.0619965221109,0.147609100285,0.0206068229042,0.0477069729456,0.0582055882017,0.0497641935173,0.409867365445,0.121750532598,0.0121447750327,1,0.4,48,14,10,3,20,4.48452623807e-05,9.68657667424e-06,4.48452623807e-05,0.00049769966802,0.000227604664831,0.000350176294705,4.48452623807e-05,9.68657667424e-06,4.48452623807e-05,0.252642091093,0.493441583384,0.252642090693
