run_ID,t1_initial,t2_initial,t3_initial,t4_initial,t5_initial,t6_initial,t7_initial,t8_initial,t9_initial,t10_initial,t11_initial,t12_initial,alpha,prior_cost_c,lambda,k,sample_amount,learning_parameter,generations,t1_final,t2_final,t3_final,t4_final,t5_final,t6_final,t7_final,t8_final,t9_final,t10_final,t11_final,t12_final
0,0.0150373014248,0.151836098381,0.0095043680347,0.0490839084933,0.0571946042738,0.0934377012937,0.00524709133826,0.0683686857226,0.0153621058696,0.0933060805783,0.297411049707,0.144211004883,1,0.4,46,18,10,3,20,5.50566423448e-05,1.18922347465e-05,5.50566423448e-05,0.0107855797855,0.000799541362386,0.000351070506522,5.50566423448e-05,1.18922347465e-05,5.50566423448e-05,0.249883269918,0.488053258855,0.249883268534
1,0.000542639678417,0.0455923473828,0.0584595530817,0.0461229156982,0.131216222822,0.32688975517,0.0286260172492,0.0867810323074,0.163443469791,0.0156852320861,0.0339848774257,0.062655937308,1,0.4,46,18,10,3,20,0.000971929317014,0.000209936732475,0.000971929317014,0.10371914934,0.015709144431,0.00292730763983,0.000971929317014,0.000209936732475,0.000971929317014,0.220923145985,0.431490517111,0.220923144761
2,0.0194206361428,0.0663151808992,0.0513931405451,0.0787225833397,0.0044523449539,0.02903306642,0.18068529807,0.0746640915543,0.0922291363537,0.25787620829,0.0346423615572,0.110565951874,1,0.4,46,18,10,3,20,4.15293666671e-05,8.97034320009e-06,4.15293666671e-05,0.00171658801856,0.00119691987563,0.000610163555407,4.15293666671e-05,8.97034320009e-06,4.15293666671e-05,0.252026504227,0.49223926334,0.25202650283
3,0.0400089607989,0.0913560768297,0.0150045638139,0.00176286559258,0.0104847727612,0.0488181705951,0.234397300116,0.0375832452371,0.137945843616,0.033096776233,0.0974418841351,0.252099540272,1,0.4,46,18,10,3,20,7.55405554818e-05,1.63167599841e-05,7.55405554818e-05,0.00772217131273,0.00260785734895,0.000478434152955,7.55405554818e-05,1.63167599841e-05,7.55405554818e-05,0.250145579899,0.488565583032,0.250145578513
4,0.0439515167277,0.0176794923122,0.0318126794225,0.0472870975825,0.160734689856,0.0275457572925,0.0832824015935,0.0527353760166,0.0363998489341,0.136834059504,0.0245922893312,0.337144791427,1,0.4,46,18,10,3,20,6.19847457963e-05,1.3388705092e-05,6.19847457963e-05,0.00961600286266,0.00112385434919,0.00127824472051,6.19847457963e-05,1.3388705092e-05,6.19847457963e-05,0.249854782169,0.48799761872,0.249854780785
5,0.16454827107,0.0249801392843,0.0645170215835,0.0851247056143,0.138798905594,0.0920065986854,0.0467310039276,0.0595016475176,0.0568807070019,0.0739589416216,0.177500283521,0.0154517745788,1,0.4,46,18,10,3,20,0.000266399889591,5.75423761516e-05,0.000266399889591,0.00752846318068,0.000592267829962,0.00389167061421,0.000266399889591,5.75423761516e-05,0.000266399889591,0.249627046488,0.487552822471,0.249627045105
6,0.0524816835331,0.187017904081,0.0939996344897,0.130788131641,0.119734426126,0.105404441927,0.0854022711069,0.0150755614176,0.0409769671149,0.09733222005,0.0628642366751,0.00892252183681,1,0.4,46,18,10,3,20,0.000195677825472,4.2266410302e-05,0.000195677825472,0.0831116586843,0.00846272125968,0.00255339363839,0.000195677825472,4.2266410302e-05,0.000195677825472,0.228934067615,0.447136848333,0.228934066347
7,0.0635434695069,0.0437859897392,0.0240953492653,0.37118255919,0.0288275578982,0.167986462383,0.0169952024407,0.0362450142205,0.133692180806,0.00143192987722,0.0664678799973,0.0457464046745,1,0.4,46,18,10,3,20,0.000374498875464,8.08917571002e-05,0.000374498875464,0.156767190929,0.00836943351855,0.00490543085248,0.000374498875464,8.08917571002e-05,0.000374498875464,0.209529971633,0.409238223578,0.209529970472
8,0.100554707439,0.00789997200009,0.00775007550127,0.0529352129964,0.100082054856,0.053378482686,0.20291119906,0.11864449588,0.250164585829,0.0324975802827,0.0142331157569,0.058948517712,1,0.4,46,18,10,3,20,0.000578611091116,0.000124979995681,0.000578611091116,0.0228472777199,0.0255081270286,0.000737977364547,0.000578611091116,0.000124979995681,0.000578611091116,0.239896845523,0.468548523815,0.239896844193
9,0.133494278807,0.00654484781039,0.0477048942123,0.111935439416,0.0306495351085,0.179775197989,0.0307236540187,0.109631015413,0.195198923402,0.0195267420473,0.0229130368816,0.111902434895,1,0.4,46,18,10,3,20,0.000176205018296,3.80602839519e-05,0.000176205018296,0.080245157588,0.00511347754396,0.00108073246102,0.000176205018296,3.80602839519e-05,0.000176205018296,0.230900792549,0.450978107948,0.230900791269
10,0.0800193758599,0.0925861236683,0.0752956350846,0.0377736331516,0.00743820781564,0.387559162227,0.0536540839877,0.16494032807,0.0753986076855,0.00982218000369,0.0133964467609,0.00211621568504,1,0.4,46,18,10,3,20,6.39419706201e-06,1.3811465654e-06,6.39419706201e-06,3.73690122537e-05,3.77346427063e-05,6.01120211252e-05,6.39419706201e-06,1.3811465654e-06,6.39419706201e-06,0.252923054389,0.493990337866,0.252923052987
11,0.0477394499077,0.0121571955427,0.0282801513206,0.0436558472143,0.114421250725,0.0292670106864,0.0211532014005,0.451751830909,0.0529734547615,0.0923363271409,0.0949018590828,0.0113624213091,1,0.4,46,18,10,3,20,0.00034074426517,7.36007612766e-05,0.00034074426517,0.0508422130442,0.00293391755682,0.0012127686209,0.00034074426517,7.36007612766e-05,0.00034074426517,0.238672171029,0.466156581459,0.238672169707
12,0.176601662183,0.00279517145261,0.0584826442683,0.0554144163322,0.071837428294,0.156562301676,0.263535124636,0.00874397121369,0.00176431897166,0.0282658184771,0.0458812147701,0.130115927726,1,0.4,46,18,10,3,20,0.000218328373069,4.71589285828e-05,0.000218328373069,0.0430770650403,0.00767682778169,0.00108254529288,0.000218328373069,4.71589285828e-05,0.000218328373069,0.239606876701,0.467982178462,0.239606875373
13,0.119373188059,0.165267477232,0.0437957877447,0.00321554189267,0.0104792042454,0.0376444234078,0.0564839022189,0.037655398879,0.00778229614785,0.350039243247,0.125214058843,0.0430494780826,1,0.4,46,18,10,3,20,3.56168913788e-05,7.69324853782e-06,3.56168913788e-05,0.00992896889263,0.000656012689587,0.000226933571523,3.56168913788e-05,7.69324853782e-06,3.56168913788e-05,0.25018946653,0.488651299109,0.250189465144
14,0.1810339304,0.103250703997,0.0803736518707,0.0942835730121,0.0387568451404,0.119902168867,0.00919062745448,0.102198013063,0.00401841632666,0.0875353288179,0.0739494910301,0.105507250021,1,0.4,46,18,10,3,20,0.00015330837102,3.31146081403e-05,0.00015330837102,0.0102649956008,0.00302120931048,0.00185422315498,0.00015330837102,3.31146081403e-05,0.00015330837102,0.248962558307,0.486254993999,0.248962556927
15,0.109625868583,0.0685808460249,0.169676038193,0.0775969232868,0.234827842524,0.0466073663366,0.108753311203,0.0711031037567,0.0273872090196,0.0510646363897,0.0185877269265,0.0161891277563,1,0.4,46,18,10,3,20,0.000835469218694,0.000180461351238,0.000835469218694,0.155044314431,0.00732752636522,0.0150839242643,0.000835469218694,0.000180461351238,0.000835469218694,0.207137755257,0.404565925995,0.20713775411
16,0.0872938296768,0.00247929599667,0.0303986447287,0.199071656644,0.0971661428554,0.0595190514922,0.00366837070372,0.0660442297427,0.0928573242362,0.0196052547679,0.286509500553,0.0553866986033,1,0.4,46,18,10,3,20,0.000155943846549,3.36838708546e-05,0.000155943846549,0.00796485024428,0.0033979847259,0.000642333581776,0.000155943846549,3.36838708546e-05,0.000155943846549,0.249752712704,0.487798264297,0.24975271132
17,0.0187042192403,0.0743227709755,0.145707847485,0.273399496285,0.0487209672706,0.118778027671,0.0992548651345,0.030402425247,0.0453710615432,0.0561790386498,0.0582296257268,0.0309296547723,1,0.4,46,18,10,3,20,0.000336758595559,7.27398566408e-05,0.000336758595559,0.0207023278371,0.014526058427,0.00303638433553,0.000336758595559,7.27398566408e-05,0.000336758595559,0.242907249146,0.474428218359,0.2429072478
18,0.282946563633,0.0508162406784,0.000656060442677,0.116598919507,0.00511202803347,0.166077983228,0.0339691831831,0.00168546261512,0.0894403879988,0.00720022166698,0.241527979568,0.00396896944542,1,0.4,46,18,10,3,20,0.000107093279101,2.31321482858e-05,0.000107093279101,0.0436198709697,0.00175719901484,0.00338179399513,0.000107093279101,2.31321482858e-05,0.000107093279101,0.24051010341,0.46974629312,0.240510102077
19,0.0419135468696,0.0955121741754,0.0343651910712,0.0989098839091,0.0915160815482,0.0934647906897,0.0736275979709,0.0550837146992,0.0318089222688,0.106365260569,0.125311347444,0.152121488785,1,0.4,46,18,10,3,20,9.05434817259e-05,1.95573920528e-05,9.05434817259e-05,0.00542290609754,0.00164013762364,0.00182698648754,9.05434817259e-05,1.95573920528e-05,9.05434817259e-05,0.250614054749,0.48948057297,0.250614053361
20,0.319988602729,0.181234053095,0.0038139049244,0.0180891804238,0.104225148069,0.0121829602969,0.0916340557155,0.112287045168,0.0439556928548,0.0464671644748,0.0537201765399,0.0124020157087,1,0.4,46,18,10,3,20,0.000655877361066,0.00014166950999,0.000655877361066,0.0193101254916,0.0222316311509,0.00172597009712,0.000655877361066,0.00014166950999,0.000655877361066,0.241283902924,0.471257620286,0.241283901586
21,0.00400072398558,0.0132263944786,0.0191933637527,0.00939228993163,0.0215051831307,0.0099309670037,0.0944095985902,0.175758203424,0.0542907042536,0.00251121903979,0.483148186876,0.112633165534,1,0.4,46,18,10,3,20,2.38474802327e-05,5.15105573026e-06,2.38474802327e-05,0.00417079314631,0.000774168227166,0.000346425701515,2.38474802327e-05,5.15105573026e-06,2.38474802327e-05,0.251599158896,0.491404604495,0.251599157502
22,0.0313614936235,0.00124529510582,0.0798724138736,0.0364621356025,0.01415874197,0.479343844304,0.0865381675169,0.00642098709725,0.0183965865289,0.0422330182077,0.143167721769,0.0607995944001,1,0.4,46,18,10,3,20,0.000158531706124,3.42428485228e-05,0.000158531706124,0.0249531912881,0.000747171202884,0.00109032969665,0.000158531706124,3.42428485228e-05,0.000158531706124,0.246009599827,0.480487497,0.246009598464
23,0.0460038322264,0.0889769235662,0.0971114709301,0.0901705164313,0.0891229741039,0.0328899887267,0.0175608438546,0.026515705489,0.0194276083764,0.156153428955,0.314939736201,0.0211269711401,1,0.4,46,18,10,3,20,9.00852523623e-05,1.94584145103e-05,9.00852523623e-05,0.0046843600363,0.00110486094526,0.000338038482674,9.00852523623e-05,1.94584145103e-05,9.00852523623e-05,0.251313451209,0.490846581672,0.251313449816
24,0.0638990687114,0.230231362161,0.0902665628345,0.0073540964845,0.032202475744,0.0580902723632,0.0374987472743,0.173270356473,0.0982587232873,0.0732952675171,0.0779663513739,0.0576667157758,1,0.4,46,18,10,3,20,0.000188715192963,4.07624816801e-05,0.000188715192963,0.0110090359011,0.00426304086029,0.00277136395611,0.000188715192963,4.07624816801e-05,0.000188715192963,0.248188503427,0.484743168069,0.248188502051
25,0.00318967428476,0.00340264531884,0.236274980448,0.0312205921123,0.217984111167,0.0390701135568,0.136089030312,0.0354476540646,0.0077988074748,0.175442092363,0.0229342017352,0.091146097162,1,0.4,46,18,10,3,20,0.000137134936057,2.96211461882e-05,0.000137134936057,0.0194305325513,0.00491649379453,0.000870767006452,0.000137134936057,2.96211461882e-05,0.000137134936057,0.246431476021,0.481311473936,0.246431474655
26,0.128065206757,0.00880245853832,0.149137020344,0.0635497859199,0.0173704720442,0.0667088147268,0.00129671745754,0.0754779231248,0.121161564586,0.0816484122366,0.0607421188371,0.226039505428,1,0.4,46,18,10,3,20,4.81722505701e-05,1.04052061232e-05,4.81722505701e-05,0.0229536528512,0.00129732460004,0.00206698589996,4.81722505701e-05,1.04052061232e-05,4.81722505701e-05,0.246252911624,0.480962715351,0.24625291026
27,0.161085092093,0.111051190296,0.0897554123137,0.0568290270481,0.0454543159446,0.0158061715727,0.113693407428,0.00943365132807,0.0911451559543,0.0243260544429,0.155462124646,0.125958396933,1,0.4,46,18,10,3,20,5.37488431237e-05,1.16097501147e-05,5.37488431237e-05,0.0379967509019,0.000515767461278,0.000599870858793,5.37488431237e-05,1.16097501147e-05,5.37488431237e-05,0.243010124871,0.474629147509,0.243010123525
28,0.0969378224818,0.100408855662,0.00423854442926,0.0243041050416,0.265081697754,0.04465142365,0.225926193674,0.0379999943362,0.00637474634296,0.0201572770017,0.152841195995,0.0210781436318,1,0.4,46,18,10,3,20,0.000126027713928,2.72219862084e-05,0.000126027713928,0.107241217835,0.00201788530502,0.000416736134918,0.000126027713928,2.72219862084e-05,0.000126027713928,0.225079047483,0.439607512179,0.225079046236
29,0.020420897794,0.00928669810385,0.00813497329108,0.03110862777,0.0274519122988,0.0228196764863,0.0786231366156,0.04524501652,0.0950092706598,0.302421433568,0.308993270107,0.050485086785,1,0.4,46,18,10,3,20,2.26078236661e-05,4.88328991189e-06,2.26078236661e-05,0.00508358300917,0.000632098758568,0.000116526720272,2.26078236661e-05,4.88328991189e-06,2.26078236661e-05,0.251463740143,0.491140114745,0.251463738749
30,0.00264386482985,0.16840502702,0.129652998755,0.050444675362,0.171516673871,0.0156853418502,0.0284454063559,0.00956120533404,0.0816586975732,0.0509007003501,0.137155453053,0.153929955645,1,0.4,46,18,10,3,20,6.06140499258e-05,1.3092634784e-05,6.06140499258e-05,0.0149008125968,0.000849067389412,0.000833329727192,6.06140499258e-05,1.3092634784e-05,6.06140499258e-05,0.248701509031,0.485745132134,0.248701507653
31,0.14667332999,0.0606878839519,0.0992764614677,0.0365460641269,0.0231171995078,0.10029613086,0.0509158523671,0.0592101611492,0.00534601943191,0.282440142873,0.0025629729196,0.132927781355,1,0.4,46,18,10,3,20,5.06801835657e-05,1.09469196502e-05,5.06801835657e-05,0.0100410377524,0.000989769892178,0.000999581772364,5.06801835657e-05,1.09469196502e-05,5.06801835657e-05,0.249864347851,0.488016301692,0.249864346466
32,0.011539121406,0.0866518970327,0.00312833937313,0.0101955333882,0.100061665869,0.0772006341548,0.0425740274845,0.105431436785,0.157283903248,0.290444940004,0.0104844032312,0.105004098024,1,0.4,46,18,10,3,20,4.08747907679e-05,8.82895480586e-06,4.08747907679e-05,0.0111930152069,0.00201133692842,0.00101405159842,4.08747907679e-05,8.82895480586e-06,4.08747907679e-05,0.249321851263,0.486956738049,0.249321849881
33,0.0219329127473,0.130431511271,0.110704704614,0.0563208754563,0.178732931052,0.0241790526913,0.140388188295,0.0662665732693,0.119571671183,0.0798608417048,0.0579631583584,0.0136475793573,1,0.4,46,18,10,3,20,0.000465799579497,0.000100612709171,0.000465799579497,0.0286768993317,0.0111917869845,0.00184871357488,0.000465799579497,0.000100612709171,0.000465799579497,0.241889183957,0.472439809799,0.241889182617
34,0.129839335178,0.025659875089,0.114072170272,0.000275769598721,0.0973357958064,0.0324870872231,0.0105514120026,0.341752848884,0.189266459137,0.014895850778,0.0343420245877,0.00952137144384,1,0.4,46,18,10,3,20,0.000851639580355,0.000183954149357,0.000851639580355,0.243091717022,0.0275373227927,0.00783043723897,0.000851639580355,0.000183954149357,0.000851639580355,0.181569279822,0.354627497688,0.181569278816
35,0.0189472056385,0.0193845333116,0.0347425546391,0.00774345121023,0.043420565674,0.151900496931,0.0229539666812,0.113477326962,0.178396617315,0.223998152568,0.0318367308115,0.153198398258,1,0.4,46,18,10,3,20,3.78309541004e-05,8.17148608568e-06,3.78309541004e-05,0.0176109644863,0.000266160714494,0.00181956059581,3.78309541004e-05,8.17148608568e-06,3.78309541004e-05,0.247939453337,0.484256742115,0.247939451963
36,0.0381704584427,0.0147058166647,0.0628534031897,0.127182867565,0.0165267467576,0.0340650563351,0.0730893426757,0.542501183249,0.0432961751594,0.0175379899463,0.0145804108916,0.0154905491232,1,0.4,46,18,10,3,20,0.00122413000357,0.000264412080772,0.00122413000357,0.142719030361,0.037305625871,0.0279055067543,0.00122413000357,0.000264412080772,0.00122413000357,0.198993074111,0.388658345719,0.198993073008
37,0.0870871044007,0.0347329477466,0.0687851479109,0.0242701080762,0.203201377827,0.0405436906825,0.188114563862,0.0301312290504,0.0999240076649,0.0980194038029,0.0930479366944,0.0321424822816,1,0.4,46,18,10,3,20,0.000217634362386,4.70090222754e-05,0.000217634362386,0.0053622413107,0.00153119148811,0.00382338867617,0.000217634362386,4.70090222754e-05,0.000217634362386,0.250009455082,0.488299714252,0.250009453697
38,0.235229901686,0.179935109319,0.0676385038251,0.0358092767526,0.0231155091822,0.0234471870895,0.0057777005764,0.219312930322,0.103670858422,0.028121991786,0.0171623987841,0.0607786322551,1,0.4,46,18,10,3,20,0.00102451226569,0.000221294649388,0.00102451226569,0.0146599339941,0.0159833656327,0.00278289004477,0.00102451226569,0.000221294649388,0.00102451226569,0.243360170991,0.475312831333,0.243360169643
39,0.147689208294,0.0711326589164,0.185444223463,0.0756768897842,0.018297127604,0.151435831359,0.190704265712,8.31322762014e-05,0.00946632286533,0.000709333396442,0.14436938776,0.00499161856976,1,0.4,46,18,10,3,20,0.000354401583849,7.65507421113e-05,0.000354401583849,0.0345008782778,0.00924475421831,0.00671793407034,0.000354401583849,7.65507421113e-05,0.000354401583849,0.239801607472,0.468362511999,0.239801606143
40,0.0906428016104,0.19815685969,0.014366720427,0.016160966107,0.364565442946,0.0370245916558,0.0574704173555,0.0204337246506,0.113940206032,0.047521226744,0.0325960529612,0.0071209898203,1,0.4,46,18,10,3,20,0.00072358313134,0.000156293956369,0.00072358313134,0.0418090393444,0.0287803291166,0.00362289853425,0.00072358313134,0.000156293956369,0.00072358313134,0.233380127465,0.45582055893,0.233380126172
41,0.121463004414,0.0450125497,0.0616345807536,0.0242260223121,0.0733216369318,0.323993477978,0.0431369232243,0.0205403240605,0.0679769681659,0.0415073486537,0.140174175024,0.0370129887821,1,0.4,46,18,10,3,20,0.000236517518329,5.10877839592e-05,0.000236517518329,0.0344193366164,0.00227466529941,0.00227170779958,0.000236517518329,5.10877839592e-05,0.000236517518329,0.242842320599,0.474301404791,0.242842319253
42,0.110945354835,0.0144687219332,0.0709061506185,0.0404069485606,0.0272113514174,0.208402441445,0.00935118233239,0.0465341067159,0.127414505923,0.170331381863,0.00851399114611,0.16551386321,1,0.4,46,18,10,3,20,8.57548330847e-05,1.85230439463e-05,8.57548330847e-05,0.0122701759871,0.00103830427434,0.000962678937281,8.57548330847e-05,1.85230439463e-05,8.57548330847e-05,0.249258189271,0.486832398221,0.249258187889
43,0.0671363737545,0.0306665723212,0.0894642138246,0.0990830966288,0.0258372804452,0.122316614527,0.074392958416,0.219664627839,0.0473780511757,0.130537887319,0.00203217857333,0.0914901451757,1,0.4,46,18,10,3,20,8.93489555183e-05,1.92993743919e-05,8.93489555183e-05,0.0648539963782,0.00151454077015,0.00241562477499,8.93489555183e-05,1.92993743919e-05,8.93489555183e-05,0.235464309213,0.459891226384,0.235464307909
44,0.127430897462,0.128178287812,0.281812714277,0.0162916932952,0.101154254003,0.0721469655016,0.0422103996917,0.0541603625322,0.0245514350432,0.13240936426,0.00719362874707,0.0124599973745,1,0.4,46,18,10,3,20,0.000259742889513,5.61044641349e-05,0.000259742889513,0.0244594893033,0.00524541084376,0.0090616221506,0.000259742889513,5.61044641349e-05,0.000259742889513,0.242866669076,0.47434896041,0.24286666773
45,0.338254795571,0.0562635636634,0.0302081171772,0.0214542395162,0.065977099267,0.0117198063839,0.0321170228968,0.168765346181,0.04579086011,0.0116042727639,0.0557431303254,0.162101746144,1,0.4,46,18,10,3,20,0.000132301367467,2.85770953728e-05,0.000132301367467,0.0350472442815,0.00243693464596,0.00118177443635,0.000132301367467,2.85770953728e-05,0.000132301367467,0.243034989016,0.474677710291,0.243034987669
46,0.0240789307758,0.295831584561,0.0629343492905,0.000208182865154,0.128618352689,0.0399882227078,0.0506989632577,0.0641776112618,0.107279558565,0.0750001187818,0.0444833221707,0.106700803074,1,0.4,46,18,10,3,20,0.000222274706357,4.80113365731e-05,0.000222274706357,0.0182553873959,0.0009399102853,0.00541133718071,0.000222274706357,4.80113365731e-05,0.000222274706357,0.246490623917,0.481426997171,0.246490622551
47,0.0266155733822,0.0406789341547,0.214610519203,0.0686633299096,0.0930452053312,0.0113726921875,0.091066506363,0.0364492748355,0.0365795063394,0.259953213133,0.104761513106,0.0162037320542,1,0.4,46,18,10,3,20,7.96909097346e-05,1.72132365027e-05,7.96909097346e-05,0.00440802013442,0.00136964416701,0.00118504235908,7.96909097346e-05,1.72132365027e-05,7.96909097346e-05,0.251113766283,0.490456572053,0.251113764891
48,0.0159820833803,0.00964165645822,0.0401848856747,0.129119563561,0.0845228584808,0.0116950182629,0.0996942976552,0.00524990055188,0.28973701996,0.029788539758,0.193614806395,0.090769369862,1,0.4,46,18,10,3,20,5.78359734867e-05,1.24925702731e-05,5.78359734867e-05,0.0418684286787,0.00104144927707,0.000501532068148,5.78359734867e-05,1.24925702731e-05,5.78359734867e-05,0.241918043295,0.472496175692,0.241918041954
49,0.00201657194751,0.0838092896555,0.149383240132,0.0625772505919,0.0654052755059,0.0955695612327,0.0347617365679,0.199125696828,0.117951074714,0.00386017300093,0.0095190015326,0.17602112829,1,0.4,46,18,10,3,20,0.000370983453797,8.01324260201e-05,0.000370983453797,0.019261474055,0.0046806431773,0.00550804706236,0.000370983453797,8.01324260201e-05,0.000370983453797,0.245098660186,0.478708318024,0.245098658828
50,0.0446373055739,0.157543316809,0.111886389024,0.0827579927382,0.0397764319721,0.0212451050537,0.147512893459,0.168199828673,0.114321607902,0.0469722413679,0.0131431217498,0.0520037656768,1,0.4,46,18,10,3,20,0.000957084577631,0.000206730268768,0.000957084577631,0.0380056489953,0.00454844631673,0.0124845793781,0.000957084577631,0.000206730268768,0.000957084577631,0.237968576849,0.464782374083,0.23796857553
51,0.114787123928,0.064379117346,0.0116468665459,0.0867891516782,0.273438085354,0.157259103984,0.0628504915142,0.0121670909876,0.0576100208953,0.035205605025,0.0621095848374,0.0617577579035,1,0.4,46,18,10,3,20,0.00055094330519,0.000119003753921,0.00055094330519,0.0320777372876,0.0118009185442,0.00244631967701,0.00055094330519,0.000119003753921,0.00055094330519,0.240628173331,0.469976898433,0.240628171998
52,0.115822290409,0.0536457345988,0.198417649926,0.00495794188883,0.0599259863663,0.0265047022279,0.00336320451202,0.0115414077232,0.110620135185,0.214809022572,0.17662651893,0.0237654056616,1,0.4,46,18,10,3,20,3.44656163028e-05,7.44457312141e-06,3.44656163028e-05,0.00937107712853,0.0016536911464,6.86245922274e-05,3.44656163028e-05,7.44457312141e-06,3.44656163028e-05,0.25011955342,0.488514750067,0.250119552034
53,0.309921195067,0.0394394908398,0.0605984800874,0.116385965301,0.0127952841644,0.0975837759891,0.000206929272608,0.0127370264084,0.219190138263,0.0077857390609,0.0612270392492,0.0621289362975,1,0.4,46,18,10,3,20,0.00034481665218,7.44803968709e-05,0.00034481665218,0.0991563575851,0.0136252675123,0.00311185389136,0.00034481665218,7.44803968709e-05,0.00034481665218,0.223260913141,0.436056468563,0.223260911904
54,0.0193796127001,0.0221785913558,0.0307875207449,0.0412323289357,0.180601005327,0.00511004925976,0.091428831112,0.0103454889241,0.00360363306081,0.270491934538,0.0685144229697,0.256326581072,1,0.4,46,18,10,3,20,6.69015071371e-05,1.44507255416e-05,6.69015071371e-05,0.00263864211976,0.000514026461609,0.000699442424586,6.69015071371e-05,1.44507255416e-05,6.69015071371e-05,0.251914975023,0.492021432865,0.251914973627
55,0.0694671050549,0.0413771279552,0.083615476813,0.108185593267,0.125043056532,0.0325168064716,0.052478342518,0.0803705045142,0.153599951855,0.0801412189178,0.0900539958329,0.0831508202688,1,0.4,46,18,10,3,20,0.000168805004849,3.64618810474e-05,0.000168805004849,0.00166863221592,0.00210607121785,0.0008115668482,0.000168805004849,3.64618810474e-05,0.000168805004849,0.251615010923,0.491435565485,0.251615009528
56,0.116303337779,0.219328575364,0.02040802023,0.0186055727714,0.0909670429857,0.0594286974514,0.201534418788,0.00693262572357,0.00819468635439,0.104118821395,0.119201208067,0.0349769930902,1,0.4,46,18,10,3,20,0.000165338124923,3.57130349833e-05,0.000165338124923,0.0156262332875,0.00388174520658,0.00231952850361,0.000165338124923,3.57130349833e-05,0.000165338124923,0.247257478192,0.482924759418,0.247257476822
57,0.0665654948373,0.0298063942564,0.2267465656,0.0426716051364,0.0708774877212,0.123470059029,0.0464770979768,0.0671498270393,0.0575292854216,0.21046010673,0.013800735878,0.0444453403739,1,0.4,46,18,10,3,20,0.00010937256078,2.36244731284e-05,0.00010937256078,0.0186182259343,0.00620464607469,0.00127552418208,0.00010937256078,2.36244731284e-05,0.00010937256078,0.246239840291,0.480937185403,0.246239838926
58,0.00946276733514,0.116638511561,0.268028317179,0.0395417390485,0.286602673634,0.0462959182427,0.0145255216578,0.0238796617061,0.00963179020133,0.0510906709249,0.0950744782862,0.0392279502225,1,0.4,46,18,10,3,20,0.000229788826331,4.96343864875e-05,0.000229788826331,0.0197156470512,0.00474278238174,0.00261954848454,0.000229788826331,4.96343864875e-05,0.000229788826331,0.245857037667,0.480189524033,0.245857036305
59,0.0964235669927,0.00926366127511,0.0308180901492,0.0627506513839,0.120449239126,0.100568761033,0.0355176981207,0.0267960072228,0.352514758997,0.126601576299,0.0321962127289,0.00609977667171,1,0.4,46,18,10,3,20,0.000205856287218,4.4464958039e-05,0.000205856287218,0.00440741110584,0.00135633434673,0.00774448002022,0.000205856287218,4.4464958039e-05,0.000205856287218,0.249316534019,0.486946352807,0.249316532637
60,0.0132596590883,0.130642196365,0.0235968202931,0.115081904661,0.0520088829559,0.0268131362202,0.0519574906628,0.0399328972916,0.163200128159,0.16792048867,0.192948817652,0.0226375779818,1,0.4,46,18,10,3,20,0.000164390074624,3.55082561187e-05,0.000164390074624,0.00943544914108,0.00165683542637,0.000598599497009,0.000164390074624,3.55082561187e-05,0.000164390074624,0.249822746109,0.487935048291,0.249822744725
61,0.0170947474747,0.059826854752,0.0460792022813,0.0493661962487,0.254928071323,0.0613773143748,0.186719004952,0.0195437280486,0.0208204768084,0.0528056022396,0.218219738615,0.0132190628819,1,0.4,46,18,10,3,20,0.000121801419304,2.63091065697e-05,0.000121801419304,0.00540099894221,0.00315770252081,0.00120582336812,0.000121801419304,2.63091065697e-05,0.000121801419304,0.250357794245,0.488980064175,0.250357792858
62,0.0291331896036,0.0461046492404,0.000329345809676,0.381319561877,0.000576711384387,0.0747376798374,0.0524714579077,0.130243443389,0.0961699250057,0.0741527819501,0.0217502818206,0.0930109721741,1,0.4,46,18,10,3,20,0.000378197184323,8.16905918138e-05,0.000378197184323,0.0695530692951,0.00570222807426,0.00368689016724,0.000378197184323,8.16905918138e-05,0.000378197184323,0.23257085125,0.454239941331,0.232570849961
63,0.136549081218,0.0743702778978,0.0392875158153,0.0376998080032,0.0173685289107,0.0228383482362,0.0878745535608,0.399973309147,0.0467467107175,0.0348374260679,0.0690948068248,0.0333596335999,1,0.4,46,18,10,3,20,0.000394381249827,8.51863499626e-05,0.000394381249827,0.0145950513428,0.0120104092734,0.0042180979483,0.000394381249827,8.51863499626e-05,0.000394381249827,0.244725008124,0.477978528844,0.244725006768
64,0.168851230098,0.106647887779,0.0194642892761,0.0960627659973,0.0272837063402,0.078704529532,0.0671972437122,0.00126578838224,0.0243565905565,0.235390462927,0.0847884413692,0.0899870640311,1,0.4,46,18,10,3,20,6.36981892091e-05,1.37588088692e-05,6.36981892091e-05,0.010923202502,0.000469869491956,0.00185830496975,6.36981892091e-05,1.37588088692e-05,6.36981892091e-05,0.249540886449,0.487384541146,0.249540885067
65,0.0666248995144,0.120354665569,0.016796799434,0.00513925187118,0.169895732456,0.00247986470967,0.0350470322023,0.127108210128,0.0923560806073,0.108437867819,0.0755623020997,0.180197293588,1,0.4,46,18,10,3,20,3.57948977964e-05,7.73169792402e-06,3.57948977964e-05,0.015178857723,0.00172250654212,0.000546881206004,3.57948977964e-05,7.73169792402e-06,3.57948977964e-05,0.248510511458,0.485372090002,0.248510510081
66,0.11172957046,0.0782687239811,0.0282346741078,0.116553479719,0.0557165310995,0.105293623265,0.0507024683045,0.0140269320252,0.106665248874,0.208922410284,0.041266825626,0.0826195122543,1,0.4,46,18,10,3,20,0.000131030580831,2.83026054595e-05,0.000131030580831,0.00638602392806,0.00115801869746,0.00263515689429,0.000131030580831,2.83026054595e-05,0.000131030580831,0.250242549133,0.488754976067,0.250242547746
67,0.0227628459421,0.00972936365901,0.00990262492321,0.224360262107,0.102570011224,0.0536246798576,0.0316249689117,0.0183031627998,0.318955495432,0.123954054174,0.0340840612917,0.0501284696776,1,0.4,46,18,10,3,20,0.000107242413905,2.31643614034e-05,0.000107242413905,0.0571633723061,0.00668850266857,0.00151492762635,0.000107242413905,2.31643614034e-05,0.000107242413905,0.236308718517,0.461540463296,0.236308717208
68,0.030867779813,0.163355147736,0.00835810641172,0.0761680941247,0.123622557362,0.0555977625273,0.0762645064455,0.304665711301,6.19332344736e-05,0.0346142672021,0.0114107688682,0.115013364975,1,0.4,46,18,10,3,20,0.000237126234035,5.12192665515e-05,0.000237126234035,0.096999171782,0.00274938155646,0.00328794652285,0.000237126234035,5.12192665515e-05,0.000237126234035,0.226634007368,0.442644543189,0.226634006113
69,0.096570265133,0.0505456400199,0.19069561388,0.0887604886529,0.0701175238031,0.117767985139,0.111575713395,0.0285039351989,0.0133486002925,0.0278235918718,0.201289470693,0.00300117192021,1,0.4,46,18,10,3,20,0.0002196260369,4.74392239704e-05,0.0002196260369,0.0357095277175,0.00409988636069,0.00236075906089,0.0002196260369,4.74392239704e-05,0.0002196260369,0.24205064303,0.472755159547,0.242050641688
70,0.184418573287,0.0141410787788,0.0369109360021,0.0710162957692,0.149462245286,0.103477180159,0.0287022705578,0.0308637383337,0.164170755423,0.136989548024,0.0269138572344,0.0529335211457,1,0.4,46,18,10,3,20,6.71048958901e-05,1.44946575123e-05,6.71048958901e-05,0.010491472409,0.00915416704459,0.00167667973744,6.71048958901e-05,1.44946575123e-05,6.71048958901e-05,0.247495405777,0.483389461729,0.247495404405
71,0.0600855038227,0.0334983370338,0.0191024561961,0.0589289346064,0.0132220388411,0.0497967528381,0.12297249886,0.0472763662768,0.0482898885709,0.444488193961,0.0451270510335,0.0572119779595,1,0.4,46,18,10,3,20,1.43239749212e-05,3.09397858297e-06,1.43239749212e-05,0.0120958954689,0.000439860246413,0.000436747586714,1.43239749212e-05,3.09397858297e-06,1.43239749212e-05,0.249666786891,0.487630440443,0.249666785507
72,0.02967076455,0.152770422128,0.0339011051614,0.0220995883729,0.216905540122,0.0215625838755,0.0531308277048,0.013791375459,0.0129869734443,0.05168483368,0.100676036034,0.290819949468,1,0.4,46,18,10,3,20,7.89212762574e-05,1.70469956716e-05,7.89212762574e-05,0.0183771393893,0.000980297785461,0.000212380289617,7.89212762574e-05,1.70469956716e-05,7.89212762574e-05,0.247925478576,0.484229447661,0.247925477202
73,0.161397073151,0.0280802568996,0.0343529019828,0.0388137105837,0.0371456892926,0.196662166623,0.176146115738,0.105741393692,0.124673665557,0.00940961130579,0.0135652966972,0.0740121184775,1,0.4,46,18,10,3,20,0.000934554715856,0.000201863818625,0.000934554715856,0.146373508108,0.00391400816406,0.0057236951351,0.000934554715856,0.000201863818625,0.000934554715856,0.212451375954,0.414944091361,0.212451374777
74,0.0188187581074,0.027183873242,0.0203470619387,0.0238309639906,0.237454852482,0.224474751843,0.0987769134112,0.207854502273,0.0714640507585,0.0381283753868,0.0152432924083,0.0164226041589,1,0.4,46,18,10,3,20,0.000864210592686,0.00018666948802,0.000864210592686,0.213386630598,0.0177155329584,0.00262455640686,0.000864210592686,0.00018666948802,0.000864210592686,0.192870982285,0.376701135188,0.192870981216
75,0.0510617731303,0.0716129257281,0.0161664041348,0.194825166207,0.172967636406,0.0249587345834,0.249264002456,0.0140913060688,0.00514399772138,0.0624989445849,0.109860088651,0.027549020328,1,0.4,46,18,10,3,20,0.000209748290037,4.5305630648e-05,0.000209748290037,0.0075135485109,0.00172375702644,0.00739286109898,0.000209748290037,4.5305630648e-05,0.000209748290037,0.248522430485,0.48539536935,0.248522429107
76,0.141729680907,0.0392901624898,0.0841028591678,0.0995293019392,0.0753361761626,0.0386882164303,0.0483465967473,0.147793359158,0.235479490455,0.0646278123659,0.0216411089717,0.00343523520517,1,0.4,46,18,10,3,20,0.00180030347401,0.000388865550387,0.00180030347401,0.0965440353619,0.0105507385717,0.0128000388009,0.00180030347401,0.000388865550387,0.00180030347401,0.220616915954,0.430892411584,0.220616914731
77,0.0567402867316,0.0690497264882,0.152280341506,0.0755064227435,0.00155902268894,0.0943457000563,0.0434164279811,0.00239057446288,0.304154393638,0.00629379560479,0.172489377322,0.021773930777,1,0.4,46,18,10,3,20,0.000184791770366,3.9915022399e-05,0.000184791770366,0.0661457159374,0.00359512856555,0.0012197504723,0.000184791770366,3.9915022399e-05,0.000184791770366,0.234806744472,0.458606920256,0.234806743171
78,0.02075135759,0.0149823138022,0.0267697501676,0.0246628931729,0.136949025742,0.151575832781,0.274669960807,0.092056185894,0.021194452092,0.0373017047175,0.0946693641404,0.104417159093,1,0.4,46,18,10,3,20,0.000224370241155,4.84639720896e-05,0.000224370241155,0.0290524980166,0.00354918296709,0.00332135828335,0.000224370241155,4.84639720896e-05,0.000224370241155,0.243625626766,0.475831299641,0.243625625416
79,0.0878489395364,0.200284676289,0.00443315828636,0.0649053546076,0.0335769172453,0.0220218231532,0.0921710564926,0.194621885124,0.0205711732914,0.00441276720004,0.143530554038,0.131621694736,1,0.4,46,18,10,3,20,0.000195073045527,4.21357778339e-05,0.000195073045527,0.0237426181459,0.00180354312782,0.00309092818965,0.000195073045527,4.21357778339e-05,0.000195073045527,0.2455015591,0.47949522996,0.245501557739
80,0.0207884500126,0.00762806848848,0.152544296852,0.095538227824,0.0399241477122,0.0158467191432,0.356346047767,0.00722184922576,0.0750231498472,0.121298406784,0.000221204775771,0.107619431567,1,0.4,46,18,10,3,20,0.000202456772782,4.37306629209e-05,0.000202456772782,0.0300573650667,0.00270850589766,0.00203905977469,0.000202456772782,4.37306629209e-05,0.000202456772782,0.24393303648,0.476431709235,0.243933035128
81,0.0221995767982,0.04502390471,0.11086914518,0.10433210701,0.0549109731437,0.0496453504683,0.0154284608968,0.00230267218201,0.0342872879877,0.170441964976,0.236324560309,0.154233996338,1,0.4,46,18,10,3,20,1.87684626368e-05,4.05398792956e-06,1.87684626368e-05,0.000767710559744,0.0011073930437,7.92210483253e-05,1.87684626368e-05,4.05398792956e-06,1.87684626368e-05,0.252449011264,0.493064472393,0.252449009865
82,0.0999249154045,0.00282959292988,0.391169582915,0.0122453196371,0.0491487313353,0.0708584959666,0.0678302039062,0.1149088268,0.0160756713588,0.008507310488,0.0697878905994,0.0967134586589,1,0.4,46,18,10,3,20,0.000204730787111,4.42218500159e-05,0.000204730787111,0.0484935753682,0.00844499407524,0.00208586173669,0.000204730787111,4.42218500159e-05,0.000204730787111,0.237803814922,0.464460573445,0.237803813604
83,0.10496314467,0.108002969879,0.0301537899817,0.178670056191,0.162395716581,0.0450446885818,0.025469385132,0.151658763386,0.0939950016431,0.0217299236385,0.0147004841123,0.0632160762035,1,0.4,46,18,10,3,20,0.000352001502966,7.60323246407e-05,0.000352001502966,0.128501624295,0.0139847207036,0.00495578112727,0.000352001502966,7.60323246407e-05,0.000352001502966,0.215272172455,0.420453459496,0.215272171262
84,0.0523453869493,0.119000980811,0.0260134487976,0.238663341286,0.0138545154227,0.0124105989259,0.0343674646792,0.00541649986907,0.248950649593,0.120072015196,0.128802252568,0.000102845901559,1,0.4,46,18,10,3,20,0.000127198144511,2.74747992144e-05,0.000127198144511,0.0178715326458,0.00665075133813,0.00181638793776,0.000127198144511,2.74747992144e-05,0.000127198144511,0.246159074133,0.480779439001,0.246159072768
85,0.0884977945303,0.0694392569514,0.0847607719956,0.111514405358,0.175067623711,0.257363332621,0.0173508388022,0.00594953864954,0.00105128186478,0.0026693226784,0.00984824332431,0.176487589513,1,0.4,46,18,10,3,20,0.000289418427474,6.25143803344e-05,0.000289418427474,0.0448723899719,0.00822085251487,0.00256693309365,0.000289418427474,6.25143803344e-05,0.000289418427474,0.238559905354,0.465937312563,0.238559904032
86,0.15177035288,0.0669868644612,0.113881719658,0.0808341889963,0.0958604745569,0.0257255619283,0.0300584640611,0.0782893681075,0.10131953721,0.0779846875339,0.0265846078358,0.15070417277,1,0.4,46,18,10,3,20,9.17825927478e-05,1.98250400335e-05,9.17825927478e-05,0.0117434111526,0.00592368923852,0.000501781331204,9.17825927478e-05,1.98250400335e-05,9.17825927478e-05,0.24826544617,0.484893446863,0.248265444794
87,0.0723294813569,0.0289949998037,0.103913020286,0.0261544192421,0.147757660431,0.138638841785,0.0362855384335,0.173959527763,0.0554598963811,0.0953152895353,0.0839654756842,0.0372258492983,1,0.4,46,18,10,3,20,9.82989283913e-05,2.12325685325e-05,9.82989283913e-05,0.0429436664499,0.00911560871491,0.00131686518138,9.82989283913e-05,2.12325685325e-05,9.82989283913e-05,0.239351956419,0.467484287291,0.239351955093
88,0.142107183979,0.143950749441,0.0755297174108,0.0760300626815,0.0555494816033,0.0229733885658,0.0814736606432,0.0233920207768,0.0223362430338,0.125167946888,0.0310120957421,0.200477449234,1,0.4,46,18,10,3,20,5.57968190118e-05,1.20521129066e-05,5.57968190118e-05,0.00570855154242,0.00278090660598,0.000205211929763,5.57968190118e-05,1.20521129066e-05,5.57968190118e-05,0.250702429729,0.489653180351,0.25070242834
89,0.00936492489264,0.0750758972031,0.0402959253989,0.233172029011,0.0911726196581,0.334867517646,0.0132071221164,0.0361380207851,0.0207371485123,0.00506212640526,0.075618035349,0.0652886330223,1,0.4,46,18,10,3,20,0.000739379143615,0.000159705895021,0.000739379143615,0.0297874170447,0.00973473731022,0.00527989606185,0.000739379143615,0.000159705895021,0.000739379143615,0.240802156562,0.470316709429,0.240802155228
90,0.00247933572179,0.0769402910748,0.0136387043259,0.0557340338489,0.00764014472761,0.198518351576,0.140561212698,0.0578229497295,0.25963467187,0.0767821836572,0.0386169610542,0.0716311597164,1,0.4,46,18,10,3,20,0.000125279111277,2.70602880358e-05,0.000125279111277,0.021742162196,0.0056092321177,0.000977867457622,0.000125279111277,2.70602880358e-05,0.000125279111277,0.245657677212,0.479800148145,0.24565767585
91,0.181659583606,0.000567905179034,0.0814901308746,0.00185028283194,0.130276719424,0.0388156260108,0.397113123811,0.00854909126406,0.0731444113277,0.00310835577425,0.0606929717127,0.0227317981845,1,0.4,46,18,10,3,20,0.000468654610769,0.000101229395926,0.000468654610769,0.173013458938,0.0107975606314,0.00684604904756,0.000468654610769,0.000101229395926,0.000468654610769,0.204209544978,0.398846765325,0.204209543846
92,0.0769880619102,0.0670770119325,0.00895112531167,0.0408873494566,0.0284002139095,0.223814918884,0.113899733727,0.216302460103,0.172208546512,0.0302013941671,0.0113742427492,0.00989494133664,1,0.4,46,18,10,3,20,0.00399295816162,0.00086247896291,0.00399295816162,0.0401266138076,0.0166876625881,0.0263534110946,0.00399295816162,0.00086247896291,0.00399295816162,0.227449302934,0.444236917331,0.227449301673
93,0.160483862845,0.0124387866187,0.0297956807053,0.0898755377994,0.0213449651142,0.0395093559738,0.176904267102,0.0271419102826,0.00570268520818,0.0126081863902,0.247713350459,0.176481411502,1,0.4,46,18,10,3,20,7.46090711039e-05,1.61155593584e-05,7.46090711039e-05,0.0163269380569,0.00178191406369,0.000557664173644,7.46090711039e-05,1.61155593584e-05,7.46090711039e-05,0.248158816218,0.484685185241,0.248158814843
94,0.000291176962867,0.266809263282,0.0398582641973,0.0154994076954,0.171104013204,0.200656585829,0.0527655398981,0.00668128639668,0.036583393983,0.0757743452635,0.0772038654505,0.0567728578381,1,0.4,46,18,10,3,20,0.000103651737057,2.23887752044e-05,0.000103651737057,0.0660930041312,0.00286563852156,0.00156350764315,0.000103651737057,2.23887752044e-05,0.000103651737057,0.235008624582,0.459001217343,0.23500862328
