run_ID,t1_initial,t2_initial,t3_initial,t4_initial,t5_initial,t6_initial,t7_initial,t8_initial,t9_initial,t10_initial,t11_initial,t12_initial,alpha,prior_cost_c,lambda,k,sample_amount,learning_parameter,generations,t1_final,t2_final,t3_final,t4_final,t5_final,t6_final,t7_final,t8_final,t9_final,t10_final,t11_final,t12_final
0,0.0971889997235,0.0337611699576,0.116898062242,0.00652469843375,0.0215088875291,0.0114689926797,0.0129746861677,0.0195677537109,0.338494254477,0.070061610534,0.253013897217,0.0185369873274,1,0.4,49,14,10,3,20,3.83258491193e-06,8.27838340978e-07,3.83258491193e-06,6.45850614228e-06,1.20080912539e-05,3.34601720019e-05,3.83258491193e-06,8.27838340978e-07,3.83258491193e-06,0.252946994576,0.494037098306,0.252946994333
1,0.0274062894203,0.0307815047121,0.283745079693,0.0782452645199,0.0207601366478,0.0325159689442,0.0585181588835,0.0521285392635,0.0376607565786,1.50660650065e-05,0.205496887311,0.172726347961,1,0.4,49,14,10,3,20,5.73598239549e-05,1.23897219742e-05,5.73598239549e-05,0.00157712869912,0.000802330778619,0.000317260204187,5.73598239549e-05,1.23897219742e-05,5.73598239549e-05,0.252217944612,0.492613172597,0.25221794437
2,0.175028879143,0.123026878962,0.0747889310534,0.00959275521775,0.0827325143242,0.140570261308,0.0146103224508,0.0421687296922,0.120162851602,0.178467157903,0.0344049968929,0.00444572145082,1,0.4,49,14,10,3,20,0.000360827088428,7.79386511005e-05,0.000360827088428,0.0112716002888,0.00394171016389,0.00310971628175,0.000360827088428,7.79386511005e-05,0.000360827088428,0.247924816016,0.484228155816,0.247924815778
3,0.00939102892942,0.0833006703986,0.0363829209839,0.0441319034762,0.256465757228,0.0046872472897,0.0012505223098,0.106309635174,0.0287576649633,0.193175714677,0.0680615318757,0.168085402695,1,0.4,49,14,10,3,20,6.02426110298e-05,1.30124039824e-05,6.02426110298e-05,0.000934346950789,0.000945066823322,0.00046276122014,6.02426110298e-05,1.30124039824e-05,6.02426110298e-05,0.252304399803,0.492782030391,0.25230439956
4,0.0559026349672,0.0303773090434,0.0562528932834,0.0746226366916,0.00053742362217,0.0694218302053,0.0108789185061,0.200857565761,0.00929832776085,0.0207868811552,0.133091167382,0.337972411623,1,0.4,49,14,10,3,20,6.53215687741e-05,1.41094588552e-05,6.53215687741e-05,0.000827239946041,0.000332818802423,0.000381498346604,6.53215687741e-05,1.41094588552e-05,6.53215687741e-05,0.252501233437,0.493166471082,0.252501233194
5,0.0142693803693,0.0106315738463,0.279830519668,0.0488855145477,0.0320206089842,0.185407401827,0.00151765715785,0.102595702395,0.0634441089851,0.0375919072689,0.0746775253594,0.149128099591,1,0.4,49,14,10,3,20,0.000352283822826,7.60933057305e-05,0.000352283822826,0.0339761987855,0.0032429199577,0.00291849004793,0.000352283822826,7.60933057305e-05,0.000352283822826,0.242416080947,0.473468907645,0.242416080714
6,0.0591848336461,0.00108850884654,0.101168024183,0.0610406174241,0.184967307262,0.0519111234156,0.0060112433446,0.0450616701428,0.173212326927,0.0587588955264,0.0325139119324,0.225081537351,1,0.4,49,14,10,3,20,0.000170079389565,3.67371481461e-05,0.000170079389565,0.00962159796858,0.00415799018691,0.000299490585872,0.000170079389565,3.67371481461e-05,0.000170079389565,0.249212238447,0.486742652749,0.249212238208
7,0.0549994767389,0.0104433021813,0.131668013077,0.165560611335,0.150674277425,0.255698317589,0.0188549261132,0.0412842357322,0.0355886583552,0.0420409000893,0.031028512103,0.0621587692602,1,0.4,49,14,10,3,20,0.000627267911945,0.00013548986898,0.000627267911945,0.018804394948,0.0133059698958,0.00221383875584,0.000627267911945,0.00013548986898,0.000627267911945,0.243578370455,0.475739004338,0.243578370221
8,0.0840170739358,0.18679964417,0.0605967682126,0.169923554878,0.0923236661242,0.0457573186652,0.132260020923,0.0611195926409,0.0290253545887,0.0193421402183,0.0484264875501,0.0704083780937,1,0.4,49,14,10,3,20,0.000599170291381,0.000129420782938,0.000599170291381,0.0607522212987,0.01387791352,0.00388369738477,0.000599170291381,0.000129420782938,0.000599170291381,0.232431467693,0.453967709902,0.23243146747
9,0.0089781513653,0.0105029029332,0.0507817647564,0.0427553815107,0.123353408202,0.296309533926,0.246349463922,0.115548219663,0.0133834564243,0.0290980113643,0.0150191768004,0.0479205291332,1,0.4,49,14,10,3,20,0.000895175055772,0.000193357812047,0.000895175055772,0.0785031497763,0.028235033883,0.00320158346796,0.000895175055772,0.000193357812047,0.000895175055772,0.22414996178,0.437792893681,0.224149961565
10,0.0931187706077,0.0919687562338,0.0321212711292,0.138824232493,0.0660702709976,0.0335477209375,0.0649976461952,0.00589094096547,0.0233951643857,0.264778758872,0.102037575353,0.0832488918289,1,0.4,49,14,10,3,20,0.000111998566249,2.41916903097e-05,0.000111998566249,0.0118770506822,0.00142056527734,0.000746336406642,0.000111998566249,2.41916903097e-05,0.000111998566249,0.249286240809,0.486887188611,0.249286240569
11,0.0825979500186,0.00808384614859,0.191359922622,0.0229330444341,0.0473760859037,0.18349698087,0.0422763263759,0.0198613891503,0.0612868139242,0.187314902033,0.0578599466815,0.0955527918377,1,0.4,49,14,10,3,20,3.25556774958e-05,7.0320263391e-06,3.25556774958e-05,0.00539592121433,0.000871631230056,0.000172002725808,3.25556774958e-05,7.0320263391e-06,3.25556774958e-05,0.251298949257,0.490818259795,0.251298949015
12,0.298871332425,0.00782831924359,0.143055796706,0.0158134199343,0.0331681630366,0.0102508392781,0.03429860876,0.1045535268,0.00342478156372,0.11022840529,0.211220851806,0.0272859551563,1,0.4,49,14,10,3,20,0.000153573350675,3.31718437458e-05,0.000153573350675,0.00889393558392,0.00145327290496,0.00134365317418,0.000153573350675,3.31718437458e-05,0.000153573350675,0.249834877965,0.487958745557,0.249834877725
13,0.0739341770009,0.109008633927,0.100542216372,0.0651530081586,0.0942732115599,0.0783955412885,0.0685678600927,0.100520351031,0.217632772483,0.0121647901741,0.0420924348253,0.037715003087,1,0.4,49,14,10,3,20,0.00149779346158,0.000323523387702,0.00149779346158,0.0517336835071,0.0160859313349,0.00937039961204,0.00149779346158,0.000323523387702,0.00149779346158,0.231758865602,0.452654033943,0.231758865379
14,0.0545503415152,0.0124824679379,0.013337249636,0.0681466054183,0.140005941507,0.124426379937,0.134888078829,0.0164584036418,0.0531990441767,0.119243044221,0.244487731428,0.0187747117515,1,0.4,49,14,10,3,20,0.000184874868088,3.9932971507e-05,0.000184874868088,0.0216029312025,0.00101216294479,0.00170988356484,0.000184874868088,3.9932971507e-05,0.000184874868088,0.246603802706,0.481648051697,0.246603802469
15,0.00963000044581,0.140207869158,0.00567663460112,0.18348887878,0.0826546608729,0.0573572278526,0.237884739729,0.0562897109745,0.0555459067768,0.0695970667122,0.0499786524572,0.0516886516404,1,0.4,49,14,10,3,20,4.00619526771e-07,8.65338177825e-08,4.00619526771e-07,3.19565897173e-06,2.75897478999e-06,1.58099176491e-06,4.00619526771e-07,8.65338177825e-08,4.00619526771e-07,0.252962071664,0.494066545744,0.252962071421
16,0.188607380856,0.0212562133701,0.0233841134173,0.0971048631511,0.0451273496804,0.110957304765,0.23865821386,0.0209565391738,0.10532438474,0.105729767663,0.0331934954468,0.00970037387615,1,0.4,49,14,10,3,20,0.00038988960816,8.42161553625e-05,0.00038988960816,0.00168195882906,0.00212064436493,0.00244348749548,0.00038988960816,8.42161553625e-05,0.00038988960816,0.250947268118,0.490131382572,0.250947267877
17,0.019082939739,0.00237477726797,0.0152302971221,0.211673172205,0.0390623468911,0.0400293520847,0.215732283141,0.026078094743,0.212910645949,0.175982204204,0.00302191965151,0.0388219670015,1,0.4,49,14,10,3,20,8.45464726051e-07,1.82620380827e-07,8.45464726051e-07,1.87850218447e-05,1.27812843792e-05,4.94792851736e-06,8.45464726051e-07,1.82620380827e-07,8.45464726051e-07,0.252954242374,0.494051254161,0.252954242131
18,0.0156870285578,0.0798406011955,0.112769822316,0.0171835952934,0.0444607099805,0.0968555648872,0.223336747747,0.00715130104417,0.0514822490785,0.0714844419445,0.10709984313,0.172648094826,1,0.4,49,14,10,3,20,7.36694709698e-05,1.59126057295e-05,7.36694709698e-05,0.00235707573981,0.00196850912564,0.00041207238804,7.36694709698e-05,1.59126057295e-05,7.36694709698e-05,0.251683374638,0.491569090617,0.251683374396
19,0.125260080944,0.0502653979206,0.0268280735382,0.0397919656258,0.320417915809,0.00583539663455,0.177254127565,0.124775415809,0.0211758660293,0.0632894997588,0.0118650100536,0.0332412503117,1,0.4,49,14,10,3,20,0.0013810796931,0.000298313213709,0.0013810796931,0.0584275603704,0.00710897730718,0.00903086755096,0.0013810796931,0.000298313213709,0.0013810796931,0.232553144723,0.45420536035,0.232553144499
20,0.150409173448,0.0345481233548,0.0354538553458,0.0938325573467,0.0856740557682,0.0351821791647,0.0909268437971,0.0750996829618,0.219334766971,0.12390549011,0.0321377905849,0.0234954811469,1,0.4,49,14,10,3,20,0.000280409664465,6.05684875244e-05,0.000280409664465,0.0114314664214,0.00955883570145,0.000576166512357,0.000280409664465,6.05684875244e-05,0.000280409664465,0.247194499651,0.482801756667,0.247194499414
21,0.0478876613859,0.0763058312054,0.0376827297484,0.0736295761499,0.0348902379727,0.0306293329667,0.185630763838,0.133891118567,0.164301683385,0.105438350145,0.0229255101455,0.0867872044894,1,0.4,49,14,10,3,20,0.000290593180733,6.27681270384e-05,0.000290593180733,0.00803199714628,0.00457710987576,0.00166635724365,0.000290593180733,6.27681270384e-05,0.000290593180733,0.249027447264,0.486381732469,0.249027447024
22,0.103873160159,0.00594510570954,0.0440443887005,0.0121050591808,0.254774500473,0.244777274131,0.0202653578356,0.00554195559754,0.189450079648,0.0127350238967,0.000728121567117,0.105759973102,1,0.4,49,14,10,3,20,7.43481625304e-06,1.60592031066e-06,7.43481625304e-06,2.64976350209e-05,0.000102020688401,1.42201585377e-05,7.43481625304e-06,1.60592031066e-06,7.43481625304e-06,0.252919983843,0.493984342969,0.2529199836
23,0.00513565046673,0.256655674582,0.0393379141862,0.114610876903,0.0480345882855,0.0561884275679,0.165442961389,0.0514170037921,0.0208241100218,0.0562239034351,0.103891406459,0.0822374829109,1,0.4,49,14,10,3,20,0.00026789851351,5.78660789181e-05,0.00026789851351,0.00695846726756,0.00380287636597,0.0013412903979,0.00026789851351,5.78660789181e-05,0.00026789851351,0.249602539881,0.487504960236,0.249602539641
24,0.0153759269603,0.111360749739,0.00498654005529,0.0919592386777,0.039445463352,0.103404075471,0.0301784621106,0.0641742519232,0.27371196703,0.0141421503597,0.221189918575,0.0300712557453,1,0.4,49,14,10,3,20,0.00031823240952,6.87382004563e-05,0.00031823240952,0.0121698745873,0.00411720595734,0.000844642126531,0.00031823240952,6.87382004563e-05,0.00031823240952,0.248273928094,0.484910015341,0.248273927855
25,0.126226655955,0.0576267203335,0.0107231075308,0.0124480508091,0.0890176022092,0.0583309247469,0.139357246003,0.0835416992554,0.0515899040944,0.239756759936,0.105635899122,0.025745430006,1,0.4,49,14,10,3,20,1.51205613571e-07,3.26604125314e-08,1.51205613571e-07,2.25299975954e-06,1.05532880201e-06,3.01208349553e-07,1.51205613571e-07,3.26604125314e-08,1.51205613571e-07,0.252963344452,0.494069031658,0.252963344209
26,0.0670144094648,0.186364087956,0.00662502225302,0.0164405112511,0.10530168022,0.0376499385559,0.207908801674,0.168014416611,0.0178624496731,0.142302366302,0.00723872023187,0.0372775958078,1,0.4,49,14,10,3,20,0.000393140412661,8.49183291348e-05,0.000393140412661,0.046006903298,0.00614885245589,0.00239804090489,0.000393140412661,8.49183291348e-05,0.000393140412661,0.238723492354,0.466256820555,0.238723492124
27,0.0358888718089,0.0745599911921,0.0815206099826,0.0114384969445,0.0557094659542,0.336042116536,0.0511972592275,0.0179491860708,0.141091455273,0.0344367627314,0.072937035768,0.0872287485108,1,0.4,49,14,10,3,20,7.0463212776e-06,1.52200539596e-06,7.0463212776e-06,2.30511949993e-05,4.61641690372e-05,0.000102559224902,7.0463212776e-06,1.52200539596e-06,7.0463212776e-06,0.252913074298,0.493970847763,0.252913074055
28,0.00660060199728,0.153273836151,0.0212723386529,0.205046721405,0.0025981525633,0.125801466517,0.0193708385117,0.00767844837856,0.0583865112211,0.0113768841114,0.288265042292,0.100329158199,1,0.4,49,14,10,3,20,0.000104011304591,2.24664417917e-05,0.000104011304591,0.00284763799688,0.00237639321213,0.000360339779148,0.000104011304591,2.24664417917e-05,0.000104011304591,0.25143516879,0.491084313571,0.251435168548
29,0.143457523552,0.0751389328648,0.0185055226152,0.0167757951274,0.0695649228515,0.040253945848,0.0801606398843,0.25553835549,0.0990312206101,0.152321339548,0.0336669273599,0.0155848742492,1,0.4,49,14,10,3,20,0.00039695885674,8.57431130558e-05,0.00039695885674,0.0145881002472,0.00465798161345,0.0036088103374,0.00039695885674,8.57431130558e-05,0.00039695885674,0.246737906555,0.481909973276,0.246737906318
30,0.0516618555923,0.0743951093638,0.196314455999,0.0634895765812,0.173507144643,0.00553244617408,0.0112799707083,0.0978864712447,0.200903665239,0.0445852277899,0.0607416905104,0.019702386154,1,0.4,49,14,10,3,20,0.000803800824598,0.000173620978113,0.000803800824598,0.033233410662,0.00667896305454,0.0135528555354,0.000803800824598,0.000173620978113,0.000803800824598,0.238538454051,0.465895417621,0.238538453822
31,0.0073944362052,0.177107055279,0.0497435515331,0.137986898075,0.0200090740319,0.0534737706671,0.0667444196303,0.148307293187,0.00978564192513,0.0270921116296,0.0939490672325,0.208406680604,1,0.4,49,14,10,3,20,0.000239983142529,5.18363587863e-05,0.000239983142529,0.0221372020407,0.00339591766623,0.000662333290761,0.000239983142529,5.18363587863e-05,0.000239983142529,0.246068854998,0.480603231956,0.246068854761
32,0.050310287799,0.207309679677,0.0891941409933,0.180082510159,0.223554463706,0.00320541296704,0.0243630701087,0.0540543691596,0.00405633130222,0.0553423102725,0.10558470563,0.00294271822626,1,0.4,49,14,10,3,20,0.000612082524801,0.000132209825357,0.000612082524801,0.074834289088,0.00674294514981,0.00208588699206,0.000612082524801,0.000132209825357,0.000612082524801,0.231114404345,0.451395320552,0.231114404123
33,0.0726454669125,0.134175779451,0.00818280877458,0.0875951695829,0.0347353534083,0.0844495055486,0.0347987061981,0.0201825323024,0.185684841926,0.238007780241,0.00644261328428,0.0930994423699,1,0.4,49,14,10,3,20,0.000179395872881,3.87495085423e-05,0.000179395872881,0.00309040642557,0.000970795958274,0.00127223400788,0.000179395872881,3.87495085423e-05,0.000179395872881,0.251414129787,0.491043221768,0.251414129545
34,0.00588334174539,0.126549783471,0.0211165224551,0.00688330869276,0.039194772249,0.06265575687,0.178990078315,0.0549429304172,0.0574556440559,0.10668434542,0.152259336057,0.187384180251,1,0.4,49,14,10,3,20,8.48518120728e-05,1.83279914077e-05,8.48518120728e-05,0.00122268782471,0.000257798966847,0.00063218932628,8.48518120728e-05,1.83279914077e-05,8.48518120728e-05,0.252334864536,0.492841531822,0.252334864293
35,0.0378851036519,0.10902446029,0.0878651886971,0.128573028071,0.125582856208,0.0485845847766,0.169888220441,0.0605928282575,0.0194731126418,0.166886352039,0.0215741387462,0.0240701261801,1,0.4,49,14,10,3,20,0.000304931575268,6.58652202578e-05,0.000304931575268,0.0484920254402,0.0060784517586,0.00221314419781,0.000304931575268,6.58652202578e-05,0.000304931575268,0.238258320326,0.465348281439,0.238258320097
36,0.11037166268,0.140643776193,0.0501035096243,0.0857347236376,0.00930708042693,0.0555698885805,0.0834293121189,0.0987211714079,0.00123452293036,0.0270471858172,0.28519210483,0.0526450617532,1,0.4,49,14,10,3,20,4.8828721067e-05,1.05470037505e-05,4.8828721067e-05,0.00020179489674,0.000308137462823,0.000348236586181,4.8828721067e-05,1.05470037505e-05,4.8828721067e-05,0.252692597092,0.493540228221,0.252692596849
37,0.01052911809,0.110094372266,0.124845153749,0.0659383406797,0.0369435316502,0.0779968199239,0.0103031221774,0.0598866151764,0.0958816740017,0.0293717582088,0.321795434871,0.0564140592054,1,0.4,49,14,10,3,20,3.84611937486e-05,8.3076178497e-06,3.84611937486e-05,0.000661501328989,0.000995720573332,0.000214266426295,3.84611937486e-05,8.3076178497e-06,3.84611937486e-05,0.252447886767,0.493062278369,0.252447886525
38,0.0550292325397,0.0211470465734,0.23064902244,0.0393921437919,0.155658505828,0.098784559556,0.107346385102,0.0178931965746,0.0379927496244,0.0157674451137,0.164875995847,0.0554637170097,1,0.4,49,14,10,3,20,2.72890989973e-06,5.89444538341e-07,2.72890989973e-06,8.54649486554e-06,2.48859684102e-05,3.09868571358e-06,2.72890989973e-06,5.89444538341e-07,2.72890989973e-06,0.252952126493,0.494047121581,0.252952126249
39,0.120273307396,0.0370371730434,0.0234923941743,0.103031706446,0.0150681848454,0.0226954151182,0.0937578056093,0.127607955527,0.0459791062487,0.213445956483,0.154484525978,0.0431264691315,1,0.4,49,14,10,3,20,9.76427102637e-05,2.1090825417e-05,9.76427102637e-05,0.0158504566515,0.00161786280858,0.000440147752477,9.76427102637e-05,2.1090825417e-05,9.76427102637e-05,0.248324750925,0.485009278684,0.248324750686
40,0.199603280063,0.208319223888,0.031275046482,0.0715739920109,0.045220642218,0.0220658295279,0.0296223111226,0.0352857687239,0.00286355036769,0.0472753328486,0.205435694246,0.101459328502,1,0.4,49,14,10,3,20,1.7098918628e-06,3.69336642366e-07,1.7098918628e-06,3.24343695951e-06,3.51622928384e-06,9.94324800278e-06,1.7098918628e-06,3.69336642366e-07,1.7098918628e-06,0.252958284791,0.494059149507,0.252958284547
41,0.0654740754169,0.0203994979188,0.0578214087881,0.138018582218,0.104571611938,0.0486800732932,0.11356489029,0.125835491966,0.109671268623,0.0962396974549,0.105426712839,0.0142966892535,1,0.4,49,14,10,3,20,0.000345172278599,7.45572121774e-05,0.000345172278599,0.00928396222608,0.0043481168047,0.0027645931493,0.000345172278599,7.45572121774e-05,0.000345172278599,0.2484296664,0.48521419172,0.248429666161
42,0.144859429021,0.0385088504042,0.0286143560497,0.0820407586988,0.023694738056,0.215876891698,0.0339694046352,0.0699035001215,0.0655916711851,0.124497980055,0.159217083994,0.0132253360815,1,0.4,49,14,10,3,20,0.000282330080182,6.09832973194e-05,0.000282330080182,0.019634382069,0.00210751221727,0.00124103064263,0.000282330080182,6.09832973194e-05,0.000282330080182,0.246834033545,0.482097721304,0.246834033307
43,0.00500782838393,0.0746536456239,0.0267383205768,0.370986967792,0.088834349285,0.178718987816,0.0841837551267,0.07924585495,0.015397692654,0.00751859382633,0.0144610658519,0.0542529381137,1,0.4,49,14,10,3,20,0.00182062599314,0.000393255214517,0.00182062599314,0.0393162886072,0.0228431669648,0.00827766875743,0.00182062599314,0.000393255214517,0.00182062599314,0.233105166654,0.455283528184,0.23310516643
44,0.0648194832477,0.0196154895994,0.403331314922,0.00129290498699,0.0107951736346,0.242544426669,0.00197073786254,0.057995614992,0.00333200785702,0.0235040555406,0.0835234137681,0.0872753769199,1,0.4,49,14,10,3,20,0.000402648729265,8.69721255211e-05,0.000402648729265,0.0129481961348,0.00520744684292,0.00319475187362,0.000402648729265,8.69721255211e-05,0.000402648729265,0.24711211173,0.482640842758,0.247112111492
45,0.274065666024,0.0754439978738,0.05229199918,0.115437086948,0.019453403972,0.000158733446201,0.110157672925,0.00753987194017,0.250310371262,0.0525460423858,0.000725886107486,0.0418692679362,1,0.4,49,14,10,3,20,0.00100929009584,0.000218006660701,0.00100929009584,0.0511796636489,0.0275231756248,0.00302171068589,0.00100929009584,0.000218006660701,0.00100929009584,0.231159469279,0.451483338001,0.231159469056
46,0.0429090377715,0.0169681731917,0.0272689700909,0.0217009857047,0.248019983087,0.0450093741835,0.0666448470999,0.365350594161,0.0472338159457,0.0540030782497,0.0437560735904,0.0211350669243,1,0.4,49,14,10,3,20,0.00123575915106,0.000266923976629,0.00123575915106,0.0490259690166,0.0150660908333,0.00213520825463,0.00123575915106,0.000266923976629,0.00123575915106,0.234825827163,0.458644193237,0.234825826937
47,0.0301932204991,0.0587637347271,0.0237951140675,0.0276707051958,0.149948788475,0.0150337445964,0.298683873721,0.0742877796648,0.156798617872,0.0694964225021,0.0600227256818,0.0353052729977,1,0.4,49,14,10,3,20,0.000720618521915,0.000155653600734,0.000720618521915,0.0295879239343,0.00312211297129,0.00778706876079,0.000720618521915,0.000155653600734,0.000720618521915,0.241912186873,0.472484739532,0.24191218664
48,0.127368720967,0.0394798322668,0.0277958628783,0.140554142179,0.0776545257854,0.0642008329425,0.102951543136,0.00574176064242,0.147607467425,0.138136335086,0.028063889356,0.100445087334,1,0.4,49,14,10,3,20,0.000259921331055,5.61430075078e-05,0.000259921331055,0.00665994130882,0.00197416746812,0.00198805851368,0.000259921331055,5.61430075078e-05,0.000259921331055,0.249985988827,0.488253883957,0.249985988586
49,0.0298938410121,0.0709122123363,0.0988100202681,0.0657660537382,0.289262429651,0.168710343307,0.00810008245474,0.0453118751902,0.0235549772456,0.0568167272942,0.0631244687931,0.0797369687093,1,0.4,49,14,10,3,20,0.000174022188602,3.7588792738e-05,0.000174022188602,0.00071068923376,0.00103754846963,0.00169654750883,0.000174022188602,3.7588792738e-05,0.000174022188602,0.251897915994,0.491988116702,0.251897915752
50,0.00262428095416,0.0786721257819,0.0182105398488,0.20128984575,0.139525602124,0.0192759785877,0.0377795687735,0.00986381714382,0.132298709104,0.00491412438643,0.30958595878,0.0459594487663,1,0.4,49,14,10,3,20,0.000325020103827,7.02043424266e-05,0.000325020103827,0.0190703392231,0.00146499326193,0.00106953619054,0.000325020103827,7.02043424266e-05,0.000325020103827,0.247134771333,0.482685099796,0.247134771095
51,0.0122308494743,0.0358206129717,0.0271608341803,0.0368536631542,0.00269480278566,0.191924237116,0.153574135678,0.0513595705513,0.105992125387,0.185194160687,0.00844463551887,0.188750372495,1,0.4,49,14,10,3,20,0.000125860327825,2.71858308102e-05,0.000125860327825,0.00242882491969,0.000417168984027,0.00029041856161,0.000125860327825,2.71858308102e-05,0.000125860327825,0.252029919438,0.492245935929,0.252029919195
52,0.066200968217,0.00529098995352,0.205330157246,0.108825735096,0.104055817019,0.0528079570254,0.0375232870232,0.0390442168912,0.1535293589,0.0678799567399,0.0213010074778,0.138210548412,1,0.4,49,14,10,3,20,0.000205420716074,4.4370874672e-05,0.000205420716074,0.00375056921835,0.004586860473,0.000383156506081,0.000205420716074,4.4370874672e-05,0.000205420716074,0.250528123927,0.489312741575,0.250528123686
53,0.0162108329538,0.0130790170644,0.277437200383,0.00943722657291,0.2761192519,0.00639021932091,0.000805108686837,0.0621296949122,0.0614188971214,0.0795518375174,0.151612062651,0.0458086509157,1,0.4,49,14,10,3,20,0.000240828938368,5.20190506875e-05,0.000240828938368,0.0299844926693,0.00188040126963,0.00262533409636,0.000240828938368,5.20190506875e-05,0.000240828938368,0.243969623729,0.476503170887,0.243969623494
54,0.10066337141,0.01811347035,0.111129579236,0.0682628122364,0.0982818849979,0.00719123003725,0.152998032643,0.0707095780633,0.0168761847439,0.170950492141,0.0444802403217,0.140343123819,1,0.4,49,14,10,3,20,0.000145962742088,3.15279522911e-05,0.000145962742088,0.0182324396987,0.000800541877844,0.0022200737969,0.000145962742088,3.15279522911e-05,0.000145962742088,0.247424515657,0.483251006678,0.247424515419
55,0.0589839766084,0.0181731101292,0.0837998334114,0.233459148707,0.0767792381566,0.116707066,0.0910232346445,0.0519288314791,0.025462900304,0.191383312038,0.0333525643808,0.0189467841417,1,0.4,49,14,10,3,20,0.000369471623137,7.98058705977e-05,0.000369471623137,0.00697999601206,0.00170980363346,0.00316327318119,0.000369471623137,7.98058705977e-05,0.000369471623137,0.24955179248,0.487405844219,0.24955179224
56,0.107205307188,0.233437407949,0.0994943327351,0.0178475183085,0.114955475173,0.0513220159803,0.000617207923367,0.122541470758,0.0212227189011,0.122218193683,0.0553969498797,0.0537414015198,1,0.4,49,14,10,3,20,8.55072275169e-07,1.84695611436e-07,8.55072275169e-07,2.10049288212e-05,1.92471139565e-05,2.42421149935e-06,8.55072275169e-07,1.84695611436e-07,8.55072275169e-07,0.252952672831,0.494048188647,0.252952672587
57,0.0660711358684,0.0637341624572,0.074869989678,0.0243337876007,0.0140344032758,0.283585173332,0.0311774761011,0.0812389496716,0.257981256518,0.00853286627445,0.0116559086326,0.0827848905906,1,0.4,49,14,10,3,20,0.000869500750529,0.000187812162114,0.000869500750529,0.0783989164409,0.0243658276821,0.00324789258502,0.000869500750529,0.000187812162114,0.000869500750529,0.225172170525,0.439789395133,0.225172170308
58,0.212947255152,0.196949936455,0.0330367003683,0.0103638571143,0.0199677037697,0.0258100740519,0.0216462813218,0.137390334162,0.00476017660142,0.126444722305,0.210355584823,0.000327373876391,1,0.4,49,14,10,3,20,0.000149086473375,3.22026782489e-05,0.000149086473375,0.00972061056076,0.00170666021871,0.000477344596413,0.000149086473375,3.22026782489e-05,0.000149086473375,0.24978583629,0.487862961035,0.24978583605
59,0.0933380698085,0.0227476917075,0.108778048395,0.080978058939,0.103982299519,0.0450435848781,0.0123758180934,0.140011871907,0.020201208272,0.124165564369,0.0747646623965,0.173613121716,1,0.4,49,14,10,3,20,0.000106210583308,2.29414859945e-05,0.000106210583308,0.00131161677486,0.000659865332641,0.000924159737151,0.000106210583308,2.29414859945e-05,0.000106210583308,0.252112855922,0.492407921249,0.252112855679
60,0.00766493092828,0.326031608458,0.130864088241,0.00418598832908,0.012136982687,0.00247947966695,0.0469344479205,0.100924625025,0.0921429867841,0.0323372495291,0.0656690468293,0.178628565602,1,0.4,49,14,10,3,20,0.000191234289451,4.13066065215e-05,0.000191234289451,0.00855358398729,0.00108659572357,0.00359975970131,0.000191234289451,4.13066065215e-05,0.000191234289451,0.249400793278,0.487110923902,0.249400793038
61,0.0630618824805,0.0122021975666,0.105453333243,0.0346927299324,0.086582281593,0.0321631003214,0.314046060589,0.0686819311895,0.116261169216,0.0800857209904,0.000148242061132,0.0866213508163,1,0.4,49,14,10,3,20,0.000592646850565,0.000128011719722,0.000592646850565,0.0437533805718,0.00877679751442,0.00439016622753,0.000592646850565,0.000128011719722,0.000592646850565,0.237901165665,0.464650713743,0.237901165436
62,0.210752812663,0.0386768621832,0.109902133526,0.0548260698453,0.000299862608767,0.00951225496201,0.112621374713,0.000196774967698,0.0324530067423,0.185239383731,0.122758950045,0.122760514013,1,0.4,49,14,10,3,20,0.000123272471801,2.6626853909e-05,0.000123272471801,0.0052315166827,0.000693636897489,0.00124039653436,0.000123272471801,2.6626853909e-05,0.000123272471801,0.251013592285,0.490260921961,0.251013592044
63,0.183347787834,0.150481846204,0.22103331147,0.113939526982,0.0362718324168,0.0135478207084,0.00462590326871,0.119271926614,0.0114996483428,0.0957314887335,0.0174876880306,0.0327612193957,1,0.4,49,14,10,3,20,0.000500592274811,0.000108127931359,0.000500592274811,0.0386618055109,0.00258547900178,0.0109500522139,0.000500592274811,0.000108127931359,0.000500592274811,0.239199124488,0.467185789566,0.239199124258
64,0.0635304798541,0.0545846415354,0.0628849784721,0.0141854187355,0.107935445147,0.198017211896,0.123443532475,0.00301765803919,0.00894771193756,0.0116681554532,0.203377992083,0.148406774372,1,0.4,49,14,10,3,20,0.000169685048958,3.66519705748e-05,0.000169685048958,0.00770786129696,0.00222806781428,0.000718150815582,0.000169685048958,3.66519705748e-05,0.000169685048958,0.25007908342,0.488435709336,0.25007908318
65,0.0411701514781,0.132248492243,0.106759112941,0.110787006847,0.0704638700222,0.0320915268106,0.0519070863716,0.0232691125661,0.059156620364,0.0608083763722,0.205201592003,0.106137051981,1,0.4,49,14,10,3,20,0.000180683750532,3.90276901148e-05,0.000180683750532,0.00485186447691,0.00180194170793,0.000868882827799,0.000180683750532,3.90276901148e-05,0.000180683750532,0.250858882863,0.48995875512,0.250858882622
66,0.108024221766,0.118902714539,0.0196355201285,0.0714025712709,0.192089270337,0.0108578847847,0.0841300358877,0.00111806844751,0.0486295483443,0.303055913453,0.0273571878341,0.0147970632071,1,0.4,49,14,10,3,20,0.000227778187394,4.9200088477e-05,0.000227778187394,0.0117822365677,0.000532630164944,0.00288861821497,0.000227778187394,4.9200088477e-05,0.000227778187394,0.248863115341,0.486060771683,0.248863115102
67,0.0826632327502,0.0713105365684,0.133964060649,0.0102443795697,0.0640598420492,0.0116439275243,0.0548975690739,0.051369894849,0.121241192926,0.0242122854368,0.296401481455,0.0779915971486,1,0.4,49,14,10,3,20,6.7524226321e-05,1.45852328853e-05,6.7524226321e-05,0.000962877389747,0.00106490904237,0.000277327457929,6.7524226321e-05,1.45852328853e-05,6.7524226321e-05,0.252305611246,0.49278439649,0.252305611003
68,0.0173619620261,0.0958693469761,0.0301480344505,0.0342348281919,0.111390658407,0.2915826641,0.1834643874,0.0166660117884,0.00201239366445,0.111722997378,0.0464913839298,0.059055331689,1,0.4,49,14,10,3,20,1.7193633131e-06,3.71382475629e-07,1.7193633131e-06,6.41179838304e-06,4.06966621149e-06,1.40973281899e-05,1.7193633131e-06,3.71382475629e-07,1.7193633131e-06,0.252956281855,0.494055237523,0.252956281612
69,0.172288068099,0.0414486263547,0.0258459977088,0.0849540111789,0.0739582803079,0.273814501919,0.0711836869328,0.00290391757092,0.00579200483802,0.131942325954,0.0650043259584,0.0508642531785,1,0.4,49,14,10,3,20,0.000247050606377,5.33629309774e-05,0.000247050606377,0.0109459291464,0.00497165488142,0.00218037366497,0.000247050606377,5.33629309774e-05,0.000247050606377,0.248109309654,0.484588494951,0.248109309415
70,0.210107620796,0.196592443512,0.00865340053644,0.0517490314226,0.0134854314741,0.0781423032646,0.0829057100704,0.00428641550663,0.11224722778,0.0822013556116,0.0443446669448,0.115284393081,1,0.4,49,14,10,3,20,0.000171592854685,3.70640566119e-05,0.000171592854685,0.00458332023529,0.00342737262984,0.00164520746905,0.000171592854685,3.70640566119e-05,0.000171592854685,0.250329448435,0.488924703505,0.250329448194
71,0.0216758285381,0.0438430995669,0.0449191617747,0.209603051994,0.19149207459,0.114600053036,0.147710766649,0.00440828615515,0.0121718947687,0.0576082069334,0.126356556696,0.0256110192986,1,0.4,49,14,10,3,20,0.000572209781193,0.000123597312738,0.000572209781193,0.0255374475792,0.00847569832176,0.0007543392412,0.000572209781193,0.000123597312738,0.000572209781193,0.243527963775,0.475640553791,0.243527963541
72,0.00857411777911,0.164529330836,0.0553581327076,0.0220968950546,0.0182523509708,0.0019819200842,0.231475937266,0.108660567477,0.0287753597589,0.0487917885025,0.290143554601,0.0213600449623,1,0.4,49,14,10,3,20,0.000126398445637,2.73020642576e-05,0.000126398445637,0.00529403383569,0.00244522639926,0.000471259632072,0.000126398445637,2.73020642576e-05,0.000126398445637,0.250745747462,0.48973778754,0.25074574722
73,0.0468511647558,0.0480328018448,0.288874480186,0.0388309834207,0.141584611262,0.0326198094682,0.0480797176915,0.174766439118,0.00351779086866,0.0646415334936,0.0983300385771,0.0138706293141,1,0.4,49,14,10,3,20,0.00031793356153,6.86736492906e-05,0.00031793356153,0.00818256363269,0.00356994325176,0.006658412263,0.00031793356153,6.86736492906e-05,0.00031793356153,0.24795067194,0.484278655667,0.247950671701
74,0.0112874627984,0.0355551782338,0.149527901848,0.0581059682206,0.162277893081,0.0280121438336,0.0523074109783,0.0281140798019,0.153032715012,0.0834103895579,0.105114577831,0.133254278804,1,0.4,49,14,10,3,20,0.000176947321475,3.82206214386e-05,0.000176947321475,0.0148474525498,0.00460386922977,0.000463258885417,0.000176947321475,3.82206214386e-05,0.000176947321475,0.247728364145,0.483844460755,0.247728363907
75,0.0114953109023,0.224820521013,0.0587279744385,0.0628420212504,0.0256615282732,0.19221988846,0.0998124366753,0.107213079426,0.0941930835245,0.0464346059933,0.0365971466818,0.0399824033619,1,0.4,49,14,10,3,20,0.0006574077976,0.000142000084282,0.0006574077976,0.0503838712144,0.0190259064263,0.00305747897289,0.0006574077976,0.000142000084282,0.0006574077976,0.233895743922,0.456827624408,0.233895743697
76,0.00275582868122,0.00945644147693,0.00536448417173,0.0541054526494,0.098979305113,0.0692595715876,0.00636412948015,0.0476564140742,0.00657857273826,0.393824345771,0.0992415375753,0.206413916681,1,0.4,49,14,10,3,20,1.88303207245e-05,4.06734927649e-06,1.88303207245e-05,0.000225129304191,0.000245435474482,6.19442416188e-05,1.88303207245e-05,4.06734927649e-06,1.88303207245e-05,0.252808609825,0.49376681559,0.252808609582
77,0.0651826505142,0.201276654261,0.0548017214563,0.187820050339,0.0641638815236,0.124339455529,0.104193187473,0.00279651122981,0.0358718790509,0.0342412759901,0.0101390091645,0.115173723468,1,0.4,49,14,10,3,20,3.95755231435e-07,8.54831299901e-08,3.95755231435e-07,3.08948903253e-06,3.26579502377e-06,1.13360382784e-06,3.95755231435e-07,8.54831299901e-08,3.95755231435e-07,0.252962088941,0.494066579487,0.252962088697
78,0.139284804297,0.0769866452978,0.0566827399821,0.0203697008302,0.0165237091985,0.0368870378779,0.136894241132,0.0956537417764,0.0517598716927,0.107690874401,0.133029771691,0.128236861823,1,0.4,49,14,10,3,20,0.000101785044037,2.19855695119e-05,0.000101785044037,0.00219682746721,0.00106550545445,0.000587305281066,0.000101785044037,2.19855695119e-05,0.000101785044037,0.251876490421,0.491946269881,0.251876490179
79,0.212360516562,0.0148358331196,0.0357626763304,0.090422980186,0.0435660444632,0.132165900143,0.0186511710564,0.144612291476,0.0969658323083,0.0121771050161,0.157343607663,0.0411360416766,1,0.4,49,14,10,3,20,0.000277390745923,5.99164011195e-05,0.000277390745923,0.00593304820857,0.00615080482169,0.00044628404524,0.000277390745923,5.99164011195e-05,0.000277390745923,0.249483754712,0.487272957954,0.249483754472
80,0.115824105536,0.0980416902969,0.052606768251,0.0196236089937,0.0626208383799,0.0207836230631,0.0416311360309,0.101004720623,0.0109542109087,0.367023593201,0.0569201450982,0.0529655596175,1,0.4,49,14,10,3,20,5.94499571707e-05,1.28411907489e-05,5.94499571707e-05,0.0017618088471,0.000754580997211,0.000559965501624,5.94499571707e-05,1.28411907489e-05,5.94499571707e-05,0.252119566965,0.492421028756,0.252119566723
81,0.0900024108005,0.338561656239,0.137949900196,0.00141095994058,0.0206571118568,0.0563281202587,0.00237272252209,0.0568357356694,0.0965576717031,0.0525681324579,0.132924777522,0.0138308008339,1,0.4,49,14,10,3,20,0.000362010173273,7.81941974271e-05,0.000362010173273,0.00424875550279,0.00317450416705,0.00117643020126,0.000362010173273,7.81941974271e-05,0.000362010173273,0.250383147953,0.489029585376,0.250383147712
82,0.085683361248,0.121755429282,0.113942867173,0.0552219342792,0.041149438031,0.283407176249,0.0565895235019,0.0276224332661,0.0218692278528,0.0270765302297,0.118647920128,0.0470341587588,1,0.4,49,14,10,3,20,0.000368258046554,7.95437380557e-05,0.000368258046554,0.0445157216282,0.00325996385082,0.00224965686442,0.000368258046554,7.95437380557e-05,0.000368258046554,0.23989692678,0.468548684666,0.239896926549
83,0.223101515103,0.09063407839,0.0605806110806,0.126871807994,0.0230923425362,0.110447362947,0.0541603798482,0.039988285654,0.015926523332,0.058443352595,0.0179278766103,0.178825863909,1,0.4,49,14,10,3,20,4.41154063503e-07,9.52892777166e-08,4.41154063503e-07,4.94283345235e-06,3.75480178511e-06,4.25325379075e-06,4.41154063503e-07,9.52892777166e-08,4.41154063503e-07,0.25296065635,0.494063781459,0.252960656107
84,0.102095272329,0.0046707591572,0.0193172106787,0.00780167913324,0.0901723357698,0.143213235193,0.144584481151,0.0168401930483,0.0584265179691,0.226622717767,0.0616849383401,0.124570659464,1,0.4,49,14,10,3,20,0.000122609964598,2.64837523531e-05,0.000122609964598,0.00403109665783,0.00179337529801,0.000563330346401,0.000122609964598,2.64837523531e-05,0.000122609964598,0.251211077577,0.490646635421,0.251211077336
85,0.007221252878,0.0375643056937,0.101105905098,0.131841969839,0.0154279597301,0.0157627704064,0.0470199205956,0.0151631355719,0.0108901462767,0.228854999053,0.120511538316,0.268636096542,1,0.4,49,14,10,3,20,3.90735110034e-05,8.43987837673e-06,3.90735110034e-05,0.00173451316042,0.00101384202811,8.46144993587e-05,3.90735110034e-05,8.43987837673e-06,3.90735110034e-05,0.252203979694,0.492585897366,0.252203979451
86,0.107707363788,0.0127360121138,0.0859296616646,0.244800545521,0.0310023720852,0.0295748719031,0.0679019051953,0.0650166236805,0.0362863522854,0.128003722539,0.00350126883711,0.187539300386,1,0.4,49,14,10,3,20,0.00024883223231,5.37477621791e-05,0.00024883223231,0.011748254584,0.00162220908499,0.00269362513359,0.00024883223231,5.37477621791e-05,0.00024883223231,0.248621808683,0.485589469617,0.248621808444
87,0.0209005137089,0.0491516046577,0.00327981032205,0.0187569919864,0.0833664496262,0.00346840298329,0.527937887036,0.00849866281606,0.076764253753,0.0755678407604,0.120178904525,0.0121286778258,1,0.4,49,14,10,3,20,0.000390531100384,8.4354717683e-05,0.000390531100384,0.0220186248721,0.00196292443671,0.00722846808484,0.000390531100384,8.4354717683e-05,0.000390531100384,0.244631563501,0.477796022003,0.244631563266
88,0.0248544076196,0.0441663861491,0.0614557124361,0.198946254756,0.0360950857947,0.0311945909436,0.0851495416357,0.163773999216,0.0768778542798,0.126363890793,0.0495583671749,0.101563909202,1,0.4,49,14,10,3,20,0.000254083248404,5.48819816553e-05,0.000254083248404,0.0181953523732,0.00389339990473,0.000420132127908,0.000254083248404,5.48819816553e-05,0.000254083248404,0.24698561754,0.482393783794,0.246985617303
89,0.000894966487658,0.0787030134153,0.0521697513262,0.118184515607,0.0135739156211,0.144851906151,0.194187454957,0.06020048284,0.00523276608442,0.0428888218802,0.214606836186,0.0745055694437,1,0.4,49,14,10,3,20,0.000141978110155,3.06672717935e-05,0.000141978110155,0.00990905871497,0.00322747898012,0.000844896676316,0.000141978110155,3.06672717935e-05,0.000141978110155,0.249268444421,0.486852430042,0.249268444181
90,0.0277506867452,0.0808274555652,0.0178189891489,0.0712120787402,0.056185736602,0.0119871687326,0.200283321177,0.0668545028255,0.0620617887185,0.276872630049,0.0914880012138,0.0366576404829,1,0.4,49,14,10,3,20,1.18536142722e-06,2.56038068279e-07,1.18536142722e-06,4.93984176273e-06,1.27898393758e-05,1.99450500933e-06,1.18536142722e-06,2.56038068279e-07,1.18536142722e-06,0.252958108588,0.49405880536,0.252958108344
91,0.12324478411,0.0036940461495,0.0176494617509,0.00538125506845,0.178119713683,0.109429058314,0.182942058777,0.0565447512905,0.0738151640589,0.173707733257,0.0283273460581,0.0471446274838,1,0.4,49,14,10,3,20,0.000176446249308,3.81123898504e-05,0.000176446249308,0.00285702070349,0.00150817180473,0.00201772581244,0.000176446249308,3.81123898504e-05,0.000176446249308,0.251151955128,0.490531161888,0.251151954887
92,0.102787222197,0.00265961995512,0.0117782725411,0.182719752847,0.0869552897024,0.150612405514,0.0477930440383,0.309308094039,0.0151463433928,0.0125117620202,0.0649912924337,0.0127369013197,1,0.4,49,14,10,3,20,0.00155467692642,0.000335810216108,0.00155467692642,0.115760440405,0.00841470709059,0.012919998974,0.00155467692642,0.000335810216108,0.00155467692642,0.21654122397,0.42293207766,0.216541223762
93,0.0228586972939,0.156719812504,0.0435166585928,0.0230063139127,0.11570498036,0.302611284972,0.0159403587315,0.19458168791,0.0710901871432,0.0182687780488,0.00151265518621,0.0341885853446,1,0.4,49,14,10,3,20,0.00156089120327,0.000337152499907,0.00156089120327,0.0108120254471,0.036143135297,0.0138217113857,0.00156089120327,0.000337152499907,0.00156089120327,0.235840065449,0.460625127387,0.235840065222
94,0.0604035592486,0.182501966754,0.127741597638,0.0330138242045,0.239795692361,0.0725178470131,0.207579304925,0.00100682245938,0.059049768237,0.0101518761045,0.000881173893843,0.00535656716069,1,0.4,49,14,10,3,20,0.00659834340136,0.00142524217469,0.00659834340136,0.258559972433,0.133770194746,0.041026439778,0.00659834340136,0.00142524217469,0.00659834340136,0.135942965495,0.265513604228,0.135942965365
