run_ID,t1_initial,t2_initial,t3_initial,t4_initial,t5_initial,t6_initial,t7_initial,t8_initial,t9_initial,t10_initial,t11_initial,t12_initial,alpha,prior_cost_c,lambda,k,sample_amount,learning_parameter,generations,t1_final,t2_final,t3_final,t4_final,t5_final,t6_final,t7_final,t8_final,t9_final,t10_final,t11_final,t12_final
0,0.0626044416304,0.037895216057,0.0186740201434,0.254890201103,0.044619887385,0.00329454431465,0.138312448734,0.116219950577,0.248450609526,0.00835811526642,0.0144124007913,0.0522681644723,1,0.4,49,12,10,3,20,0.00231206298408,0.000499405604561,0.00231206298408,0.0958786617324,0.0179715846544,0.0119567028757,0.00231206298408,0.000499405604561,0.00231206298408,0.218547601739,0.426850784294,0.218547601559
1,0.0528267164856,0.104506380186,0.22417740552,0.198375020121,0.0597563870467,0.0657760517428,0.067447713107,0.0246481482369,0.101933744775,0.00267098360229,0.0778970021861,0.0199844469911,1,0.4,49,12,10,3,20,2.29649963065e-07,4.9604392022e-08,2.29649963065e-07,8.24740607184e-06,3.27900911538e-06,9.58595406611e-07,2.29649963065e-07,4.9604392022e-08,2.29649963065e-07,0.2529610113,0.494064474789,0.252961011092
2,0.210226393176,0.00081135795041,0.0478392784975,0.109323000867,0.117031956815,0.00551814707254,0.270615613893,0.138309114865,0.0390210220789,0.0428414880708,0.00118206026751,0.0172805664456,1,0.4,49,12,10,3,20,0.00284086955587,0.000613627824067,0.00284086955587,0.0227552574938,0.0125538771359,0.0195326237007,0.00284086955587,0.000613627824067,0.00284086955587,0.23590640528,0.460754697433,0.235906405085
3,0.0697987821414,0.125455055706,0.0509810365185,0.0126551044119,0.00207608496477,0.224723676461,0.142168620894,0.0271051404063,0.0534262962596,0.104920042913,0.111556430388,0.0751337289353,1,0.4,49,12,10,3,20,0.000218954829131,4.72942430922e-05,0.000218954829131,0.0115865048904,0.00208284274293,0.0021960300274,0.000218954829131,4.72942430922e-05,0.000218954829131,0.24870557221,0.485753070322,0.248705572005
4,0.0200775016181,0.0298391692239,0.0530868390633,0.0177220741603,0.0847091282504,0.0587317999638,0.524704416965,0.0585352622366,0.034361513356,0.0351863565433,0.0259796072262,0.0570663313937,1,0.4,49,12,10,3,20,0.00122599779986,0.00026481552477,0.00122599779986,0.0184726384693,0.00599017713061,0.0084126376115,0.00122599779986,0.00026481552477,0.00122599779986,0.243273593709,0.475143737322,0.243273593509
5,0.262054228663,0.0923810830801,0.00490612696981,0.075029097164,0.0510157674983,0.201372150559,0.00412878194534,0.0187053728545,0.0306177227185,0.0787505239624,0.141432383106,0.0396067614799,1,0.4,49,12,10,3,20,5.34941606182e-07,1.15547386935e-07,5.34941606182e-07,8.3376502698e-06,2.432197084e-06,1.52276283802e-06,5.34941606182e-07,1.15547386935e-07,5.34941606182e-07,0.252960717697,0.494063901344,0.252960717488
6,0.100145056568,0.0617488577127,0.0424588892071,0.0274318577304,0.136793146273,0.0758468452569,0.0152111234287,0.0349811957838,0.0203541748801,0.0441973931495,0.217329862975,0.223501597035,1,0.4,49,12,10,3,20,6.3056985014e-05,1.3620308763e-05,6.3056985014e-05,0.00160040216761,0.000294506534093,0.000994382456337,6.3056985014e-05,1.3620308763e-05,6.3056985014e-05,0.252162843547,0.492505553397,0.25216284334
7,0.0289200407479,0.105378307313,0.0724116774803,0.144549485971,0.101244233849,0.164441594225,0.0414731183676,0.180990047113,0.0446516570567,0.0473740092943,0.00774132425604,0.0608245043261,1,0.4,49,12,10,3,20,0.00137334256728,0.000296641994533,0.00137334256728,0.0393926178123,0.00862378159075,0.00244944701271,0.00137334256728,0.000296641994533,0.00137334256728,0.238658656103,0.466130187317,0.238658655906
8,0.122170047241,0.028640827883,0.16046831678,0.0345857516221,0.0243186418944,0.0550074690016,0.0881475994846,0.108835263461,0.0701457662507,0.151935038425,0.148219004499,0.0075262734578,1,0.4,49,12,10,3,20,0.000218085255399,4.71064151661e-05,0.000218085255399,0.00382156977454,0.00221201836061,0.000350883465889,0.000218085255399,4.71064151661e-05,0.000218085255399,0.251104879091,0.490439216571,0.251104878884
9,0.0027278098529,0.062435333845,0.104589438413,0.175189666947,0.0316637139524,0.254343892305,0.133600192678,0.0225533944155,0.114114166805,0.0327767577181,0.0507597193963,0.0152459136714,1,0.4,49,12,10,3,20,0.00116785688729,0.000252257087654,0.00116785688729,0.0270673509908,0.0161946632586,0.00742085914189,0.00116785688729,0.000252257087654,0.00116785688729,0.238834133873,0.466472917336,0.238834133676
10,0.018123589739,0.00787726381391,0.180873027041,0.161824339385,0.00063996924063,0.0425618085721,0.210593800287,0.0184359463655,0.0304153241527,0.00525266638071,0.0728608216126,0.25054144341,1,0.4,49,12,10,3,20,0.000110367758332,2.38394357998e-05,0.000110367758332,0.000874665114924,0.00123143030135,0.000278783258314,0.000110367758332,2.38394357998e-05,0.000110367758332,0.25223740004,0.492651171548,0.252237399832
11,0.131412604889,0.141596100454,0.0210836896916,0.0487656462402,0.118853944252,0.00416680795078,0.0167520468102,0.0869121689891,0.253425567251,0.00944503283142,0.159419421489,0.00816696915176,1,0.4,49,12,10,3,20,1.24983359859e-06,2.69964057295e-07,1.24983359859e-06,8.19581905492e-06,5.09630582391e-06,1.41171531691e-06,1.24983359859e-06,2.69964057295e-07,1.24983359859e-06,0.252959306248,0.494061144609,0.25295930604
12,0.167019228327,0.0278940800997,0.212713282882,0.198216811627,0.0458095884725,0.00293308304518,0.052217214309,0.234982838715,0.0109629195014,0.00438576506375,0.0171279762819,0.0257372116751,1,0.4,49,12,10,3,20,2.08279317641e-06,4.49883326104e-07,2.08279317641e-06,1.18984873432e-05,1.020533845e-05,1.76127590027e-06,2.08279317641e-06,4.49883326104e-07,2.08279317641e-06,0.252956054912,0.494054794343,0.252956054704
13,0.130796261942,0.0614137142716,0.000697447367585,0.0202622653609,0.123190499315,0.157502975462,0.0499488006066,0.0120517847788,0.0431250083809,0.0226163821018,0.246390878871,0.132003981541,1,0.4,49,12,10,3,20,0.000154849181314,3.34474231639e-05,0.000154849181314,0.00838498065384,0.00125164565588,0.0014549721813,0.000154849181314,3.34474231639e-05,0.000154849181314,0.249985039822,0.4882520305,0.249985039616
14,0.00771596348172,0.0141057118274,0.0746798971985,0.0234129624922,0.122468881955,0.112402885666,0.212997391279,0.111519924152,0.0627550084758,0.142446040249,0.061367635877,0.0541276973461,1,0.4,49,12,10,3,20,0.000392628212992,8.48076940062e-05,0.000392628212992,0.0164952972811,0.00506172755144,0.00111867227716,0.000392628212992,8.48076940062e-05,0.000392628212992,0.246788091763,0.482007991328,0.24678809156
15,0.093893029412,0.00639145611489,0.0747834690089,0.10537914495,0.154106855579,0.0115703368791,0.101288686638,0.071577296145,0.0486790091753,0.00389436350334,0.000336544631688,0.328099807964,1,0.4,49,12,10,3,20,0.000136410476696,2.94646629664e-05,0.000136410476696,0.00163031283178,0.000720698150882,0.000498837966029,0.000136410476696,2.94646629664e-05,0.000136410476696,0.252090581611,0.492364416804,0.252090581404
16,0.0654751962555,0.164004431244,0.215554903501,0.00397006194774,0.102552032881,0.048214213032,0.00890949624153,0.0533402058838,0.0892448262794,0.00683705565428,0.20410474081,0.0377928362702,1,0.4,49,12,10,3,20,4.15098006029e-05,8.96611693023e-06,4.15098006029e-05,0.0007872862303,0.000169301093682,0.00013537045747,4.15098006029e-05,8.96611693023e-06,4.15098006029e-05,0.25264166233,0.493440746331,0.252641662121
17,0.103316601459,0.023203398626,0.0179172046713,0.0862999624671,0.0618196570555,0.329801506775,0.0545435702263,0.0340111314747,0.0800505344415,0.0207503862897,0.173865838026,0.0144202084887,1,0.4,49,12,10,3,20,0.000455391962478,9.83646638951e-05,0.000455391962478,0.0230126087389,0.00492043500148,0.00311128148733,0.000455391962478,9.83646638951e-05,0.000455391962478,0.2446007597,0.477735858396,0.244600759499
18,0.117750446137,0.157282845344,0.20092146164,0.0141200222751,0.0427057463511,0.0336854924099,0.00654803746192,0.248463767516,0.0148279882404,0.00464272450011,0.0344304598292,0.124621008296,1,0.4,49,12,10,3,20,1.14720731277e-06,2.47796779558e-07,1.14720731277e-06,1.09833058707e-05,5.56827195223e-06,1.26599936991e-05,1.14720731277e-06,2.47796779558e-07,1.14720731277e-06,0.252955751367,0.494054201481,0.252955751158
19,0.154586604953,0.0089853150543,0.0184167167821,0.0767893261561,0.205166939047,0.0253566814872,0.0553996266057,0.151355270237,0.166319237959,0.00163610350124,0.0651215143264,0.0708666638906,1,0.4,49,12,10,3,20,0.000667819648587,0.000144249044095,0.000667819648587,0.00313780272992,0.00121572108669,0.00285443641431,0.000667819648587,0.000144249044095,0.000667819648587,0.250392351291,0.489047560712,0.250392351084
20,0.541776515353,0.00524337471603,0.0287774789882,0.0768974343507,0.00142132231886,0.101813634391,0.0039861609783,0.0233436821143,0.00776468236747,0.0843988918997,0.113690029483,0.01088679304,1,0.4,49,12,10,3,20,2.51577098838e-06,5.43406533489e-07,2.51577098838e-06,3.50642725356e-05,2.02690282606e-05,1.35956130031e-05,2.51577098838e-06,5.43406533489e-07,2.51577098838e-06,0.252944169943,0.494031581512,0.252944169734
21,0.0970184788603,0.000372331658022,0.0948969908202,0.024390698833,0.0361125334093,0.239590329914,0.0112885389837,0.00884370826408,0.29120665987,0.000937482008909,0.0814572178797,0.113885029499,1,0.4,49,12,10,3,20,0.000374608037897,8.09153361859e-05,0.000374608037897,0.0104367675387,0.0062630809902,0.00174264056619,0.000374608037897,8.09153361859e-05,0.000374608037897,0.247879145912,0.484138956461,0.247879145708
22,0.00323751219074,0.0359965835735,0.0326623714979,0.0529201670882,0.283460589363,0.168356799432,0.128665801318,0.124702414799,0.00340477954763,0.123705371976,0.0344024099408,0.00848519927319,1,0.4,49,12,10,3,20,0.000589653960925,0.00012736525556,0.000589653960925,0.0126349921975,0.00490646970565,0.00269689032096,0.000589653960925,0.00012736525556,0.000589653960925,0.247183760195,0.482780781234,0.247183759992
23,0.0423811437769,0.0264946942074,0.121015321357,0.198711362971,0.0492909875601,0.171036561308,0.0778156689096,0.0490924462702,0.0675789786881,0.0324128715437,0.0823950322064,0.0817749312006,1,0.4,49,12,10,3,20,2.99849296436e-06,6.47674480301e-07,2.99849296436e-06,3.80777785344e-05,3.5892311011e-05,1.62782350889e-05,2.99849296436e-06,6.47674480301e-07,2.99849296436e-06,0.252938235692,0.494019991179,0.252938235484
24,0.0354300801256,0.0107534594146,0.0885787016755,0.347438552185,0.0187216293596,0.0344273400281,0.0587250209262,0.184156850249,0.126918646775,0.00665814448598,0.0159688118264,0.0722227629486,1,0.4,49,12,10,3,20,3.70391915802e-05,8.00046538131e-06,3.70391915802e-05,0.000763437580948,0.00053687557699,0.000138340395696,3.70391915802e-05,8.00046538131e-06,3.70391915802e-05,0.252558972804,0.49327924335,0.252558972595
25,0.0552561235961,0.0824494720299,0.0389147016846,0.184386784386,0.231064108099,0.0248011093718,0.0964402036406,0.000363113972285,0.0262920445935,0.00581203031898,0.0224699294192,0.231750378888,1,0.4,49,12,10,3,20,0.000412602580431,8.91221573732e-05,0.000412602580431,0.00711982979219,0.00089503895442,0.00326758480907,0.000412602580431,8.91221573732e-05,0.000412602580431,0.249647783062,0.48759332589,0.249647782856
26,0.272020388794,0.104526263504,0.0064805638296,0.0100092924354,0.110256190125,0.000634769521638,0.1530696665,0.00246571721953,0.0888952339567,0.222833286318,0.016193427859,0.0126151999374,1,0.4,49,12,10,3,20,1.10431300845e-06,2.38531609825e-07,1.10431300845e-06,1.00975225469e-05,4.58956216895e-06,1.64358031605e-06,1.10431300845e-06,2.38531609825e-07,1.10431300845e-06,0.252959057868,0.494060659492,0.25295905766
27,0.0745449054034,0.0428049547504,0.00637260517608,0.174009749893,0.0733901328167,0.0263663967377,0.020471398795,0.0612756092859,0.023560233757,0.0386810666373,0.327038005285,0.131484941463,1,0.4,49,12,10,3,20,7.12614229303e-07,1.53924673529e-07,7.12614229303e-07,5.40837448936e-06,1.70400107012e-05,1.21723920829e-06,7.12614229303e-07,1.53924673529e-07,7.12614229303e-07,0.252957641533,0.494057893212,0.252957641324
28,0.0316191917288,0.170390188696,0.043116026685,0.0199772402379,0.335363795092,0.105647896025,0.063170786795,0.126538443681,0.00382492035152,0.00799700272577,0.0110304504709,0.0813240575113,1,0.4,49,12,10,3,20,0.00113156685814,0.000244418441358,0.00113156685814,0.0479565990458,0.0150880330074,0.00940169173753,0.00113156685814,0.000244418441358,0.00113156685814,0.233369441255,0.455799689576,0.233369441063
29,0.106569574809,0.366811318498,0.0673854958477,0.0475024394567,0.0405409943368,0.10710299795,0.0881616610024,0.0400016534146,0.00885480114475,0.0479488514658,0.00806314969543,0.0710570623779,1,0.4,49,12,10,3,20,0.000782939925404,0.000169115023887,0.000782939925404,0.0135315830362,0.0122895081157,0.00183089542045,0.000782939925404,0.000169115023887,0.000782939925404,0.245091674125,0.478694675631,0.245091673923
30,0.00192364819318,0.144262676962,0.0138290957513,0.102541235196,0.141386251156,0.0639418128271,0.113066675399,0.0673720288813,0.0103298241979,0.296837327634,0.0410299220369,0.00347950176549,1,0.4,49,12,10,3,20,0.000174860211049,3.77698055867e-05,0.000174860211049,0.00253136383568,0.00111191256848,0.000584392785753,0.000174860211049,3.77698055867e-05,0.000174860211049,0.251698934632,0.491599481298,0.251698934425
31,0.0531108147994,0.0297247624521,0.0257795334429,0.377679110418,0.208730394808,0.0941438627103,0.0225319980194,0.0323217043434,0.0486149559616,0.00890577519628,0.0721457148558,0.0263113729932,1,0.4,49,12,10,3,20,0.00101991891293,0.000220302485192,0.00101991891293,0.0709617311345,0.012996627573,0.00930076277625,0.00101991891293,0.000220302485192,0.00101991891293,0.228229716604,0.445761164874,0.228229716416
32,0.0188650304651,0.0112528900773,0.0204254314137,0.0775552073802,0.0890463177479,0.353578413733,0.0682050039202,0.0399950731728,0.0193267843897,0.125414288666,0.124353370451,0.0519821885836,1,0.4,49,12,10,3,20,0.000187846283807,4.05747973023e-05,0.000187846283807,0.00292681217813,0.00186591618021,0.00093807028575,0.000187846283807,4.05747973023e-05,0.000187846283807,0.251304137167,0.490828392499,0.25130413696
33,0.0225784409016,0.367617511793,0.0732327684426,0.0566196316065,0.0442644528757,0.0238104709225,0.0767162988664,0.013199291611,0.00433433151331,0.0319396287636,0.252643451357,0.0330437213463,1,0.4,49,12,10,3,20,0.000209461006858,4.52435774813e-05,0.000209461006858,0.00442363681437,0.00153617253714,0.000875514900811,0.000209461006858,4.52435774813e-05,0.000209461006858,0.251000498385,0.490235348003,0.251000498178
34,0.12392496851,0.109688938377,0.00470419638182,0.126226292727,0.0443090531796,0.0599038661443,0.289396816565,0.0121883012076,0.0326604487498,0.115797931015,0.00284429056937,0.0783548965745,1,0.4,49,12,10,3,20,5.37306609336e-06,1.16058227617e-06,5.37306609336e-06,1.26512762e-05,4.74489880029e-05,1.28958592939e-05,5.37306609336e-06,1.16058227617e-06,5.37306609336e-06,0.25293993766,0.494023315336,0.252939937452
35,0.175024770963,0.0261110688756,0.161296418341,0.103747199507,0.0869746583162,0.17565802088,0.00541002213761,0.0624829321586,0.0382705381071,0.0273992144189,0.0399642530783,0.097660903218,1,0.4,49,12,10,3,20,0.000865468619291,0.000186941221767,0.000865468619291,0.0455555355274,0.00498546665709,0.00374730374,0.000865468619291,0.000186941221767,0.000865468619291,0.238261106779,0.465353723794,0.238261106582
36,0.033603410588,0.0355290062509,0.0186100631659,0.0812733345607,0.279607820752,0.115959847725,0.0353096556428,0.0243871982653,0.0617716636012,0.028983900018,0.277687852043,0.00727624738716,1,0.4,49,12,10,3,20,0.000157855712514,3.40968339031e-05,0.000157855712514,0.00506960777006,0.00276144975294,0.000747812099867,0.000157855712514,3.40968339031e-05,0.000157855712514,0.250617300103,0.48948691386,0.250617299896
37,0.00290261137423,0.116889753402,0.208906049698,0.0345682543307,0.0962028014391,0.156471047479,0.0318873520029,0.133503807139,0.00573950943338,0.115933323945,0.0414586090952,0.0555368806609,1,0.4,49,12,10,3,20,0.000593108739394,0.000128111487709,0.000593108739394,0.023819864491,0.00270992432426,0.0034879548048,0.000593108739394,0.000128111487709,0.000593108739394,0.24470604877,0.477941501109,0.244706048568
38,0.190383938337,0.0250164451509,0.0806801657947,0.0286106603166,0.00123619148076,0.165634455343,0.165816563783,0.0922857187215,0.000115809218099,0.0456317305789,0.152169641836,0.0524186794391,1,0.4,49,12,10,3,20,0.000351078367278,7.5832927332e-05,0.000351078367278,0.00543170565363,0.00150954341808,0.00211016428387,0.000351078367278,7.5832927332e-05,0.000351078367278,0.250281134022,0.488830339483,0.250281133815
39,0.00724828011125,0.00191538088773,0.101862574489,0.0953435817914,0.289367368706,0.208221038866,0.0320471656523,0.0529001346668,0.00756450316559,0.046593222539,0.0183317684656,0.138604980659,1,0.4,49,12,10,3,20,0.000676801270399,0.000146189074406,0.000676801270399,0.0290020644568,0.00585543451386,0.00132682271369,0.000676801270399,0.000146189074406,0.000676801270399,0.243052292978,0.47471150933,0.243052292777
40,0.0736047574185,0.199498262543,0.0575887237949,0.0315060417986,0.0574139437907,0.0303979748589,0.0982878022296,0.0547495248515,0.0560675370204,0.0366045334639,0.120230123145,0.184050775085,1,0.4,49,12,10,3,20,2.71066612844e-06,5.85503883743e-07,2.71066612844e-06,1.17151137748e-05,6.80571872307e-06,1.02301367924e-05,2.71066612844e-06,5.85503883743e-07,2.71066612844e-06,0.252954115029,0.494051005509,0.252954114821
41,0.0515388001445,0.0434562917532,0.0751478343601,0.108588732926,0.0800632602749,0.120737336717,0.139834766819,0.0413055641525,0.0137908261826,0.158113201925,0.0248659626534,0.142557422091,1,0.4,49,12,10,3,20,0.000129294596947,2.79276329406e-05,0.000129294596947,0.00515978963348,0.00203879179101,0.00218945404035,0.000129294596947,2.79276329406e-05,0.000129294596947,0.250444630891,0.489149669306,0.250444630685
42,0.0573449687521,0.0888466486268,0.181883709538,0.0994299737471,0.0790833487282,0.194405559359,0.16568924396,0.00533656930488,0.00098827228941,0.104612822956,0.0144586689394,0.00792021379883,1,0.4,49,12,10,3,20,0.00079092294261,0.000170839355604,0.00079092294261,0.00629829457324,0.0049329154536,0.00300340611174,0.00079092294261,0.000170839355604,0.00079092294261,0.248476841482,0.48530633062,0.248476841277
43,0.0190410195727,0.0141340063871,0.05615229061,0.0817832607752,0.193695555367,0.0383738752339,0.0140484003917,0.0572609991834,0.264144219285,0.0815097194098,0.0400175770793,0.139839076705,1,0.4,49,12,10,3,20,1.50094646006e-06,3.24204435372e-07,1.50094646006e-06,2.06415421483e-05,1.66393282576e-05,4.54292527488e-06,1.50094646006e-06,3.24204435372e-07,1.50094646006e-06,0.252952164332,0.494047195554,0.252952164124
44,0.00356466075519,0.0882839065357,0.0253945646737,0.0773791408163,0.320223342393,0.196027835112,0.108861016487,0.0871401220387,0.078300152026,0.0060910886125,0.00780965018271,0.000924520367425,1,0.4,49,12,10,3,20,4.56054698629e-05,9.85078149038e-06,4.56054698629e-05,0.000117129286089,0.000782995395508,5.03133728986e-05,4.56054698629e-05,9.85078149038e-06,4.56054698629e-05,0.252672869975,0.493501698762,0.252672869766
45,0.0145539743949,0.0990604103869,0.0449469696928,0.0207362047692,0.0164813861169,0.000840325811623,0.102738115228,0.0249059407081,0.163914650869,0.291852728725,0.121596451888,0.0983728414095,1,0.4,49,12,10,3,20,8.02108500955e-05,1.73255436206e-05,8.02108500955e-05,0.00242367031546,0.000632966073532,0.000379077191516,8.02108500955e-05,1.73255436206e-05,8.02108500955e-05,0.252005386257,0.492198019627,0.252005386049
46,0.0334834935146,0.0775231368037,0.0919210217807,0.222698089153,0.0267542287129,0.0211370889942,0.149358525261,0.0204780052388,0.0326898127179,0.0781597581243,0.208067177879,0.0377296618195,1,0.4,49,12,10,3,20,0.000270976995298,5.85310309843e-05,0.000270976995298,0.0202272109521,0.00256778525207,0.00192865352164,0.000270976995298,5.85310309843e-05,0.000270976995298,0.246406420447,0.481262539539,0.246406420244
47,0.220606417353,0.148803714878,0.0962199500221,0.0149942910189,0.0967139822628,0.0228934959192,0.139704211455,0.0197922701944,0.0862114186923,0.0504138373339,0.0954301876358,0.00821622323438,1,0.4,49,12,10,3,20,0.00107810054072,0.000232869716795,0.00107810054072,0.0253136681578,0.00694038214853,0.00241658850241,0.00107810054072,0.000232869716795,0.00107810054072,0.242985288901,0.474580641993,0.242985288701
48,0.0111381428977,0.00948021887822,0.0306587065869,0.465043073244,0.00253801222512,0.0335810686777,0.0210425898548,0.0665501732741,0.173739707542,0.0449219319108,0.0998932325989,0.0414131423102,1,0.4,49,12,10,3,20,0.000579505859852,0.000125173265728,0.000579505859852,0.006722331713,0.00294502210439,0.00249433437246,0.000579505859852,0.000125173265728,0.000579505859852,0.24923824631,0.486793449424,0.249238246105
49,0.0396732113635,0.000418106753249,0.00914409056638,0.0665349297405,0.315290196922,0.0249992770983,0.00472376730823,0.00796438163204,0.303467637665,0.0445880841879,0.101072719915,0.0821235968477,1,0.4,49,12,10,3,20,0.000425687393509,9.19484769979e-05,0.000425687393509,0.00684228976576,0.00334868972469,0.000847576835794,0.000425687393509,9.19484769979e-05,0.000425687393509,0.249694810499,0.487685176354,0.249694810293
50,0.00547070757346,0.104007612275,0.0327336640186,0.244395848342,0.0554727083274,0.322449863741,0.0107950242496,0.138120784903,0.000212176264137,0.0249910297887,0.0328728982996,0.0284776822169,1,0.4,49,12,10,3,20,0.00125790725277,0.000271707966599,0.00125790725277,0.0120326925171,0.0163211755016,0.0027139886087,0.00125790725277,0.000271707966599,0.00125790725277,0.243695076432,0.475966945765,0.243695076231
51,0.0788829715433,0.0245424307745,0.108102024989,0.165111869169,0.0369854218412,0.102771582533,0.0576530410917,0.183332686819,0.128718856895,0.0317076106642,0.0372200357078,0.0449714679722,1,0.4,49,12,10,3,20,0.0009396035226,0.000202954360882,0.0009396035226,0.0308038507003,0.0149018942898,0.00310183159103,0.0009396035226,0.000202954360882,0.0009396035226,0.239564420854,0.467899259095,0.239564420657
52,0.00187930564138,0.000299861294783,0.177005884598,0.138014116588,0.0491597879484,0.146846682966,0.0668290754799,0.138765759032,0.00902507669695,0.0935855585927,0.00304243244345,0.175546458719,1,0.4,49,12,10,3,20,0.00023809228143,5.14279327889e-05,0.00023809228143,0.00559651727764,0.00413980199048,0.000423154109875,0.00023809228143,5.14279327889e-05,0.00023809228143,0.250127507286,0.488530287265,0.25012750708
53,0.00251906945561,0.024058836874,0.0289535791826,0.0118058651428,0.124511067297,0.00318734110282,0.0714649035213,0.0319328976424,0.245161494354,0.0030694604676,0.3191023115,0.134233173459,1,0.4,49,12,10,3,20,8.18370862326e-05,1.76768106262e-05,8.18370862326e-05,0.00600059222522,0.000942928139362,0.001166362655,8.18370862326e-05,1.76768106262e-05,8.18370862326e-05,0.250821164427,0.489885086367,0.25082116422
54,0.00619024763094,0.0208415136352,0.0579085414782,1.80291512378e-05,0.0872665777356,0.218743407033,0.0277656964951,0.00259882669634,0.109051624811,0.246207402701,0.152520148715,0.0708879839169,1,0.4,49,12,10,3,20,6.58419747897e-05,1.42218665546e-05,6.58419747897e-05,0.00394590791007,0.00147168273674,0.000324385767197,6.58419747897e-05,1.42218665546e-05,6.58419747897e-05,0.251438093297,0.491090025566,0.25143809309
55,0.00244759801525,0.0591220488685,0.218559667033,0.0743282490637,0.0890767958811,0.0226248791499,0.0731728379282,0.0950851971323,0.00445361229142,0.0129014507103,0.1041363838,0.244091280126,1,0.4,49,12,10,3,20,3.4640776458e-07,7.48240771493e-08,3.4640776458e-07,6.5578094383e-06,1.439786108e-06,7.48630433536e-07,3.4640776458e-07,7.48240771493e-08,3.4640776458e-07,0.252961826178,0.494066066347,0.25296182597
56,0.0427707495069,0.0764768292025,0.0243549258571,0.0039530898787,0.0681035601057,0.232871116431,0.00786661073146,0.0185747467046,0.0228757495364,0.321265094003,0.102261360411,0.0786261676315,1,0.4,49,12,10,3,20,4.50090631751e-05,9.72195764583e-06,4.50090631751e-05,0.000381312530134,7.49917877353e-05,0.000378343856936,4.50090631751e-05,9.72195764583e-06,4.50090631751e-05,0.25270282935,0.493560213166,0.252702829141
57,0.126755207033,0.027405304501,0.248959846791,0.0750466787922,0.00987299113787,0.306410540161,0.00868384407331,0.0393009358213,0.0912962338913,0.020823291398,0.0314169558515,0.0140281705484,1,0.4,49,12,10,3,20,0.00286288492542,0.000618383143891,0.00286288492542,0.0511916175935,0.0264997755377,0.00792495960901,0.00286288492542,0.000618383143891,0.00286288492542,0.228096845363,0.445501650732,0.228096845175
58,0.184288623296,0.0221705783034,0.066353655206,0.139989860475,0.00495776030082,0.0743903934928,0.0799800112623,0.0576161953216,0.126419894937,0.0116400985272,0.151330403222,0.0808625256548,1,0.4,49,12,10,3,20,0.000497099307252,0.000107373450366,0.000497099307252,0.0165780473142,0.00240734873384,0.003229884716,0.000497099307252,0.000107373450366,0.000497099307252,0.246787434171,0.482006706968,0.246787433968
59,0.0361434902406,0.0385094412453,0.102611153332,0.0305428048734,0.131015126249,0.0319097835306,0.0335422972881,0.00348098568468,0.317697860336,0.027322222858,0.185620571768,0.0616042625929,1,0.4,49,12,10,3,20,0.000222074146069,4.79680155508e-05,0.000222074146069,0.00390107819405,0.00264346675757,0.000801576979632,0.000222074146069,4.79680155508e-05,0.000222074146069,0.250857143668,0.489955358323,0.250857143462
60,0.0428605944736,0.0306158665853,0.0203419760709,0.0817372693391,0.066013315721,0.0165881645087,0.0216424585771,0.127728959192,0.246182329852,0.317122230231,0.0075970978407,0.0215697376092,1,0.4,49,12,10,3,20,7.82279265245e-08,1.68972321293e-08,7.82279265245e-08,3.93487095034e-06,4.23962854316e-07,1.93726632959e-07,7.82279265245e-08,1.68972321293e-08,7.82279265245e-08,0.252963187693,0.494068725556,0.252963187485
61,0.111571888526,0.0314720953258,0.0189746400863,0.0291156879852,0.0112137030623,0.0248573773761,0.0390861459946,0.221388408245,0.223700546452,0.00527186772386,0.0988313876283,0.184516251595,1,0.4,49,12,10,3,20,0.000126086086776,2.72345947437e-05,0.000126086086776,0.00169151412644,0.00194130292526,0.000536928122993,0.000126086086776,2.72345947437e-05,0.000126086086776,0.251768269888,0.49173490172,0.251768269681
62,0.0731287168057,0.0741303562661,0.00563112426568,0.182402060575,0.0944828593071,0.0449250853697,0.103954352167,0.123681328146,0.170333982058,0.11531909532,0.00936581626218,0.00264522345816,1,0.4,49,12,10,3,20,0.00112609482509,0.000243236482219,0.00112609482509,0.0358055773239,0.00791290974833,0.00763925914806,0.00112609482509,0.000243236482219,0.00112609482509,0.238710236103,0.466230929505,0.238710235907
63,0.00473750269892,0.042587483746,0.00258772261178,0.14552788249,0.0507559726781,0.0790196935616,0.0597475291776,0.075195188772,0.00364409553707,0.0242215835878,0.0739763811203,0.437998964018,1,0.4,49,12,10,3,20,5.04894957822e-05,1.09057310889e-05,5.04894957822e-05,0.00032850260267,0.00028396332643,5.09147612778e-05,5.04894957822e-05,1.09057310889e-05,5.04894957822e-05,0.252740009607,0.493632830858,0.252740009399
64,0.0205494983238,0.319934703364,0.0131605147507,0.0844503386251,0.00656538267152,0.0823230332084,0.109189517242,0.0630760885061,0.110807991517,0.0159775794006,0.0460581660208,0.12790718637,1,0.4,49,12,10,3,20,6.70083273177e-06,1.44737987006e-06,6.70083273177e-06,3.10391576081e-05,5.86869993008e-05,2.68990826141e-05,6.70083273177e-06,1.44737987006e-06,6.70083273177e-06,0.252927412436,0.493998852007,0.252927412227
65,0.00624996688018,0.104040036481,0.0218200776152,0.024617449145,0.108643540875,0.100174905908,0.28704029005,0.0482671584088,0.0131929433093,0.0418657431869,0.0399210327692,0.204166855371,1,0.4,49,12,10,3,20,0.000247794311278,5.35235712361e-05,0.000247794311278,0.00924880517692,0.00114902979364,0.00309313561273,0.000247794311278,5.35235712361e-05,0.000247794311278,0.249273879687,0.486863045861,0.249273879481
66,0.0598870145248,0.225267864419,0.0457541511311,0.0982345787735,0.0147155934246,0.0358784974508,0.088607552916,0.0584747488581,0.309884548986,0.0249753894197,0.0339256990437,0.00439436105327,1,0.4,49,12,10,3,20,0.00184171294204,0.00039780999548,0.00184171294204,0.177712327553,0.0231293514515,0.00954614294446,0.00184171294204,0.00039780999548,0.00184171294204,0.197678977208,0.38609175204,0.197678977045
67,0.0623347143069,0.155198267194,0.11537898711,0.0423690873516,0.115824709276,0.0517799901007,0.0536711782033,0.0632037589065,0.11665669507,0.145742714128,0.0495646221445,0.0282752762076,1,0.4,49,12,10,3,20,0.000422320795974,9.12212919305e-05,0.000422320795974,0.0200160848298,0.00513417122275,0.000433936712111,0.000422320795974,9.12212919305e-05,0.000422320795974,0.246019056333,0.480505969004,0.24601905613
68,0.00864340081636,0.0510735024055,0.0058544699746,0.0780842027521,0.0359759593842,0.243495355651,0.0392894592793,0.104365282248,0.138918843581,0.111680966208,0.129633978734,0.0529845789662,1,0.4,49,12,10,3,20,7.97701093882e-07,1.72303436278e-07,7.97701093882e-07,6.30627694565e-06,5.85096978495e-06,9.12769826609e-07,7.97701093882e-07,1.72303436278e-07,7.97701093882e-07,0.252960226451,0.494062941879,0.252960226242
69,0.0294867411137,0.00860397845243,0.23806077997,0.0936598987801,0.105701010931,0.0414889111135,0.0504940150476,0.115164091941,0.0380303642178,0.0293198565707,0.00347606442472,0.246514287438,1,0.4,49,12,10,3,20,4.21223232241e-07,9.09842181641e-08,4.21223232241e-07,1.0805627467e-05,1.13363462956e-06,8.23028754055e-06,4.21223232241e-07,9.09842181641e-08,4.21223232241e-07,0.252958852605,0.494060258587,0.252958852397
70,0.187977619169,0.0038454772755,0.152932436646,0.0671931803647,0.148387256519,0.081632765904,0.012720202635,0.0426843734958,0.122793885095,0.0900140099149,0.00313091592208,0.0866878770593,1,0.4,49,12,10,3,20,0.000389226274226,8.40728752328e-05,0.000389226274226,0.0324947289808,0.0103517548672,0.00246074915304,0.000389226274226,8.40728752328e-05,0.000389226274226,0.241066932297,0.470833851755,0.241066932099
71,0.0127640361612,0.243771068134,0.0199961290908,0.040852752467,0.133630016376,0.0642437440004,0.0435641486799,0.172077960891,0.035049698323,0.0615522250179,0.154144041983,0.0183541788751,1,0.4,49,12,10,3,20,4.01726577154e-06,8.67729406654e-07,4.01726577154e-06,1.37718777967e-05,3.56461576245e-05,7.879191171e-06,4.01726577154e-06,8.67729406654e-07,4.01726577154e-06,0.252945428962,0.494034040535,0.252945428754
72,0.00493489144122,0.0199795948541,0.172437632407,0.186869620185,0.0603901189491,0.190108333705,0.116782524069,0.0610426362616,0.144047910502,0.034637878224,0.00171847542323,0.00705038397919,1,0.4,49,12,10,3,20,0.00470737565718,0.00101679314195,0.00470737565718,0.0402001114498,0.0111252302473,0.0351589300588,0.00470737565718,0.00101679314195,0.00470737565718,0.225809363448,0.441033912621,0.225809363262
73,0.0764320840384,0.13775979387,0.313777106031,0.0263132190567,0.0889875422344,0.150126088727,0.0424897152172,0.0165149521621,0.04280930332,0.0549233652403,0.0375600072939,0.0123068228096,1,0.4,49,12,10,3,20,0.000885199922657,0.000191203183294,0.000885199922657,0.00826539166566,0.00834486197439,0.00690679816418,0.000885199922657,0.000191203183294,0.000885199922657,0.246023017926,0.48051370649,0.246023017723
74,0.0568972896766,0.0760432695609,0.0492585544829,0.0317259584703,0.029084758405,0.0187153312072,0.229882215289,0.129073719477,0.0655365875281,0.127657514642,0.044383295078,0.141741506182,1,0.4,49,12,10,3,20,9.13164431576e-05,1.97243517221e-05,9.13164431576e-05,0.000608704552714,0.000753747027887,0.000400831282982,9.13164431576e-05,1.97243517221e-05,9.13164431576e-05,0.252416000828,0.493000001212,0.25241600062
75,0.213860798605,0.0178203746275,0.0309742930027,0.0830509557595,0.00357393273535,0.114970672565,0.0808056897137,0.0776578643708,0.157498780077,0.0730794205021,0.0517447347047,0.0949624833366,1,0.4,49,12,10,3,20,0.000112178235436,2.42304988542e-05,0.000112178235436,0.00134173088614,0.000461618382038,0.000408051300976,0.000112178235436,2.42304988542e-05,0.000112178235436,0.252279254035,0.49273291763,0.252279253827
76,0.0239924966295,0.0458923382312,0.152102805084,0.015488674052,0.0737331360183,0.094320127568,0.305880333539,0.171138510572,0.0180948177687,0.00900067485369,0.071829201982,0.0185268837014,1,0.4,49,12,10,3,20,0.0014393625682,0.00031090231473,0.0014393625682,0.0325957153481,0.0135325084803,0.00756843718727,0.0014393625682,0.00031090231473,0.0014393625682,0.237767357385,0.464389369509,0.237767357189
77,0.0309448601248,0.134495998666,0.0867038707291,0.114962713791,0.0780654207026,0.0720746749174,0.0982824924817,0.151270876464,0.0586417680213,0.0109151715884,0.123798763492,0.0398433890222,1,0.4,49,12,10,3,20,0.00077185775231,0.000166721274499,0.00077185775231,0.0313594645102,0.00525620912119,0.00331303966499,0.00077185775231,0.000166721274499,0.00077185775231,0.241998523632,0.47265336608,0.241998523433
78,0.0597982664847,0.0719976050712,0.041663005465,0.0631062705177,0.0238393204548,0.196898325855,0.200765126572,0.1273163788,0.00340094197633,0.126972070422,0.00025274181494,0.0839899465669,1,0.4,49,12,10,3,20,0.000543540738096,0.000117404799429,0.000543540738096,0.00741824425706,0.00258330575134,0.00191618950654,0.000543540738096,0.000117404799429,0.000543540738096,0.249340278524,0.486992731091,0.249340278319
79,0.024853208051,0.123337895728,0.035219419245,0.0483556113917,0.0582578713085,0.00642703756828,0.267231854159,0.0376281881517,0.10437054957,0.0786800184044,0.116289568452,0.0993487779707,1,0.4,49,12,10,3,20,0.000217195426163,4.69142120512e-05,0.000217195426163,0.00264872390789,0.00155468687542,0.000337218668416,0.000217195426163,4.69142120512e-05,0.000217195426163,0.251572303186,0.491352154255,0.251572302979
80,0.111928724569,0.0875450862429,0.0838157250687,0.090548547404,0.097592225112,0.149570354353,0.0227772047595,0.100097541936,0.100593800868,0.101032819517,0.0331188755297,0.0213790946401,1,0.4,49,12,10,3,20,0.000375572985335,8.11237648324e-05,0.000375572985335,0.00548216514458,0.00298526993028,0.00628844083262,0.000375572985335,8.11237648324e-05,0.000375572985335,0.248810646065,0.485958292696,0.24881064586
81,0.0238144729606,0.197097200897,0.126571757931,0.0280443875591,0.000313786401502,0.135464769723,0.0431770606919,0.0565665980259,0.166014688941,0.0745598849397,0.0338340681548,0.114541323775,1,0.4,49,12,10,3,20,0.000400985257658,8.66128156541e-05,0.000400985257658,0.0079152449141,0.00113432808836,0.0023852076798,0.000400985257658,8.66128156541e-05,0.000400985257658,0.249622274343,0.487543504175,0.249622274138
82,0.0787202354672,0.151783844625,0.189259429875,0.0435946726398,0.0510773730957,0.149184698542,0.00558736148588,0.0376062592878,0.0592739514122,0.0634344860664,0.0342481454896,0.136229542013,1,0.4,49,12,10,3,20,0.000260784625246,5.63294790531e-05,0.000260784625246,0.0070968217095,0.0053821056158,0.000549176490352,0.000260784625246,5.63294790531e-05,0.000260784625246,0.249376404574,0.487063289782,0.249376404369
83,0.0785073998833,0.156624638041,0.026323942831,0.0287445267892,0.0106705315416,0.0383333208593,0.0446764170022,0.0829232766824,0.00175641695026,0.0946529755713,0.258136588844,0.178649965005,1,0.4,49,12,10,3,20,4.76547644959e-05,1.02934291311e-05,4.76547644959e-05,0.00102968804913,0.000337948003018,0.000520112391809,4.76547644959e-05,1.02934291311e-05,4.76547644959e-05,0.252433466246,0.493034113356,0.252433466038
84,0.0888174539088,0.00739394438144,0.114841876994,0.0182048933098,0.228355503357,0.0156575847654,0.20396802695,0.107970262525,0.0742886731027,0.00670478827878,0.0751361409019,0.0586608515239,1,0.4,49,12,10,3,20,0.00100172318578,0.000216372208129,0.00100172318578,0.0177352349976,0.00465518277698,0.00559800757798,0.00100172318578,0.000216372208129,0.00100172318578,0.24476128078,0.47804937613,0.244761280578
85,0.146785899627,0.00672366566896,0.0192027976623,0.0334934743437,0.194969357358,0.17184525397,0.101881050358,0.10284278754,0.0601356152424,0.00649364477981,0.00126050964579,0.154365943804,1,0.4,49,12,10,3,20,3.69634824504e-06,7.98411220928e-07,3.69634824504e-06,1.3461221867e-05,1.2553427043e-05,6.32378579294e-06,3.69634824504e-06,7.98411220928e-07,3.69634824504e-06,0.252952102442,0.494047074675,0.252952102233
86,0.0470093940329,0.0114445157194,0.0583511745237,0.1316927957,0.12696893132,0.0123764521095,0.311421747985,0.0703525610525,0.126027959065,0.0731376723757,0.0230955516419,0.00812124447427,1,0.4,49,12,10,3,20,0.00160324320634,0.00034630053257,0.00160324320634,0.0558165734484,0.0144848863789,0.0055216758045,0.00160324320634,0.00034630053257,0.00160324320634,0.231986413544,0.45309846358,0.231986413353
87,0.0749088787885,0.0628375263686,0.191992103665,0.0395935228206,0.0146736148218,0.0127750653886,0.207806599687,0.0827645516195,0.0141977602244,0.120936253177,0.0346348861977,0.142879237242,1,0.4,49,12,10,3,20,0.000244210969744,5.27495694646e-05,0.000244210969744,0.0118438260638,0.00202436355788,0.00222482390917,0.000244210969744,5.27495694646e-05,0.000244210969744,0.248619672805,0.485585298047,0.2486196726
88,0.0081197898798,0.0050816952714,0.0246287217207,0.0455541556416,0.0647570315314,0.0046395572299,0.0730416067383,0.281576334962,0.377364684976,0.0484320941592,0.0520683313477,0.0147359965419,1,0.4,49,12,10,3,20,0.00122015368443,0.000263553195836,0.00122015368443,0.0269023078532,0.00731347219856,0.00894726992607,0.00122015368443,0.000263553195836,0.00122015368443,0.24067774975,0.470073729592,0.240677749551
89,0.145556711728,0.00912053145501,0.271565225327,0.0293383665051,0.0314085253254,0.066386133604,0.0205339296267,0.0234136488394,0.00914715719045,0.054965112916,0.0905060866647,0.248058570818,1,0.4,49,12,10,3,20,4.42480950254e-06,9.55758852549e-07,4.42480950254e-06,1.22271371958e-05,2.94278815921e-05,6.63604407977e-06,4.42480950254e-06,9.55758852549e-07,4.42480950254e-06,0.252947250289,0.494037597813,0.25294725008
90,0.0785544669784,0.0677657681123,0.0494718530958,0.00641111105735,0.196688192035,0.158776446876,0.0785779243099,0.215514393473,0.0110819687955,0.00331992163226,0.0993828452246,0.0344551084101,1,0.4,49,12,10,3,20,8.48687332532e-07,1.83316463827e-07,8.48687332532e-07,1.09446441481e-05,7.94457098411e-06,3.13827603833e-06,8.48687332532e-07,1.83316463827e-07,8.48687332532e-07,0.252957903366,0.494058404604,0.252957903157
91,0.00563165480401,0.0970202881131,0.0573719511254,0.12569055541,0.0889048817641,0.10947960587,0.126269525704,0.0393251562972,0.00637774027235,0.120889994624,0.00379006945259,0.219248576563,1,0.4,49,12,10,3,20,3.75612464123e-07,8.11322922506e-08,3.75612464123e-07,4.80251425596e-06,3.90702635333e-06,4.22698476673e-07,3.75612464123e-07,8.11322922506e-08,3.75612464123e-07,0.252961695788,0.494065811679,0.25296169558
92,0.0314900853581,0.146520032581,0.0985952263974,0.066120816026,0.174486046012,0.0721210730975,0.0284284789969,0.0370230490478,0.0521721562696,0.0980795972898,0.0960998610468,0.0988635778762,1,0.4,49,12,10,3,20,0.000161612092566,3.49082119944e-05,0.000161612092566,0.00123268933202,0.000826810650471,0.000512716478278,0.000161612092566,3.49082119944e-05,0.000161612092566,0.252132558257,0.492446402439,0.252132558049
93,0.106286109468,0.0650969050427,0.0877544859675,0.0490364134358,0.0317556388244,0.0147725345565,0.0575020561489,0.147507235458,0.0591459257362,0.0192806694727,0.199684758139,0.162177267751,1,0.4,49,12,10,3,20,0.000200218079325,4.32471051343e-05,0.000200218079325,0.0122222151204,0.00134649858552,0.0015261260476,0.000200218079325,4.32471051343e-05,0.000200218079325,0.248921497379,0.486174799167,0.248921497173
94,0.0223221029733,0.00158264829471,0.221743107502,0.0447967716836,0.104243848306,0.179808667794,0.00353165234476,0.0198847083086,0.154236057791,0.151718749652,0.0710057888788,0.0251258964703,1,0.4,49,12,10,3,20,0.000474343814021,0.000102458263829,0.000474343814021,0.0210460947801,0.00296102552219,0.00310620746058,0.000474343814021,0.000102458263829,0.000474343814021,0.245573914574,0.479636551507,0.245573914372
