run_ID,t1_initial,t2_initial,t3_initial,t4_initial,t5_initial,t6_initial,t7_initial,t8_initial,t9_initial,t10_initial,t11_initial,t12_initial,alpha,prior_cost_c,lambda,k,sample_amount,learning_parameter,generations,t1_final,t2_final,t3_final,t4_final,t5_final,t6_final,t7_final,t8_final,t9_final,t10_final,t11_final,t12_final
0,0.386517627505,0.0425181468023,0.021748304785,0.0656343318227,0.0798502952427,0.0366852040168,0.0769017469171,0.0267734588619,0.0176513330963,0.093480411142,0.127417514567,0.0248216252414,1,0.4,49,13,10,3,20,0.000207111463386,4.47360760915e-05,0.000207111463386,0.00220974104901,0.00168322983649,0.00146132872018,0.000207111463386,4.47360760915e-05,0.000207111463386,0.251377779112,0.490972224389,0.251377778887
1,0.116043219435,0.0099684454736,0.098273605328,0.165414809081,0.0227609611495,0.145290254222,0.00314340465167,0.0183258989613,0.0102118400172,0.115095327873,0.238217711742,0.0572545220666,1,0.4,49,13,10,3,20,0.000175244738855,3.78528635926e-05,0.000175244738855,0.0166475090025,0.00199286476269,0.00126893293651,0.000175244738855,3.78528635926e-05,0.000175244738855,0.247731607088,0.483850794661,0.247731606867
2,0.0491007268265,0.0398850910367,0.0242341443383,0.00429237139162,0.0181386763361,0.244860672089,0.176484017648,0.0709179787592,0.194691154902,0.0199114350726,0.0773794868904,0.0801042447096,1,0.4,49,13,10,3,20,0.000432193179476,9.33537267669e-05,0.000432193179476,0.00934396373814,0.0010366659809,0.0076984634861,0.000432193179476,9.33537267669e-05,0.000432193179476,0.247906511248,0.484192404349,0.247906511027
3,0.122404371167,0.0188775225229,0.0643215650433,0.174519448957,0.187996358217,0.0468167297088,0.00096869880156,0.0348084045548,0.104516742421,0.16549295734,0.0136614725828,0.0656157286845,1,0.4,49,13,10,3,20,7.27974716668e-06,1.572425388e-06,7.27974716668e-06,1.14171456077e-05,7.83504462549e-05,1.32601447314e-05,7.27974716668e-06,1.572425388e-06,7.27974716668e-06,0.25293020309,0.494004302469,0.252930202864
4,0.00501087506429,0.126473734306,0.271976297384,0.010563751703,0.00459007511368,0.0530843661827,0.248478298258,0.0504332948141,0.00652154570959,0.172527668535,0.0292972795059,0.0210428134241,1,0.4,49,13,10,3,20,0.000368647090777,7.96277716079e-05,0.000368647090777,0.0177650177098,0.00248633967989,0.00447308444487,0.000368647090777,7.96277716079e-05,0.000368647090777,0.246296718396,0.481048277687,0.246296718176
5,0.022006813298,0.018591125856,0.024776438542,0.0768020294298,0.00574643243663,0.251573471429,0.192864490117,0.0149255615304,0.0159512018812,0.132849956942,0.0247518944735,0.219160584065,1,0.4,49,13,10,3,20,3.68772717501e-06,7.96549069801e-07,3.68772717501e-06,1.19900473396e-05,2.16394174263e-05,3.2144774815e-05,3.68772717501e-06,7.96549069801e-07,3.68772717501e-06,0.252943654051,0.494030573877,0.252943653825
6,0.0542725073893,0.0198849362839,0.0299366675987,0.0200590531955,0.168800837982,0.176394155655,0.0866999568,0.0990418987254,0.0273388803401,0.191775562399,0.111749963647,0.0140455799845,1,0.4,49,13,10,3,20,0.000179616650187,3.87971964403e-05,0.000179616650187,0.00969553634903,0.00328239616648,0.00105114372655,0.000179616650187,3.87971964403e-05,0.000179616650187,0.2492141947,0.486746473588,0.249214194477
7,0.0888195328313,0.0610158352853,0.0234157006057,0.0210846758468,0.012242593481,0.19404845394,0.00732675579316,0.230615684074,0.0734709038373,0.138799404869,0.101986203472,0.047174255965,1,0.4,49,13,10,3,20,1.13560277681e-06,2.45290199792e-07,1.13560277681e-06,1.66777239094e-05,1.45687890561e-05,7.38429580698e-06,1.13560277681e-06,2.45290199792e-07,1.13560277681e-06,0.252953381658,0.49404957311,0.252953381432
8,0.0416996979529,0.214948189865,0.156904703366,0.149615051086,0.0738354936501,0.0193825792531,0.0487917193129,0.0582941109873,0.0808780012112,0.0579114883049,0.0794347577044,0.0183042073063,1,0.4,49,13,10,3,20,0.00079233009937,0.000171143301464,0.00079233009937,0.0335649364891,0.00643424689503,0.00374360555874,0.00079233009937,0.000171143301464,0.00079233009937,0.241010745851,0.47072411257,0.241010745636
9,0.167251240351,0.0399077771244,0.108725139089,0.0497687517883,0.13826807125,0.0353433764834,0.0200318183751,0.0696696277759,0.0235792011254,0.184524356295,0.0934004863183,0.0695301540245,1,0.4,49,13,10,3,20,0.000168111401858,3.63120628013e-05,0.000168111401858,0.00893102507603,0.00261773323591,0.000352860823867,0.000168111401858,3.63120628013e-05,0.000168111401858,0.249765264642,0.487822782069,0.249765264419
10,0.0106551261214,0.0308219375524,0.0574021933543,0.00578556652816,0.0775034744424,0.0383962268532,0.280890415905,0.101071107657,0.162801222963,0.0861271879511,0.145019902568,0.00352563810578,1,0.4,49,13,10,3,20,0.000199963706808,4.31921606706e-05,0.000199963706808,0.0188179281101,0.00268083481196,0.00536590164749,0.000199963706808,4.31921606706e-05,0.000199963706808,0.245944435587,0.480360225327,0.245944435368
11,0.0726768715634,0.00521286729084,0.0440339486161,0.0322018150137,0.0778756379347,0.28628346126,0.150897816554,0.133411976196,0.0407300567677,0.0686301759541,0.0440085202817,0.0440368525684,1,0.4,49,13,10,3,20,1.78909181354e-06,3.86443831724e-07,1.78909181354e-06,7.14450862011e-06,6.0878771423e-06,2.25663676678e-06,1.78909181354e-06,3.86443831724e-07,1.78909181354e-06,0.252958503055,0.494059575838,0.252958502829
12,0.213799236988,0.0749659545682,0.00209159604803,0.10531091294,0.0126188388406,0.386374555901,0.0123280428732,0.00890568234353,0.0665903358302,0.0601968429763,0.002621926694,0.0541960739961,1,0.4,49,13,10,3,20,0.00154442796995,0.000333596441508,0.00154442796995,0.0477490172744,0.0033839589814,0.00952594812958,0.00154442796995,0.000333596441508,0.00154442796995,0.235888359582,0.460719451898,0.235888359372
13,0.241856337734,0.14686156559,0.000543977093615,0.00817174476081,0.0425346487166,0.0326990593456,0.0921046947831,0.103382404902,0.0406774870395,0.0533826261092,0.225698920483,0.0120865334423,1,0.4,49,13,10,3,20,5.51214004958e-05,1.19062225071e-05,5.51214004958e-05,9.27279890594e-05,0.000121258999241,0.000398477167656,5.51214004958e-05,1.19062225071e-05,5.51214004958e-05,0.252747696686,0.49364784465,0.252747696461
14,0.0978335581062,0.0120422772144,0.0702592812875,0.134701923174,0.153814984951,0.00271663685914,0.0105052367634,0.188410971285,0.111123023351,0.0723759476005,0.124134176793,0.022081982615,1,0.4,49,13,10,3,20,6.13759366643e-05,1.32572023195e-05,6.13759366643e-05,0.000519902958037,0.000366580266821,0.000182920786461,6.13759366643e-05,1.32572023195e-05,6.13759366643e-05,0.252625094957,0.493408388148,0.252625094732
15,0.0180395859426,0.0308278815439,0.0183879742725,0.325624635912,0.0963716009153,0.049710595055,0.0358911737171,0.200432331889,0.0103152475329,0.0826484561969,0.015337811567,0.116412705455,1,0.4,49,13,10,3,20,0.000306670817093,6.62408964921e-05,0.000306670817093,0.0419261239236,0.00538096276507,0.00601607181567,0.000306670817093,6.62408964921e-05,0.000306670817093,0.239131744396,0.467054187856,0.239131744182
16,0.0105807615456,0.0248267507424,0.111633649505,0.104742868529,0.0111283007892,0.139116505917,0.152560485175,0.118070620045,0.131453454112,0.0559589805277,0.0977836245931,0.0421439985187,1,0.4,49,13,10,3,20,0.000473593740114,0.000102296247865,0.000473593740114,0.00721311709013,0.00469067734806,0.00139808533524,0.000473593740114,0.000102296247865,0.000473593740114,0.249068560551,0.486462031891,0.249068560328
17,0.0170081054305,0.00807507449167,0.229701723708,0.0581139930192,0.171913019144,0.0551334108083,0.0108333305559,0.00613502850065,0.217408298017,0.111252668495,0.0493436706966,0.0650816771321,1,0.4,49,13,10,3,20,0.000558848586207,0.000120711294621,0.000558848586207,0.0352517348744,0.00401735671663,0.00126727602848,0.000558848586207,0.000120711294621,0.000558848586207,0.24208362146,0.472819572742,0.242083621244
18,0.105153681533,0.0202063381821,0.160463301678,0.0741919890209,0.217194953284,0.0690743169842,0.079809537445,0.0416383894568,0.00619164669684,0.14324712457,0.0783825111017,0.00444621004715,1,0.4,49,13,10,3,20,1.79715509733e-06,3.88185501023e-07,1.79715509733e-06,5.29785235396e-06,4.67632968178e-06,2.14099048281e-06,1.79715509733e-06,3.88185501023e-07,1.79715509733e-06,0.252959347479,0.494061225104,0.252959347253
19,0.0646331235741,0.0151335350172,0.119158594109,0.000547291500561,0.0415951806749,0.0170570489129,0.0833263714133,0.0773523485699,0.338141353341,0.130278132056,0.0376825237061,0.0750944971244,1,0.4,49,13,10,3,20,0.000395592277315,8.54479319e-05,0.000395592277315,0.0180193903162,0.00386645967526,0.000940390336787,0.000395592277315,8.54479319e-05,0.000395592277315,0.246746686571,0.481927121778,0.24674668635
20,0.0428778923477,0.0929862525674,0.052671661259,0.163161342701,0.116790842102,0.0135806722487,0.0955264685602,0.100662490561,0.131103353225,0.0341701985763,0.15602547983,0.000443346021635,1,0.4,49,13,10,3,20,0.000498057886299,0.000107580503441,0.000498057886299,0.00598790618652,0.00347854950775,0.00126696707675,0.000498057886299,0.000107580503441,0.000498057886299,0.249690861113,0.487677462675,0.24969086089
21,0.0489815753482,0.0365432033457,0.184142186656,0.0582698876458,0.0136092311941,0.3302198778,0.0263959312988,0.0580882766314,0.0116969809424,0.0342480537173,0.189523874207,0.00828092121258,1,0.4,49,13,10,3,20,0.000333121582478,7.19542618153e-05,0.000333121582478,0.0095589297778,0.0033442032048,0.00258380896432,0.000333121582478,7.19542618153e-05,0.000333121582478,0.248673306272,0.485690050878,0.24867330605
22,0.0514826837547,0.34790610954,0.129796933828,0.0232625053458,0.197061181647,0.0075936888742,0.0118091213462,0.0744476692612,0.0412268780507,0.0393132637965,0.00433041630204,0.0717695482537,1,0.4,49,13,10,3,20,0.000761501243686,0.000164484268636,0.000761501243686,0.00514924967211,0.0086470700401,0.0020323591539,0.000761501243686,0.000164484268636,0.000761501243686,0.248106586125,0.484583175593,0.248106585904
23,0.0132009257594,0.0234792533196,0.0144702282988,0.056613581816,0.207171331823,0.0486060511768,0.114549277543,0.100061548145,0.0814633079001,0.198061650684,0.0285123751032,0.11381046843,1,0.4,49,13,10,3,20,2.19805524342e-06,4.74779932579e-07,2.19805524342e-06,1.44113815825e-05,1.84602207433e-05,5.56707407764e-06,2.19805524342e-06,4.74779932579e-07,2.19805524342e-06,0.252952239104,0.49404734156,0.252952238879
24,0.0432197558427,0.101082115722,0.100498445362,0.00384607461933,0.0716982011213,0.0823504179056,0.0462429264578,0.0068806285106,0.0537859326329,0.234007847585,0.0012211607156,0.255166493525,1,0.4,49,13,10,3,20,4.09324226978e-05,8.84140330272e-06,4.09324226978e-05,0.000590834476865,0.000333324635473,0.000419375419451,4.09324226978e-05,8.84140330272e-06,4.09324226978e-05,0.252578669695,0.493317713807,0.252578669469
25,0.0626725856261,0.0412717293415,0.0835311766827,0.16629725243,0.0636782493625,0.0926611304543,0.169994608866,0.0102999143814,0.0751071045146,0.183353157026,0.0311503474524,0.0199827438624,1,0.4,49,13,10,3,20,0.000347362362036,7.50302701997e-05,0.000347362362036,0.00840131082087,0.00408354402715,0.00156672083243,0.000347362362036,7.50302701997e-05,0.000347362362036,0.249020436993,0.486368040568,0.249020436771
26,0.0429742411413,0.0999727069367,0.055712148807,0.16009672251,0.126075834402,0.0965694337948,0.0773080873411,0.00727350436497,0.107193361456,0.0252454555039,0.0282871366465,0.173291367096,1,0.4,49,13,10,3,20,0.000299909122981,6.47803705638e-05,0.000299909122981,0.0205203807477,0.0030549706753,0.00559836800695,0.000299909122981,6.47803705638e-05,0.000299909122981,0.245248274209,0.479000535137,0.24524827399
27,0.0541740597637,0.131847922197,0.0397701055416,0.0655350375323,0.0669697064442,0.113312619691,0.0979381278741,0.067369844172,0.00793802724102,0.188906441014,0.146889726265,0.019348382264,1,0.4,49,13,10,3,20,5.04506428586e-07,1.08973388575e-07,5.04506428586e-07,3.9357955716e-06,4.8223301807e-06,6.02123688028e-07,5.04506428586e-07,1.08973388575e-07,5.04506428586e-07,0.252961493615,0.494065416775,0.252961493389
28,0.035708295944,0.010389747604,0.0390933226714,0.122107823555,0.100281044124,0.011620346916,0.0117138628998,0.068706584957,0.0772899997318,0.149592309881,0.217589227022,0.155907434694,1,0.4,49,13,10,3,20,2.334498521e-05,5.04251680535e-06,2.334498521e-05,0.000144217665763,0.000330410200963,0.000127037476991,2.334498521e-05,5.04251680535e-06,2.334498521e-05,0.252786054159,0.493722761589,0.252786053934
29,0.186996567537,0.0199945969143,0.143409533856,0.0177208407918,0.0752476321378,0.156189940945,0.12583888597,0.0446620450079,0.0577793296532,0.0666440062495,0.0658397035272,0.0396769174104,1,0.4,49,13,10,3,20,0.000373584928535,8.06943445635e-05,0.000373584928535,0.0091713585075,0.00528023617936,0.00427598129553,0.000373584928535,8.06943445635e-05,0.000373584928535,0.247808176131,0.484000343574,0.24780817591
30,0.0190943169502,0.2130422355,0.0420479430571,0.148024390397,0.0525206938699,0.0120416735768,0.0400068151674,0.00987938300241,0.0889467071855,0.153983355301,0.126623217481,0.093789268512,1,0.4,49,13,10,3,20,0.00017850576113,3.85572444042e-05,0.00017850576113,0.00643573917461,0.00122137189635,0.00162428210067,0.00017850576113,3.85572444042e-05,0.00017850576113,0.250416435088,0.489094599344,0.250416434864
31,0.027423517665,0.119964187249,0.047722638937,0.112391167426,0.135188633276,0.0947735958536,0.0158669745944,0.103501888475,0.0663773621562,0.0333146181004,0.100289913664,0.143185502603,1,0.4,49,13,10,3,20,0.000182234635371,3.93626812401e-05,0.000182234635371,0.00451555384213,0.00312259043951,0.0013012411223,0.000182234635371,3.93626812401e-05,0.000182234635371,0.250498770303,0.48925541031,0.250498770079
32,0.0290107282218,0.118957303022,0.240248548333,0.114366093538,0.0286969790903,0.075873866211,0.00335891283718,0.181502291858,0.119178473466,0.07211140725,0.0155874416779,0.00110795449447,1,0.4,49,13,10,3,20,0.00103695049601,0.000223981307138,0.00103695049601,0.0196552011635,0.0178277971164,0.00845885772016,0.00103695049601,0.000223981307138,0.00103695049601,0.240180206807,0.469101966002,0.240180206593
33,0.0592441044933,0.0789039054204,0.00548688089993,0.0222708240967,0.0438178728769,0.178704047208,0.0857904904186,0.168920902808,0.00777535149336,0.00361002611591,0.0193861400897,0.326089454079,1,0.4,49,13,10,3,20,0.000212419105251,4.58825267341e-05,0.000212419105251,0.00955041510542,0.00219677368707,0.000588925021808,0.000212419105251,4.58825267341e-05,0.000212419105251,0.24960567788,0.487511089174,0.249605677657
34,0.0217583691418,0.045032622546,0.190408557869,0.317424378827,0.107811591321,0.104957444654,0.00495406967959,0.0722310494144,0.00675664909626,0.080444044993,0.0218982138206,0.0263230086378,1,0.4,49,13,10,3,20,0.000629417560468,0.000135954193061,0.000629417560468,0.0372469883646,0.0120942848822,0.00903255789733,0.000629417560468,0.000135954193061,0.000629417560468,0.237492260137,0.463852070166,0.237492259925
35,0.456189679831,0.00221813845246,0.000925767207286,0.04802907465,0.0718959319442,0.0541222985898,0.00761808680286,0.00586298981802,0.0797222865984,0.161608059552,0.0942561677074,0.0175515188465,1,0.4,49,13,10,3,20,0.000241188318288,5.20966767502e-05,0.000241188318288,0.0126400154548,0.00394782771826,0.00108505341204,0.000241188318288,5.20966767502e-05,0.000241188318288,0.248223407416,0.484811342177,0.248223407195
36,0.0105273537064,0.00171841758305,0.0324511309176,0.37821994616,0.0250864858931,0.00698912347205,0.00567551697886,0.0397977943896,0.315829816763,0.00716424217164,0.14722656249,0.0293136094753,1,0.4,49,13,10,3,20,0.000531365409605,0.000114774928475,0.000531365409605,0.0596062531664,0.00741993603471,0.00201163971004,0.000531365409605,0.000114774928475,0.000531365409605,0.234904578078,0.458798003648,0.234904577868
37,0.0146513924211,0.106583181251,0.00981718679578,0.0387358965959,0.067872500505,0.0384120494195,0.0233299574395,0.194515472592,0.0402592819082,0.10032825667,0.181487459763,0.18400736464,1,0.4,49,13,10,3,20,9.39730836065e-05,2.0298186059e-05,9.39730836065e-05,0.00469854007483,0.000776221597505,0.000857518422617,9.39730836065e-05,2.0298186059e-05,9.39730836065e-05,0.251257228613,0.490736774197,0.251257228389
38,0.00231429387527,0.0513902601442,0.0143235727437,0.328037113532,0.0839996710018,0.000234057546015,0.00864607657857,0.117786107463,0.303026070538,0.0513279021849,0.0205716454887,0.0183432289036,1,0.4,49,13,10,3,20,0.00132925446033,0.000287118963432,0.00132925446033,0.0113479090156,0.00765839298417,0.00710821358812,0.00132925446033,0.000287118963432,0.00132925446033,0.244868105433,0.478258017997,0.244868105214
39,0.0271196304079,0.0593690177946,0.0517851735319,0.115444279387,0.00438345589772,0.137885989224,0.0233234287885,0.0880420720466,0.191818803595,0.174269992663,0.107613007021,0.0189451496435,1,0.4,49,13,10,3,20,0.000272098329348,5.87732391391e-05,0.000272098329348,0.00610620325152,0.00302418881334,0.000680941374724,0.000272098329348,5.87732391391e-05,0.000272098329348,0.250177448835,0.488627829319,0.250177448611
40,0.10486821798,0.0162674936553,0.0622205286822,0.0557039511164,0.0762718895453,0.111525028756,0.0175789457739,0.00861352484997,0.073431407038,0.332541887549,0.0257401826983,0.115236942356,1,0.4,49,13,10,3,20,0.00010968363932,2.36916660931e-05,0.00010968363932,0.00615402014059,0.000696796677302,0.00127593596887,0.00010968363932,2.36916660931e-05,0.00010968363932,0.25078567715,0.489815775247,0.250785676926
41,0.101523679645,0.0473078020209,0.0606019507852,0.00586530787377,0.116567175127,0.0529534646719,0.0472460103376,0.185560251578,0.0465520864038,0.269708370431,0.0264941303157,0.0396197708089,1,0.4,49,13,10,3,20,9.53052492474e-05,2.05859338374e-05,9.53052492474e-05,0.00107873925517,0.000684008837642,0.000777763431146,9.53052492474e-05,2.05859338374e-05,9.53052492474e-05,0.252214917635,0.492607260566,0.25221491741
42,0.119545468389,0.274720548536,0.0751636412381,0.0650761591717,0.0667665835195,0.0357360086614,0.122911305577,0.0431847170235,0.00513362517474,0.076248287716,0.00679861333522,0.108715041657,1,0.4,49,13,10,3,20,0.000623835151351,0.000134748392692,0.000623835151351,0.0185558705432,0.00327985228706,0.00245815629524,0.000623835151351,0.000134748392692,0.000623835151351,0.246119534326,0.480702215051,0.246119534106
43,0.16659689599,0.197931158013,0.0105633179106,0.0487488699939,0.182284689395,0.0193158182457,0.0788358316998,0.0387567592741,0.0119013959088,0.10977970727,0.0524036967121,0.0828818595866,1,0.4,49,13,10,3,20,0.000493370503906,0.000106568028844,0.000493370503906,0.0314330247935,0.00119983672481,0.004472003652,0.000493370503906,0.000106568028844,0.000493370503906,0.2430250795,0.474658357974,0.243025079283
44,0.130294651206,0.0440354055681,0.1843520657,0.172932130711,0.038556680993,0.015185999825,0.0422996246205,0.0387384975302,0.132035630068,0.0233952490979,0.0110753398633,0.167098724817,1,0.4,49,13,10,3,20,0.000515308699124,0.000111306679011,0.000515308699124,0.0213743856632,0.00614926557041,0.0020746065732,0.000515308699124,0.000111306679011,0.000515308699124,0.244899388379,0.4783191175,0.24489938816
45,0.0518728280361,0.0257656842337,0.0153330636737,0.0163631714289,0.0626610643962,0.0665818579599,0.426630314809,0.12207472443,0.0508687612942,0.0626671618618,0.097220345908,0.00196102196872,1,0.4,49,13,10,3,20,1.12035589424e-06,2.41996873156e-07,1.12035589424e-06,8.85415895446e-06,6.75153789386e-06,4.0243773754e-06,1.12035589424e-06,2.41996873156e-07,1.12035589424e-06,0.252958205262,0.494058994211,0.252958205036
46,0.0419456659113,0.0725475472791,0.177498460033,0.0659478882044,0.0136181872012,0.362012813152,0.0527674302801,0.0143837123612,0.0974005704964,0.0118854013842,0.0500655760207,0.0399267476767,1,0.4,49,13,10,3,20,0.00120758151871,0.000260837608041,0.00120758151871,0.0448193696868,0.00566849364706,0.0184973106249,0.00120758151871,0.000260837608041,0.00120758151871,0.234159766101,0.457343292758,0.234159765892
47,0.162766821643,0.0185493505885,0.0374645618966,0.174950480831,0.0463840172504,0.0266240836069,0.0119884171758,0.127694880241,0.10307697407,0.0481753235212,0.178427162045,0.0638979271313,1,0.4,49,13,10,3,20,0.00032559108399,7.03276741419e-05,0.00032559108399,0.0338826943178,0.00249904679851,0.00134822805313,0.00032559108399,7.03276741419e-05,0.00032559108399,0.243055054365,0.474716902633,0.243055054148
48,0.0564742383841,0.0539439190792,0.290095814449,0.0718928574712,0.177963679231,0.00171262494502,0.0873189102151,0.0866897014505,0.0621850525051,0.0181659799357,0.0386793007829,0.0548779215515,1,0.4,49,13,10,3,20,0.00097961486225,0.000211596810246,0.00097961486225,0.0698369431066,0.012109849975,0.0085692550366,0.00097961486225,0.000211596810246,0.00097961486225,0.228968803014,0.447204692988,0.22896880281
49,0.199415585833,0.0262828467448,0.0455548633706,0.215830141324,0.079768267827,0.00468288466375,0.0411815012565,0.0113021236974,0.134263788543,0.00742640379808,0.0751539339109,0.159137659031,1,0.4,49,13,10,3,20,0.000430156801609,9.29138691475e-05,0.000430156801609,0.011838008402,0.00267719356479,0.00189755147077,0.000430156801609,9.29138691475e-05,0.000430156801609,0.248330318994,0.485020153852,0.248330318772
50,0.00874727390647,0.124088107831,0.0904368211933,0.162683257071,0.10005913428,0.0141747628903,0.0389621953838,0.0574070119186,0.0397714788495,0.252928409188,0.0679817243185,0.0427598231689,1,0.4,49,13,10,3,20,0.000144532265857,3.12189694252e-05,0.000144532265857,0.00273752167917,0.000764496282632,0.00161831078496,0.000144532265857,3.12189694252e-05,0.000144532265857,0.251507125354,0.491224853768,0.251507125129
51,0.101279230119,0.0932438375937,0.126497188713,0.0472904611926,0.0112636443335,0.00862058645678,0.126540335816,0.0481819246493,0.176073182422,0.00418539324054,0.0476435338922,0.209180681571,1,0.4,49,13,10,3,20,0.000386444948183,8.34721088075e-05,0.000386444948183,0.0305150988007,0.00258960761381,0.00148586398101,0.000386444948183,8.34721088075e-05,0.000386444948183,0.243780984977,0.476134735858,0.243780984759
52,0.111514495405,0.260011126678,0.0546117725782,0.0489208217612,0.0525151625369,0.110048075896,0.00318423498927,0.0106171417384,0.0275356115432,0.237539473645,0.0545636674818,0.0289384157477,1,0.4,49,13,10,3,20,0.000277536640644,5.99479143792e-05,0.000277536640644,0.011212415442,0.00131331793167,0.00158126089652,0.000277536640644,5.99479143792e-05,0.000277536640644,0.249084702355,0.486493558852,0.249084702132
53,0.0941130878078,0.113580660145,0.0624963048087,0.306945848843,0.044127508419,0.030564244666,0.0243911807294,0.0340042503214,0.0591367509646,0.00305435172074,0.211968701342,0.0156171102324,1,0.4,49,13,10,3,20,0.00032166195194,6.9478981619e-05,0.00032166195194,0.00723272456402,0.004297521139,0.00168062535683,0.00032166195194,6.9478981619e-05,0.00032166195194,0.249261919071,0.48683968525,0.249261918848
54,0.00783078731906,0.347166578091,0.021964312388,0.127400751557,0.230696446012,0.0379539081873,0.0459297431202,0.0847453022088,0.000583008366405,0.0166223643931,0.0435072464423,0.0355995519152,1,0.4,49,13,10,3,20,2.90365946293e-06,6.27190443992e-07,2.90365946293e-06,1.30625460762e-05,1.14340562474e-05,5.69710430361e-05,2.90365946293e-06,6.27190443992e-07,2.90365946293e-06,0.252940563226,0.49402453711,0.252940563
55,0.0641777721488,0.00281701311968,0.00973068956301,0.00799460489956,0.0873194427446,0.0268750493892,0.1389978097,0.0949529780995,0.0395127919368,0.167566530212,0.111597623317,0.24845769487,1,0.4,49,13,10,3,20,7.56773158124e-05,1.63463002155e-05,7.56773158124e-05,0.00104862718928,0.000381758255323,0.000235757398912,7.56773158124e-05,1.63463002155e-05,7.56773158124e-05,0.252458107436,0.493082240646,0.252458107211
56,0.213913151508,0.0228801549921,0.254744797904,0.0019708680809,0.0151497685187,0.0113767462067,0.125623673017,0.0348525942938,0.0126963162758,0.120734604199,0.0728356624395,0.113221662564,1,0.4,49,13,10,3,20,0.000156976788127,3.39069862354e-05,0.000156976788127,0.00517823658942,0.00292596240382,0.000792898117758,0.000156976788127,3.39069862354e-05,0.000156976788127,0.250537785277,0.489331611433,0.250537785054
57,0.0390766322251,0.0907556082485,0.00567530828075,0.11276020775,0.204841904012,0.0839407536137,0.0533091773185,0.0448861541264,0.0481722268314,0.00136251489236,0.0823519802661,0.232867532435,1,0.4,49,13,10,3,20,0.000256318337036,5.53647607997e-05,0.000256318337036,0.0150359392627,0.00243624714165,0.00208414457564,0.000256318337036,5.53647607997e-05,0.000256318337036,0.24773000267,0.483847661032,0.247730002448
58,0.147106710931,0.0482943277502,0.0179776019103,0.219316942009,0.0315467173968,0.00843638131671,0.185160408158,0.0103126229258,0.10442523777,0.0823069458778,0.0494731662654,0.0956429376896,1,0.4,49,13,10,3,20,0.000345956348296,7.4726571232e-05,0.000345956348296,0.0177107131074,0.00478708761543,0.00158739024038,0.000345956348296,7.4726571232e-05,0.000345956348296,0.246483865588,0.481413799546,0.246483865368
59,0.126072732246,0.0722461034308,0.0251764769976,0.028990546352,0.185023978964,0.00431359300537,0.0318864581452,0.201116529375,0.0304171455625,0.166578261032,0.098555809976,0.0296223649131,1,0.4,49,13,10,3,20,0.000133799548303,2.89007024334e-05,0.000133799548303,0.00121751488241,0.000876192143056,0.000183257103836,0.000133799548303,2.89007024334e-05,0.000133799548303,0.252238428316,0.492653179865,0.252238428091
60,0.0507874981125,0.116725337399,0.0180398991938,0.170643580958,0.0428231922797,0.121619457053,0.0420168619307,0.0317054444947,0.108336335713,0.0325881513256,0.0915821177656,0.173132123774,1,0.4,49,13,10,3,20,0.000226778761859,4.89842125616e-05,0.000226778761859,0.00902970347147,0.00230397094199,0.00278096199207,0.000226778761859,4.89842125616e-05,0.000226778761859,0.24913967577,0.486600928804,0.249139675548
61,0.0623242667848,0.0880952144803,0.0932365553247,0.0867107095129,0.0835703785585,0.055858977999,0.276875062181,0.058126840702,0.11120790057,0.00558521885841,0.0706017725774,0.00780710245062,1,0.4,49,13,10,3,20,1.94846247113e-07,4.20867893763e-08,1.94846247113e-07,2.07840522337e-06,4.34312251822e-07,5.2338095564e-07,1.94846247113e-07,4.20867893763e-08,1.94846247113e-07,0.252963440572,0.494069219425,0.252963440346
62,0.0168180301817,0.328304941507,0.059908038212,0.00827050013229,0.00838494028941,0.0506247878028,0.000658159273461,0.00790177028889,0.0579706510242,0.0222796401467,0.20310100483,0.235777536312,1,0.4,49,13,10,3,20,4.07370514338e-05,8.79920310971e-06,4.07370514338e-05,0.000644648619315,0.000245129519207,0.000520425401771,4.07370514338e-05,8.79920310971e-06,4.07370514338e-05,0.252562023845,0.493285202383,0.25256202362
63,0.310113380831,0.184770719874,0.0182815148753,0.0496368346659,0.0188891710976,0.0670655263923,0.0740373356127,0.0263793029651,0.138931611436,0.0815512779561,0.00304406096349,0.0272992633309,1,0.4,49,13,10,3,20,1.90690956879e-05,4.11892466859e-06,1.90690956879e-05,0.000119580176999,0.000163968571488,0.000110852691496,1.90690956879e-05,4.11892466859e-06,1.90690956879e-05,0.252843278418,0.493834527718,0.252843278192
64,0.0784637217418,0.0750859211719,0.0356126692186,0.0154419236653,0.0163997746921,0.0263594664188,0.0315323887731,0.0718448623043,0.0233521358337,0.214609258206,0.188491432027,0.222806445948,1,0.4,49,13,10,3,20,2.21561264795e-05,4.78572331958e-06,2.21561264795e-05,0.000504325653591,0.000564383912626,3.55263119231e-05,2.21561264795e-05,4.78572331958e-06,2.21561264795e-05,0.252660254567,0.493477059261,0.252660254341
65,0.0447153836099,0.00845743266659,0.135183061354,0.0159809356829,0.107384278857,0.0108403096449,0.151357245837,0.0438941846373,0.265755855207,0.0160909637692,0.181660193625,0.0186801551095,1,0.4,49,13,10,3,20,0.000423188180123,9.14086469066e-05,0.000423188180123,0.0226473990973,0.00389705830779,0.00195663131323,0.000423188180123,9.14086469066e-05,0.000423188180123,0.245280212974,0.479062915538,0.245280212755
66,0.0595076310973,0.0173035100695,0.0444143676742,0.188553532484,0.0728868507994,0.046940422927,0.242456349164,0.0431326363318,0.0610064426522,0.00421663292665,0.0184904357879,0.201091188086,1,0.4,49,13,10,3,20,0.000364346257055,7.86987915238e-05,0.000364346257055,0.0155771135878,0.00309485751484,0.00351734517322,0.000364346257055,7.86987915238e-05,0.000364346257055,0.24694283681,0.482310227714,0.246942836589
67,0.15816431548,0.103561998499,0.100020626539,0.142990277389,0.0398164285689,0.091047171946,0.0253092205834,0.0228478822414,0.100593587077,0.0999224478481,0.0443580268996,0.0713680169283,1,0.4,49,13,10,3,20,0.000472326994927,0.000102022630904,0.000472326994927,0.00705520677485,0.000824870631822,0.00202324159889,0.000472326994927,0.000102022630904,0.000472326994927,0.249929695725,0.488143936527,0.249929695502
68,0.0105255258595,0.0258155283981,0.012159004075,0.0553535340469,0.0718125966484,0.127094541139,0.163017097776,0.0583518988591,0.0468660142393,0.0461148658051,0.0282525900476,0.354636803106,1,0.4,49,13,10,3,20,0.000137117080956,2.96172894866e-05,0.000137117080956,0.0119243392508,0.000490351885407,0.00234754949852,0.000137117080956,2.96172894866e-05,0.000137117080956,0.249076378086,0.486477300514,0.249076377863
69,0.243821380303,0.1224163904,0.0264396292222,0.17398913068,0.00717924213718,0.0145395106058,0.151419534783,0.0204785902089,0.0983048599618,0.00929816115068,0.0539215602758,0.0781920102719,1,0.4,49,13,10,3,20,0.00105671315629,0.000228250041758,0.00105671315629,0.0505258003556,0.00973963796623,0.0042588367741,0.00105671315629,0.000228250041758,0.00105671315629,0.235457359131,0.459877654143,0.235457358921
70,0.0409835263149,0.032506516296,0.0384041423435,0.0429353306511,0.29282776149,0.0546507953631,0.0154233762718,0.119039477227,0.131559139928,0.192810335486,0.0118719899176,0.026987608711,1,0.4,49,13,10,3,20,5.48493998666e-08,1.18474703712e-08,5.48493998666e-08,1.74697591679e-06,3.68470439156e-07,1.06274124569e-07,5.48493998666e-08,1.18474703712e-08,5.48493998666e-08,0.252963803536,0.49406992834,0.25296380331
71,0.0638972103671,0.261468743902,0.0169326329393,0.0452301918726,0.0148311116514,0.183427125192,0.0512613364649,0.199139163775,0.0214509230828,0.0445453569251,0.0170215421063,0.0807946617216,1,0.4,49,13,10,3,20,0.00077375625491,0.000167131351061,0.00077375625491,0.0257311696282,0.00294217078127,0.00890435836002,0.00077375625491,0.000167131351061,0.00077375625491,0.242591118204,0.473810777318,0.242591117987
72,0.00912659932893,0.0656767030168,0.138331783634,0.00501020993809,0.0659670233365,0.116573961062,0.0187669072654,0.200399849939,0.00247061799606,0.247856723564,0.0322771231122,0.0975424978066,1,0.4,49,13,10,3,20,7.78937730581e-06,1.68250549806e-06,7.78937730581e-06,2.32556780076e-05,4.51503803558e-05,8.34997623241e-05,7.78937730581e-06,1.68250549806e-06,7.78937730581e-06,0.252917267308,0.493979037269,0.252917267082
73,0.114379083395,0.0119382094156,0.098708725994,0.0311465988386,0.221475369368,0.0897684678652,0.134980124035,0.0985363170073,0.115715526796,0.0175783693168,0.0172330305368,0.048540177432,1,0.4,49,13,10,3,20,0.00151487836435,0.0003272137267,0.00151487836435,0.0664894038847,0.0222321347789,0.00489248314787,0.00151487836435,0.0003272137267,0.00151487836435,0.227585021439,0.444501994602,0.227585021236
74,0.0190730099845,0.0486216596362,0.119974821963,0.134365760038,0.00293065217587,0.0881967661711,0.0594142103515,0.161974897241,0.283957698451,0.0234750852797,0.051959028794,0.00605640991395,1,0.4,49,13,10,3,20,2.12033871324e-06,4.5799316206e-07,2.12033871324e-06,2.74563952265e-05,3.15820387686e-05,2.57466131324e-06,2.12033871324e-06,4.5799316206e-07,2.12033871324e-06,0.252946463932,0.494036061926,0.252946463706
75,0.0120600525937,0.00616673706965,0.143771955819,0.065230482526,0.0291881913742,0.0335778095651,0.206511950064,0.207142959006,0.0903035892896,0.0294445393905,0.0700679221507,0.106533811151,1,0.4,49,13,10,3,20,0.000246133161511,5.31647628864e-05,0.000246133161511,0.00304018463157,0.00336721516031,0.00131231114076,0.000246133161511,5.31647628864e-05,0.000246133161511,0.250735665469,0.489718096182,0.250735665245
76,0.200943575954,0.136121858988,0.162547267113,0.0417991653408,0.000934119854946,0.0423263905754,0.171273280718,0.0781251156957,0.0169024360771,0.0103237059968,0.0390182558957,0.0996848277902,1,0.4,49,13,10,3,20,0.000932645229332,0.000201451369536,0.000932645229332,0.0235889723789,0.00424593365951,0.00852657131722,0.000932645229332,0.000201451369536,0.000932645229332,0.242720642436,0.474063754334,0.242720642219
77,0.0648083559613,0.028848611254,0.172698576405,0.0305085338769,0.155391158697,0.136291442701,0.156220056102,0.0106441492463,0.112231641275,0.071182025335,0.0309683020503,0.0302071470958,1,0.4,49,13,10,3,20,0.000106412026379,2.29849976978e-05,0.000106412026379,0.0011279320821,0.000294379636836,0.00164679702073,0.000106412026379,2.29849976978e-05,0.000106412026379,0.25206874911,0.492321775165,0.252068748885
78,0.0985509657381,0.309223712566,0.0960011740393,0.0148028353813,0.052206532859,0.0587392911222,0.00674585565023,0.174848990867,0.0281965458064,0.0879077114646,0.00476345254632,0.0680129319593,1,0.4,49,13,10,3,20,0.000544727594204,0.000117661160348,0.000544727594204,0.0132205550768,0.0102142730707,0.00156604888816,0.000544727594204,0.000117661160348,0.000544727594204,0.24602937952,0.480526131446,0.2460293793
79,0.0950785497548,0.0334964762663,0.00817040917324,0.0204105469741,0.045865592925,0.063264791226,0.107463678773,0.072810133723,0.316476384207,0.00641945606442,0.15851149312,0.0720324877925,1,0.4,49,13,10,3,20,0.000149224910697,3.22325807105e-05,0.000149224910697,0.00356525775555,0.002437755136,0.000906629851521,0.000149224910697,3.22325807105e-05,0.000149224910697,0.25104923146,0.490330529757,0.251049231236
80,0.017261566738,0.0289005953598,0.025878799006,0.0672610583672,0.52480592796,0.00705475597097,0.0819317802986,0.113542347189,0.00351497538472,0.0649202873634,0.0625353432907,0.00239256307133,1,0.4,49,13,10,3,20,0.000535434843171,0.000115653926125,0.000535434843171,0.00389811276799,0.00351347322352,0.00235584563417,0.000535434843171,0.000115653926125,0.000535434843171,0.24989331777,0.488072885833,0.249893317547
81,0.0120262727588,0.00326757419548,0.0424249352217,0.0392247964009,0.0283491446048,0.00339880574665,0.275091482235,0.0961091595439,0.133808066252,0.279412238619,0.0606813530216,0.0262061714008,1,0.4,49,13,10,3,20,0.000116053824324,2.50676260541e-05,0.000116053824324,0.00198483561357,0.00136386154657,0.000573055747455,0.000116053824324,2.50676260541e-05,0.000116053824324,0.251842250677,0.491879395414,0.251842250452
82,0.00838915988616,0.133014855731,0.138820902584,0.126239951319,0.0352618192778,0.0136444274341,0.261213119111,0.0139772728739,0.0124951107464,0.0639127565591,0.0996329269554,0.0933976975222,1,0.4,49,13,10,3,20,0.000216003433977,4.66567417391e-05,0.000216003433977,0.00248107663801,0.00175062489197,0.00105143347214,0.000216003433977,4.66567417391e-05,0.000216003433977,0.251385812096,0.490987913811,0.251385811871
83,0.0316926146361,0.042138137724,0.101782443201,0.212998646298,0.014608060102,0.0066250229983,0.0584635061901,0.12223750538,0.135591560012,0.119337602365,0.0292461358295,0.125278765263,1,0.4,49,13,10,3,20,0.000166668773345,3.60004550425e-05,0.000166668773345,0.000871670260943,0.000484162414568,0.000338832685902,0.000166668773345,3.60004550425e-05,0.000166668773345,0.252348878242,0.492868902376,0.252348878017
84,0.0440250532632,0.0803967076431,0.00858296399938,0.0203384780605,0.0600599791387,0.0772433013452,0.219926427163,0.0124417579033,0.130880905998,0.0254931869872,0.0174629973519,0.303148241147,1,0.4,49,13,10,3,20,1.67124037477e-06,3.6098792095e-07,1.67124037477e-06,6.19562239699e-06,1.33077097431e-05,3.28787470836e-06,1.67124037477e-06,3.6098792095e-07,1.67124037477e-06,0.25295678799,0.494056226102,0.252956787764
85,0.0355331837668,0.0704405042168,0.153300832828,0.0526943266319,0.0463908937215,0.150097037415,0.045618906584,0.0899275184108,0.0294744711395,0.111938019671,0.200452197756,0.0141321078589,1,0.4,49,13,10,3,20,0.000148754519206,3.21309761485e-05,0.000148754519206,0.00414126188004,0.00107867547132,0.00235126914128,0.000148754519206,3.21309761485e-05,0.000148754519206,0.250882406739,0.490004700224,0.250882406515
86,0.0427863148179,0.00976668334569,0.00402049839219,0.242488274094,0.0345057526771,0.0756340025582,0.11616658742,0.069878017352,0.0855800283457,0.0430945930963,0.174305072986,0.101774174914,1,0.4,49,13,10,3,20,0.000184519648615,3.98562441008e-05,0.000184519648615,0.00408920183523,0.00314415715113,0.000376326119788,0.000184519648615,3.98562441008e-05,0.000184519648615,0.250832575361,0.489907373314,0.250832575137
87,0.0591655955677,0.051258009212,0.171796258992,0.118177729214,0.0328663179042,0.224811204539,0.0122836375361,0.0892337022145,0.0768785936487,0.0450320438837,0.0568103996237,0.061686507664,1,0.4,49,13,10,3,20,1.4666946366e-06,3.16806041506e-07,1.4666946366e-06,7.80972883812e-06,1.62127761675e-05,7.03300267199e-06,1.4666946366e-06,3.16806041506e-07,1.4666946366e-06,0.25295492674,0.494052590848,0.252954926514
88,0.193460458735,0.0318020494403,0.0122506530835,0.0064039743756,0.133921791629,0.0875321452979,0.129808360517,0.0339651820446,0.165564521244,0.0143031915506,0.07822740793,0.112760264153,1,0.4,49,13,10,3,20,0.000294940972736,6.3707250111e-05,0.000294940972736,0.00351271903164,0.00261466366231,0.0020748129318,0.000294940972736,6.3707250111e-05,0.000294940972736,0.250558893696,0.489372838814,0.250558893473
89,0.173624153316,0.0583368128468,0.0141379275487,0.135622597588,0.0958587944799,0.0982824953743,0.0350275324747,0.0588372848847,0.0446395240334,0.0758265975196,0.12109292281,0.0887133571235,1,0.4,49,13,10,3,20,4.86773663502e-07,1.05143111316e-07,4.86773663502e-07,2.63424108137e-06,1.53342845358e-06,1.06709031803e-06,4.86773663502e-07,1.05143111316e-07,4.86773663502e-07,0.252962557098,0.49406749389,0.252962556872
90,0.0493646634962,0.00231428158347,0.0224215061325,0.022512445251,0.0138015692905,0.0109073841269,0.0860622858412,0.0985471276212,0.336986976923,0.20360323987,0.135248535293,0.0182299845707,1,0.4,49,13,10,3,20,0.000178871805829,3.86363100591e-05,0.000178871805829,0.00710963264751,0.000679867390043,0.00201125091291,0.000178871805829,3.86363100591e-05,0.000178871805829,0.250284645658,0.488837198114,0.250284645434
91,0.323946891478,0.0785981678081,0.0531901741506,0.051887879651,0.0453083555223,6.03143740262e-05,0.00394801812288,0.0754709259906,0.0223734635536,0.0906557929022,0.127175234654,0.127384781792,1,0.4,49,13,10,3,20,4.77562978528e-06,1.03153603362e-06,4.77562978528e-06,9.4548012222e-06,4.95470095223e-05,3.85302864512e-05,4.77562978528e-06,1.03153603362e-06,4.77562978528e-06,0.252934400753,0.49401250103,0.252934400528
92,0.0483298872939,0.0103860506593,0.359796812792,0.0210215078809,0.0629540101511,0.0313650276446,0.169959655087,0.00575122033469,0.00145886053854,0.0550584034012,0.128706046792,0.105212517424,1,0.4,49,13,10,3,20,0.000115963780331,2.50481765516e-05,0.000115963780331,0.00129874440504,0.00065227414116,0.00120896097839,0.000115963780331,2.50481765516e-05,0.000115963780331,0.252035053196,0.492255962834,0.252035052971
93,0.0635927509036,0.0153586049732,0.116003287287,0.0186302461389,0.0576107490129,0.168036507423,0.0420574356084,0.0301595635915,0.0578513125704,0.00959762737471,0.0467290187654,0.374372896351,1,0.4,49,13,10,3,20,0.000104989742004,2.26777842728e-05,0.000104989742004,0.00587616150994,0.000391786151846,0.00188312461848,0.000104989742004,2.26777842728e-05,0.000104989742004,0.250784787692,0.489814038023,0.250784787468
94,0.086559885804,0.0194738753316,0.199418543681,0.200955915452,0.0405441205029,0.157467337897,0.0117571894695,0.00789799653551,0.0300635584811,0.0542363461288,0.11991130839,0.071713922327,1,0.4,49,13,10,3,20,0.000278077642826,6.00647708504e-05,0.000278077642826,0.00452974617778,0.00144421480803,0.00294466383004,0.000278077642826,6.00647708504e-05,0.000278077642826,0.250396568723,0.48905579785,0.250396568499
