run_ID,t1_initial,t2_initial,t3_initial,t4_initial,t5_initial,t6_initial,t7_initial,t8_initial,t9_initial,t10_initial,t11_initial,t12_initial,alpha,prior_cost_c,lambda,k,sample_amount,learning_parameter,generations,t1_final,t2_final,t3_final,t4_final,t5_final,t6_final,t7_final,t8_final,t9_final,t10_final,t11_final,t12_final
0,0.277238400974,0.0106725373552,0.0439707577402,0.047006864392,0.0311748312097,0.132206346348,0.016340638567,0.0797226277444,0.122186932961,0.0351276279321,0.176269471028,0.0280829637473,1,0.4,44,19,10,3,20,0.00012612847313,2.72437501962e-05,0.00012612847313,0.0543320378308,0.00384224331657,0.0016689535273,0.00012612847313,2.72437501962e-05,0.00012612847313,0.237684812672,0.464228142368,0.237684808893
1,0.0204987290621,0.0334334200497,0.170394334436,0.0106945279653,0.0135801642295,0.0306366976053,0.0865004920278,0.23016306262,0.128817815566,0.0517403844022,0.0263127772363,0.1972275948,1,0.4,44,19,10,3,20,4.9485487787e-05,1.0688865362e-05,4.9485487787e-05,0.00303759333351,0.0041438968557,0.000660806706273,4.9485487787e-05,1.0688865362e-05,4.9485487787e-05,0.250925127641,0.490088132131,0.250925123651
2,0.103049178057,0.178864421323,0.0357784695315,0.0310358057213,0.0467448075208,0.0400616396655,0.175691225775,0.0437890178863,0.0780940441007,0.115948878156,0.139559885361,0.0113826269023,1,0.4,44,19,10,3,20,0.000357546175841,7.72299739817e-05,0.000357546175841,0.0194663199064,0.00173657737382,0.00282123837792,0.000357546175841,7.72299739817e-05,0.000357546175841,0.246486319371,0.481418584867,0.246486315452
3,0.0307135275351,0.0571927397767,0.0184277515178,0.213033147304,0.126327330863,0.0769472829992,0.0224204985267,0.0626963513008,0.120409743542,0.0795991276133,0.0593694849874,0.132863014033,1,0.4,44,19,10,3,20,0.000157566986019,3.40344689802e-05,0.000157566986019,0.0259264174178,0.00269702585464,0.00370329831302,0.000157566986019,3.40344689802e-05,0.000157566986019,0.244610259736,0.47775440595,0.244610255847
4,0.0617205475317,0.190427490652,0.00778564212298,0.023210391608,0.119642324786,0.0980916773814,0.000297838410942,0.0188648924222,0.0921792531551,0.311104833403,0.0740087375891,0.00266637093748,1,0.4,44,19,10,3,20,4.7301597447e-05,1.02171450485e-05,4.7301597447e-05,0.000713109250424,0.00132629195582,0.000110632095751,4.7301597447e-05,1.02171450485e-05,4.7301597447e-05,0.252367516299,0.492905297434,0.252367512286
5,0.070762279695,0.0140498967397,0.0527746770442,0.0148241607667,0.0636290868031,0.0586250436025,0.0124419622972,0.0505915898571,0.0516154943326,0.235722654243,0.255180694025,0.119782460594,1,0.4,44,19,10,3,20,1.87136988429e-05,4.04215895007e-06,1.87136988429e-05,0.00877856919139,0.000374870527064,0.000227348643239,1.87136988429e-05,4.04215895007e-06,1.87136988429e-05,0.250570443457,0.489395389595,0.250570439473
6,0.00754717422323,0.086109357171,0.263625791357,0.0114272385684,0.00411913144298,0.122325083091,0.0763277089788,0.0934866599484,0.0425081044667,0.153537877486,0.0262451571978,0.11274071607,1,0.4,44,19,10,3,20,7.84891592435e-05,1.69536583966e-05,7.84891592435e-05,0.0244980412056,0.00423933407594,0.000561869811745,7.84891592435e-05,1.69536583966e-05,7.84891592435e-05,0.245464765844,0.479423363167,0.245464761942
7,0.272472600321,0.0154144456008,0.0189337379366,0.0367172348355,0.0284535007718,0.10206512013,0.0339852871341,0.156948965334,0.115644322716,0.092772836828,0.0208739211831,0.105718027209,1,0.4,44,19,10,3,20,0.000394926662377,8.53041590734e-05,0.000394926662377,0.0346165294169,0.0035527015758,0.00401693655617,0.000394926662377,8.53041590734e-05,0.000394926662377,0.241850062631,0.472363396066,0.241850058786
8,0.0183194342131,0.159388216732,0.0414849438357,0.01981070308,0.202459969415,0.130185461094,0.0211490144942,0.162293340999,0.161213016116,0.0607583201627,0.00892368337424,0.0140138964848,1,0.4,44,19,10,3,20,0.00118523263185,0.000256010248479,0.00118523263185,0.0245620389544,0.0185751825674,0.0109685030819,0.00118523263185,0.000256010248479,0.00118523263185,0.237948796343,0.464743735469,0.23794879256
9,0.05139725886,0.0243135289107,0.0914700497255,0.127867745256,0.398466905701,0.0194366986902,0.035200534089,0.0119927795705,0.056969861924,0.138649179164,0.0174205928461,0.0268148652629,1,0.4,44,19,10,3,20,0.000203630241498,4.39841321635e-05,0.000203630241498,0.0689359009851,0.00659358468837,0.00173292940072,0.000203630241498,4.39841321635e-05,0.000203630241498,0.233191489428,0.455452120547,0.23319148572
10,0.0255441513875,0.0594024897926,0.0697006359689,0.0819148204544,0.205208118988,0.0100159297814,0.114469938742,0.0761540624654,0.0988805586354,0.00991730154022,0.106885930151,0.141906062093,1,0.4,44,19,10,3,20,0.000153884383135,3.32390267571e-05,0.000153884383135,0.00255075111607,0.00188889127571,0.00155834362077,0.000153884383135,3.32390267571e-05,0.000153884383135,0.251274627086,0.490770748224,0.251274623091
11,0.041818425793,0.0337995399324,0.017450092783,0.0229358154844,0.446088162622,0.0168471636753,0.0907496712656,0.183730879756,0.0618816248764,0.0165774901573,0.0301848897267,0.0379362439276,1,0.4,44,19,10,3,20,0.000680620466531,0.000147014020771,0.000680620466531,0.0869081166299,0.00831751513352,0.02205658273,0.000680620466531,0.000147014020771,0.000680620466531,0.222533131648,0.43463501584,0.22253312811
12,0.0342180913019,0.0190778712013,0.0514069399711,0.0851696026257,0.137252828022,0.146246549063,0.160557789414,0.0767257866991,0.00793211444332,0.129050448695,0.0810938977924,0.0712680807711,1,0.4,44,19,10,3,20,0.000159326982154,3.44146281452e-05,0.000159326982154,0.029172045081,0.00329275511037,0.000315079942499,0.000159326982154,3.44146281452e-05,0.000159326982154,0.244493658602,0.477526669365,0.244493654715
13,0.0555867460439,0.181319481188,0.0224599517599,0.133045889828,0.0462894552387,0.063449970038,0.0557041560551,0.0669150255661,0.192546421677,0.0220932122822,0.125996837924,0.0345928523991,1,0.4,44,19,10,3,20,0.000147942045089,3.19554817392e-05,0.000147942045089,0.0832691013458,0.00819014871247,0.000741504677549,0.000147942045089,3.19554817392e-05,0.000147942045089,0.229475055025,0.448193459719,0.229475051376
14,0.00556069330002,0.0787665582321,0.07889798481,0.00988434300668,0.114366783028,0.182643888797,0.0483589360103,0.0726850867406,0.0732250919056,0.0763338375335,0.133524036585,0.125752760051,1,0.4,44,19,10,3,20,9.15372154402e-05,1.97720385351e-05,9.15372154402e-05,0.0202633713265,0.0029697774823,0.00206985225025,9.15372154402e-05,1.97720385351e-05,9.15372154402e-05,0.246461044762,0.481369220397,0.246461040843
15,0.102454793173,0.00352440427017,0.067987675524,0.158802942092,0.00917969212593,0.110061181989,0.071565607002,0.0354367702281,0.227784376393,0.0774226254926,0.109261583402,0.0265183483072,1,0.4,44,19,10,3,20,0.000315264811194,6.8097199218e-05,0.000315264811194,0.0107458007264,0.00321418141444,0.00382068120815,0.000315264811194,6.8097199218e-05,0.000315264811194,0.248113099044,0.484595888865,0.248113095099
16,0.0202694875412,0.0100395766512,0.0245917467365,0.0089046950639,0.129339593742,0.143280709572,0.178240588938,0.0638151726719,0.0667488774183,0.124428155583,0.133973987201,0.0963674088824,1,0.4,44,19,10,3,20,8.77042270715e-05,1.89441130474e-05,8.77042270715e-05,0.0121425966185,0.00167823597502,0.000913208409126,8.77042270715e-05,1.89441130474e-05,8.77042270715e-05,0.249138913027,0.48659943177,0.249138909066
17,0.00516920455949,0.113550337541,0.110588201432,0.0612265223235,0.0301420267712,0.111545855413,0.157334217153,0.117646190571,0.0341141908312,0.0303832124964,0.124712903274,0.103587137636,1,0.4,44,19,10,3,20,0.000131499835379,2.8403964442e-05,0.000131499835379,0.0172750333017,0.00405815218291,0.00118921736704,0.000131499835379,2.8403964442e-05,0.000131499835379,0.247119633576,0.482655526655,0.247119629647
18,0.0923974044138,0.0229223938804,0.0226069046339,0.0472791215401,0.294918757869,0.0695964635382,0.0286257535662,0.00304945510608,0.0841508106138,0.18022631716,0.0759080934404,0.0783185242378,1,0.4,44,19,10,3,20,9.17667707951e-05,1.98216224918e-05,9.17667707951e-05,0.0108281438109,0.00170362721781,0.0022978884026,9.17667707951e-05,1.98216224918e-05,9.17667707951e-05,0.249110170292,0.486543293616,0.249110166332
19,0.0513534373603,0.00919286781382,0.224753292263,0.0737406659123,0.05341719981,0.0613244823936,0.0899422022888,0.270194973044,0.0856250724271,0.0117905123567,0.0101707411175,0.0584945532128,1,0.4,44,19,10,3,20,0.000751420118318,0.000162306745557,0.000751420118318,0.0699784353441,0.0394651411817,0.00299198200761,0.000751420118318,0.000162306745557,0.000751420118318,0.223679787005,0.436874577048,0.223679783449
20,0.0313900441889,0.0281961321907,0.19868599847,0.0158045644309,0.0623337311507,0.199563830202,0.0859739103754,0.00315048264036,0.0580649907146,0.0996816351474,0.0403303691693,0.17682431132,1,0.4,44,19,10,3,20,0.000182211904138,3.93577712938e-05,0.000182211904138,0.0187869545348,0.00217558476298,0.00239318170627,0.000182211904138,3.93577712938e-05,0.000182211904138,0.24685197848,0.482132762802,0.246851974555
21,0.0922420853255,0.156057700627,0.0563589906388,0.0646286992007,0.0734225963528,0.0352515634169,0.069683745255,0.181897900873,0.20296768496,0.0167926499294,0.0069463897974,0.0437499936238,1,0.4,44,19,10,3,20,0.00108768026499,0.000234938937238,0.00108768026499,0.16529747178,0.0109389686532,0.0241499661184,0.00108768026499,0.000234938937238,0.00108768026499,0.201054356732,0.392684284248,0.201054353535
22,0.123996203532,0.24094794699,0.135962512085,0.201309371557,0.00441740149114,0.00732395893752,0.143268297978,0.0168868611781,0.0550105046941,0.0115558109989,0.0487231963286,0.0105979342294,1,0.4,44,19,10,3,20,0.00087180303574,0.00018830945572,0.00087180303574,0.113619273289,0.0264838682994,0.0153319936304,0.00087180303574,0.00018830945572,0.00087180303574,0.212667457698,0.415366121712,0.212667454317
23,0.0706547092002,0.00574168944515,0.112168361263,0.0228594483307,0.0539213618782,0.117076406387,0.0654801217213,0.0855939933503,0.0910063932302,0.0713437145721,0.138163849638,0.165989950985,1,0.4,44,19,10,3,20,2.68853209746e-05,5.80722933052e-06,2.68853209746e-05,0.0122802286762,0.00107335852084,0.00035673518286,2.68853209746e-05,5.80722933052e-06,2.68853209746e-05,0.249466063833,0.487238398177,0.249466059867
24,0.214719705579,0.135996685516,0.0340987314849,0.0738888845253,0.182811536775,0.0209361424733,0.0726227716222,0.0690213948539,0.0827928662327,0.0680474393423,0.00127442445552,0.043789417139,1,0.4,44,19,10,3,20,0.000398144006202,8.59991053397e-05,0.000398144006202,0.129305866983,0.00852346795231,0.00134476274919,0.000398144006202,8.59991053397e-05,0.000398144006202,0.217311959092,0.424437413352,0.217311955636
25,0.0767998491527,0.0477358542253,0.167457921369,0.103747528389,0.0355582963532,0.0778909014388,0.00507410540855,0.0486385394277,0.0477082086542,0.134174680962,0.10689811941,0.14831599521,1,0.4,44,19,10,3,20,6.89672900412e-05,1.48969346489e-05,6.89672900412e-05,0.0191053480159,0.000755838044339,0.00113046627232,6.89672900412e-05,1.48969346489e-05,6.89672900412e-05,0.247576966644,0.483548755287,0.247576962707
26,0.00124439435575,0.120543017547,0.0367436534211,0.134608628359,0.000670441341709,0.0270730930442,0.148138865406,0.0586637742784,0.0987209239044,0.23496725629,0.00291971468606,0.135706237367,1,0.4,44,19,10,3,20,9.96024263974e-05,2.15141241018e-05,9.96024263974e-05,0.0215553329426,0.00206998898749,0.00126481927998,9.96024263974e-05,2.15141241018e-05,9.96024263974e-05,0.246556441401,0.481555541954,0.246556437481
27,0.0756296737624,0.0637509090838,0.151891074304,0.0477808785594,0.0216726439997,0.0346679794372,0.4028448409,0.0961823215068,0.0139373847024,0.0144595484916,0.0119863422155,0.0651964030371,1,0.4,44,19,10,3,20,0.000675258301012,0.000145855793019,0.000675258301012,0.0176774947365,0.00201850247219,0.0295752631937,0.000675258301012,0.000145855793019,0.000675258301012,0.239743495605,0.468249007409,0.239743491793
28,0.00932558538404,0.206707167707,0.0500684845835,0.147071465791,0.155129627566,0.00815052302454,0.033812285692,0.000831434383441,0.0310933917724,0.149997800661,0.190435596622,0.0173766368136,1,0.4,44,19,10,3,20,0.000144012326652,3.11066625569e-05,0.000144012326652,0.00699581152607,0.00180612532779,0.00219848965725,0.000144012326652,3.11066625569e-05,0.000144012326652,0.250020255519,0.488320803795,0.250020251543
29,0.147722856456,0.102773094738,0.0692727308336,0.0878905739974,0.233322709278,0.00188208768353,0.128216488065,0.0516802489248,0.0767901184827,0.00836146721523,0.0333213791805,0.0587662451455,1,0.4,44,19,10,3,20,0.000510771117667,0.000110326561416,0.000510771117667,0.123509852249,0.00416401367719,0.0111055108828,0.000510771117667,0.000110326561416,0.000510771117667,0.217285538859,0.424385811335,0.217285535404
30,0.0560730167455,0.11443453819,0.27656885102,0.00791188173503,0.218045224531,0.00189082347477,0.145918515484,0.0705478642056,0.0762706684859,0.0180894973055,0.00525042279561,0.00899869602651,1,0.4,44,19,10,3,20,0.00258487074236,0.000558332080349,0.00258487074236,0.299100243999,0.0379364208573,0.0219682831609,0.00258487074236,0.000558332080349,0.00258487074236,0.159250950155,0.311037007075,0.159250947623
31,0.145339999437,0.0840144987898,0.0711720746534,0.0151043183211,0.073746327853,0.0541688381751,0.123356170258,0.14359452895,0.111701878727,0.136023517317,0.0209933327793,0.0207845147397,1,0.4,44,19,10,3,20,0.000150629279717,3.25359244188e-05,0.000150629279717,0.0761553451566,0.00305201124303,0.00510843398974,0.000150629279717,3.25359244188e-05,0.000150629279717,0.231466657774,0.452083308776,0.231466654093
32,0.0750877621686,0.00706503676936,0.108159187542,0.0273765246891,0.0178549529742,0.0617642704302,0.147736322345,0.237664457464,0.190886396948,0.00582646870415,0.0263445369225,0.0942340830434,1,0.4,44,19,10,3,20,0.000383175606529,8.27659310103e-05,0.000383175606529,0.0234510093867,0.0136855845864,0.00811838754521,0.000383175606529,8.27659310103e-05,0.000383175606529,0.241086936415,0.470872915198,0.241086932581
33,0.0468576978594,0.140101526303,0.0418740859457,0.115807376544,0.0238039124978,0.0908656151739,0.057356005713,0.0740663865056,0.255871919872,0.0654013150007,0.0500666378339,0.0379275207511,1,0.4,44,19,10,3,20,0.000381396135216,8.23815652066e-05,0.000381396135216,0.0220238601755,0.00514592932083,0.0100391188466,0.000381396135216,8.23815652066e-05,0.000381396135216,0.243124301762,0.474852144328,0.243124297896
34,0.0998146165791,0.148661720352,0.116528044947,0.0553608454022,0.192281359263,0.0234593388735,0.0304279159984,0.133323901933,0.0304486980658,0.0125506931932,0.10579145149,0.0513514139032,1,0.4,44,19,10,3,20,0.000303849900005,6.5631578401e-05,0.000303849900005,0.00879681561479,0.00711983940547,0.00226719082115,0.000303849900005,6.5631578401e-05,0.000303849900005,0.248023905909,0.484421683527,0.248023901966
35,0.0899117122231,0.0627847296032,0.112319082975,0.174536808928,0.114927668426,0.0102047398401,0.079166256006,0.147859653295,0.015881054247,0.0105105651707,0.0404170867061,0.14148064258,1,0.4,44,19,10,3,20,0.000418005002641,9.02890805705e-05,0.000418005002641,0.0197626643679,0.00452492503893,0.00613367566891,0.000418005002641,9.02890805705e-05,0.000418005002641,0.244800290466,0.478125559714,0.244800286573
36,0.19031338869,0.0362121017872,0.009830551057,0.00294335963365,0.018862884719,0.0739964271192,0.0920825361918,0.109609171948,0.152970869031,0.0179502676709,0.00885122085247,0.286377221299,1,0.4,44,19,10,3,20,6.52208700565e-05,1.40877079322e-05,6.52208700565e-05,0.0190990384956,0.00135061940039,0.0024311429554,6.52208700565e-05,1.40877079322e-05,6.52208700565e-05,0.247103279521,0.48262358514,0.247103275592
37,0.0783966274763,0.0531222468046,0.0723249557144,0.140071242596,0.0216910773202,0.178782409242,0.00569931592747,0.0318282224312,0.0999365123243,0.0209825562582,0.230936820538,0.0662280133681,1,0.4,44,19,10,3,20,0.000114924728888,2.48237414397e-05,0.000114924728888,0.0018662855484,0.00202661975948,0.000410360722382,0.000114924728888,2.48237414397e-05,0.000114924728888,0.251747010123,0.491693371328,0.25174700612
38,0.0108663085458,0.000888571035311,0.160605369355,0.045212822565,0.0138943083763,0.223603797044,0.0575852409586,0.0628351907973,0.0356003651455,0.203208478504,0.154596864311,0.0311026833617,1,0.4,44,19,10,3,20,3.91348343645e-05,8.45312422273e-06,3.91348343645e-05,0.0137563016393,0.0010706374007,0.000418652789411,3.91348343645e-05,8.45312422273e-06,3.91348343645e-05,0.249063961873,0.486453042799,0.249063957913
39,0.201408887132,0.0298393431107,0.0950705044674,0.00887504108318,0.144539441452,0.0164000230601,0.0413365500647,0.129822210274,0.085653639566,0.174204504268,0.0484879472552,0.0243619082676,1,0.4,44,19,10,3,20,2.22281308625e-08,4.8012762663e-09,2.22281308625e-08,1.22967106529e-07,7.00798631776e-08,2.27637407097e-08,2.22281308625e-08,4.8012762663e-09,2.22281308625e-08,0.252964350369,0.494070988959,0.252964346347
40,0.0343270879319,0.00452157763247,0.0953694419622,0.0969851575523,0.0147913083677,0.0883157473766,0.138559409966,0.00572949775669,0.14602026388,0.132294536979,0.0426790039398,0.200406966655,1,0.4,44,19,10,3,20,0.00011072720121,2.39170754614e-05,0.00011072720121,0.00359434884019,0.00153238138934,0.00104049381074,0.00011072720121,2.39170754614e-05,0.00011072720121,0.251280201057,0.490781634886,0.251280197061
41,0.074682708669,0.117728770919,0.00693666098453,0.272437203102,0.0405805542183,0.16083008407,0.0583524920267,0.000684653034725,0.0879209733175,0.0257980339457,0.13214220488,0.021905660833,1,0.4,44,19,10,3,20,0.000240018123336,5.18439146406e-05,0.000240018123336,0.0150447907005,0.0117865303479,0.000978381344461,0.000240018123336,5.18439146406e-05,0.000240018123336,0.245660470848,0.479805599495,0.245660466942
42,0.145951088734,0.0712009563375,0.164582425734,0.185181864619,0.117643444844,0.0971933863644,0.0515372084972,0.0283222866129,0.0225890939829,0.0203547930475,0.00754172397023,0.0879017272564,1,0.4,44,19,10,3,20,0.000393372478346,8.49684553226e-05,0.000393372478346,0.0239624905636,0.0193589212204,0.00450169899832,0.000393372478346,8.49684553226e-05,0.000393372478346,0.240425858955,0.469581748306,0.240425855133
43,0.213088454389,0.0843785572584,0.00320668573519,0.0360186616085,0.0340751924813,0.0752060775429,0.0179005751537,0.0316991258665,0.151568572908,0.165844091832,0.0527858508178,0.134228154406,1,0.4,44,19,10,3,20,0.000112864575783,2.43787483691e-05,0.000112864575783,0.0114276220325,0.00206342875806,0.000450005678545,0.000112864575783,2.43787483691e-05,0.000112864575783,0.249311301676,0.486936128343,0.249311297712
44,0.00127010878066,0.363248417143,0.0743015317727,0.172294597651,0.0434606866187,0.00978768594651,0.00113619636228,0.0101354305584,0.0490968527389,0.116354384918,0.0841070290553,0.0748070784547,1,0.4,44,19,10,3,20,0.000160315236394,3.4628091061e-05,0.000160315236394,0.0126128199857,0.00410976187278,0.0025372258227,0.000160315236394,3.4628091061e-05,0.000160315236394,0.247912648052,0.484204383028,0.24791264411
45,0.17984804768,0.000103650468485,0.031167518023,0.0992587852062,0.0805686051596,0.0245512788503,0.0204317626854,0.102450877902,0.184884863846,0.0284339271032,0.114408083471,0.133892599605,1,0.4,44,19,10,3,20,4.07622344213e-06,8.804642635e-07,4.07622344213e-06,5.57275898588e-06,1.00740918328e-05,8.94761645034e-05,4.07622344213e-06,8.804642635e-07,4.07622344213e-06,0.252933267488,0.494010280208,0.252933263466
46,0.0900498938592,0.107905637312,0.147120134249,0.033200797918,0.0132199550713,0.155514668196,0.0111350979952,0.159977525164,0.0627775630968,0.17609806053,0.0268169021824,0.0161837644247,1,0.4,44,19,10,3,20,0.00027558958775,5.95273509539e-05,0.00027558958775,0.0263585758257,0.00514460729153,0.00379034509194,0.00027558958775,5.95273509539e-05,0.00027558958775,0.243727448584,0.476030165446,0.243727444708
47,0.03086379497,0.0388079746524,0.076732612536,0.0566773779613,0.0144187649068,0.0185011580074,0.0474878037431,0.0335294844467,0.207593421147,0.0752864124529,0.178080563337,0.222020631839,1,0.4,44,19,10,3,20,3.64856416014e-05,7.8808985859e-06,3.64856416014e-05,0.0128237217818,0.000368936994474,0.000493168010553,3.64856416014e-05,7.8808985859e-06,3.64856416014e-05,0.249461497059,0.487229478697,0.249461493093
48,0.10444494005,0.101656498003,0.0266632655068,0.100548251312,0.0197645589333,0.0553148989652,0.155082794004,0.047595446613,0.00647649777196,0.260385037255,0.116794944971,0.00527286661413,1,0.4,44,19,10,3,20,0.000132608550587,2.86434469267e-05,0.000132608550587,0.00404519190509,0.00135355901851,0.000944117916986,0.000132608550587,2.86434469267e-05,0.000132608550587,0.25121123715,0.490646939757,0.251211233156
49,0.0871464601641,0.0319641270849,5.23550725983e-05,0.0449852918543,0.0141124046203,0.0805834749541,0.2193581184,0.0672336451183,0.266841888279,0.0450132239685,0.120832444737,0.0218765657472,1,0.4,44,19,10,3,20,0.000394855567212,8.52888025177e-05,0.000394855567212,0.0336578562851,0.00514942547669,0.00275598335245,0.000394855567212,8.52888025177e-05,0.000394855567212,0.242007714498,0.472671309864,0.24200771065
50,0.0915218800019,0.0724266965446,0.0717994642287,0.0763672277762,0.109635731276,0.124746319911,0.00795616076977,0.0667703084297,0.00864975434175,0.0659048054526,0.110782613733,0.193439037534,1,0.4,44,19,10,3,20,0.000176256404881,3.80713834543e-05,0.000176256404881,0.00787759631463,0.00214629228112,0.000598463964054,0.000176256404881,3.80713834543e-05,0.000176256404881,0.250079744707,0.488436993615,0.250079740731
51,0.064063506746,0.020778168267,0.13068299017,0.105523363043,0.109098373795,0.185568142369,0.106315509275,0.0717161173129,0.0421804736121,0.00550276762643,0.0448859392168,0.113684648567,1,0.4,44,19,10,3,20,0.000300575197621,6.49242426862e-05,0.000300575197621,0.026593934699,0.0121935995972,0.00282415418679,0.000300575197621,6.49242426862e-05,0.000300575197621,0.242101166447,0.472853833198,0.242101162597
52,0.0424098191576,0.00628341582498,0.0264430363258,0.0591094418863,0.0306979481713,0.0680056670506,0.164784773237,0.00541889525545,0.164919955897,0.0495871823344,0.312510964241,0.0698289006189,1,0.4,44,19,10,3,20,0.00013342620669,2.88200606451e-05,0.00013342620669,0.00524026038884,0.0008541694684,0.00103449059393,0.00013342620669,2.88200606451e-05,0.00013342620669,0.251011477347,0.490256783898,0.251011473356
53,0.0661019778161,0.0874097538752,0.00538957256267,0.0719567594278,0.00849160021658,0.107385553907,0.0205933211991,0.274777011236,0.0563091756319,0.0100497312692,0.112678203322,0.178857339537,1,0.4,44,19,10,3,20,0.000146866213948,3.17231022127e-05,0.000146866213948,0.018557996948,0.00250326775885,0.00112920226445,0.000146866213948,3.17231022127e-05,0.000146866213948,0.247186373711,0.482785878477,0.24718636978
54,0.246670702674,0.0916101482909,0.0535219198469,0.0261143104471,0.0576215423349,0.0246959984216,0.0767586996688,0.269052486071,0.0420997145897,0.029967928495,0.0469537903251,0.0349327588347,1,0.4,44,19,10,3,20,0.000523730575738,0.000113125804359,0.000523730575738,0.12366357883,0.00599965494201,0.00690401091705,0.000523730575738,0.000113125804359,0.000523730575738,0.217830600254,0.425450384356,0.21783059679
55,0.0375153847537,0.177268466661,0.0268448699993,0.295463357018,0.0150487251606,0.0227617286759,0.0949101371201,0.126438312267,0.128794693267,0.0199775870003,0.0396018536995,0.0153748843778,1,0.4,44,19,10,3,20,0.000669298613293,0.000144568500471,0.000669298613293,0.149537678665,0.0134653343791,0.0159435770002,0.000669298613293,0.000144568500471,0.000669298613293,0.206946931407,0.404193218978,0.206946928117
56,0.0275280334648,0.0621022162494,0.0376592159292,0.0814655408245,0.0113616818523,0.0436065954428,0.243002774191,0.0796871357332,0.0921794693305,0.264264198364,0.0111123886543,0.0460307499635,1,0.4,44,19,10,3,20,5.17102086516e-05,1.11694050687e-05,5.17102086516e-05,0.000249814403818,0.00087066716199,0.00022063581659,5.17102086516e-05,1.11694050687e-05,5.17102086516e-05,0.25256720059,0.493295305809,0.252567196574
57,0.0816937602012,0.00483577566136,0.0296651048066,0.0503130426608,0.213065304972,0.0494597204476,0.193327226875,0.0124780905516,0.0038316028769,0.21966087613,0.0298801299011,0.111789364916,1,0.4,44,19,10,3,20,0.00012302323303,2.65730183344e-05,0.00012302323303,0.013607124427,0.00250646991716,0.00124798124778,0.00012302323303,2.65730183344e-05,0.00012302323303,0.248434642746,0.485223903898,0.248434638796
58,0.116304174098,0.0813341190772,0.0170007762717,0.284236622537,0.0894765599887,0.00249772209146,0.0376821249807,0.127385029914,0.0282633297928,0.0825850087836,0.0521215664293,0.0811129660354,1,0.4,44,19,10,3,20,0.000298903006381,6.45630493783e-05,0.000298903006381,0.010259768029,0.00545276675684,0.00246352425967,0.000298903006381,6.45630493783e-05,0.000298903006381,0.248031421844,0.484436363086,0.2480314179
59,0.0130133577926,0.108946303637,0.0570165752149,0.0846408425215,0.056255028433,0.032284597733,0.00920060487729,0.217563099969,0.181066138881,0.0073214110697,0.0408236659257,0.191868373944,1,0.4,44,19,10,3,20,0.00011825457121,2.55429873814e-05,0.00011825457121,0.00601664583137,0.00486329523141,0.00101783058153,0.00011825457121,2.55429873814e-05,0.00011825457121,0.249822137126,0.487933853816,0.249822133154
60,0.00692562709882,0.0723706929109,0.0104018736619,0.0370822783403,0.16499813425,0.0825819262897,0.267953390603,0.0251172834668,0.0544340763739,0.134552075528,0.0685510074692,0.0750316340085,1,0.4,44,19,10,3,20,0.000100734089024,2.17585632292e-05,0.000100734089024,0.00349362882499,0.00382542813461,0.00063203360903,0.000100734089024,2.17585632292e-05,0.000100734089024,0.250840149939,0.48992216006,0.25084014595
61,0.0158374824056,0.0200020426438,0.00928475131385,0.114998906499,0.180836340921,0.103487980118,0.0556763041167,0.0716684131897,0.0245313717647,0.000798821208908,0.0643311450421,0.338546440777,1,0.4,44,19,10,3,20,0.000102031666399,2.20388399421e-05,0.000102031666399,0.0105520100174,0.00263243350386,0.000647506543548,0.000102031666399,2.20388399421e-05,0.000102031666399,0.249351046905,0.487013755744,0.249351042941
62,0.0635975208264,0.00151283153075,0.151929548439,0.0148016098341,0.093429681824,0.0558633049824,0.106634031886,0.187783382662,0.0487282630958,0.226529001182,0.0215346813686,0.0276561423685,1,0.4,44,19,10,3,20,0.000219155384241,4.7337562996e-05,0.000219155384241,0.052995104811,0.000750289847969,0.00119801220172,0.000219155384241,4.7337562996e-05,0.000219155384241,0.238819998783,0.466445302707,0.238819994986
63,0.077488556137,0.0226153980503,0.199764706043,0.118566010537,0.0631050335792,0.0579400526915,0.0376808773174,0.114949339263,0.12945727302,0.122707016198,0.0179638487726,0.0377618883898,1,0.4,44,19,10,3,20,0.000412144376005,8.90231852171e-05,0.000412144376005,0.0563125282689,0.00424153467164,0.00520645093704,0.000412144376005,8.90231852171e-05,0.000412144376005,0.235867288113,0.460678289772,0.235867284363
64,0.027590048922,0.159414920212,0.0421865876012,0.0273318045151,0.0227890197421,0.239889816126,0.14633835675,0.052990747994,0.040093186797,0.0812658766988,0.0477299727457,0.112379661896,1,0.4,44,19,10,3,20,0.00010210342005,2.20543387309e-05,0.00010210342005,0.0238101472101,0.00385922776686,0.00106702885628,0.00010210342005,2.20543387309e-05,0.00010210342005,0.245580669809,0.479649738095,0.245580665905
65,0.042965051799,0.0734921548623,0.091762308799,0.00386403906226,0.214431532867,0.243488980165,0.0392771168404,0.0706130761929,0.0534519874822,0.110256074635,0.0254114059107,0.0309862713838,1,0.4,44,19,10,3,20,0.000218011815712,4.70905521939e-05,0.000218011815712,0.0662425040478,0.00594416567797,0.00275740947034,0.000218011815712,4.70905521939e-05,0.000218011815712,0.233761822207,0.456566051739,0.23376181849
66,0.044878255746,0.00813573287239,0.114339942287,0.0877380238071,0.0167145195568,0.0691731763609,0.0306192506845,0.140076184363,0.143799021715,0.00701808514797,0.099073060588,0.238434746871,1,0.4,44,19,10,3,20,0.00017527845974,3.78601473037e-05,0.00017527845974,0.0208607688294,0.00143066976336,0.0022183589678,0.00017527845974,3.78601473037e-05,0.00017527845974,0.246567811512,0.481577749202,0.246567807592
67,0.00936317720445,0.148176362325,0.114940069086,0.0285962052906,0.0272761069327,0.09048819818,0.293226790988,0.0740464718858,0.0199843384088,0.0934316333713,0.0549303194615,0.0455403268665,1,0.4,44,19,10,3,20,0.000127049844715,2.74427664585e-05,0.000127049844715,0.0464688516591,0.00217542993208,0.0036777836809,0.000127049844715,2.74427664585e-05,0.000127049844715,0.239586368017,0.467942117592,0.239586364207
68,0.0369023598963,0.0646081700801,0.208202807304,0.141506815957,0.070360846086,0.0884138278174,0.0526469562676,0.0575302828618,0.0436139429253,0.0480398042591,0.0836547977238,0.104519388822,1,0.4,44,19,10,3,20,4.23505643859e-05,9.14772190735e-06,4.23505643859e-05,0.00474190966804,0.000176069866939,0.00286972200201,4.23505643859e-05,9.14772190735e-06,4.23505643859e-05,0.250946937561,0.49013072963,0.250946933571
69,0.109866551597,0.0226558451923,0.0898431603402,0.127376319986,0.112788036239,0.0545756517007,0.10012595415,0.215109337911,0.0218912842218,0.105866745994,0.00398734131981,0.0359137713483,1,0.4,44,19,10,3,20,0.000114758076184,2.47877444558e-05,0.000114758076184,0.101850374927,0.00433444546162,0.000558023836326,0.000114758076184,2.47877444558e-05,0.000114758076184,0.225833627468,0.441081296636,0.225833623878
70,0.191025175934,0.0200421665971,0.11343976229,0.0677435693997,0.067177732082,0.11135233255,0.00855501105112,0.0109878945918,0.00410263622361,0.156552161955,0.115301269446,0.13372028788,1,0.4,44,19,10,3,20,4.4940389546e-05,9.70712414194e-06,4.4940389546e-05,0.0155016276273,0.00136052256113,0.0015476204112,4.4940389546e-05,9.70712414194e-06,4.4940389546e-05,0.248257028364,0.484877000814,0.248257024417
71,0.187502178622,0.0311423520273,0.0966798302606,0.103492511169,0.0170852881851,0.0642457695964,0.0568233204738,0.0874821202014,0.121588527487,0.0748914137593,0.142257872962,0.0168088152565,1,0.4,44,19,10,3,20,0.000196788263805,4.25062649819e-05,0.000196788263805,0.0107289103379,0.000507399772724,0.00654671893355,0.000196788263805,4.25062649819e-05,0.000196788263805,0.248245329208,0.484854150901,0.248245325261
72,0.115779823554,0.0243777183871,0.0875422088027,0.0139284815284,0.0758286028613,0.102994255451,0.0184016790613,0.320581246578,0.0547949588181,0.102834273359,0.0727083835759,0.0102283680228,1,0.4,44,19,10,3,20,0.000261861576476,5.65621005189e-05,0.000261861576476,0.017422486282,0.00689560003525,0.00152131056832,0.000261861576476,5.65621005189e-05,0.000261861576476,0.246134398524,0.480731239473,0.24613439461
73,0.259361714523,0.0304137841412,0.00509962503758,0.079146407402,0.0809367130607,0.168348027336,0.00507059184815,0.0517470703378,0.123118857294,0.0408533310191,0.0994788748074,0.0564250031927,1,0.4,44,19,10,3,20,0.00036363904127,7.85460329143e-05,0.00036363904127,0.0257786271927,0.00775307532548,0.00194632277383,0.00036363904127,7.85460329143e-05,0.00036363904127,0.243582061765,0.47574620682,0.243582057892
74,0.00393664129837,0.0397168215834,0.144141299205,0.0862894683248,0.0388267363273,0.00104189985219,0.0958665945356,0.290602344443,0.0683315196755,0.00960451872619,0.0105661250108,0.211076031018,1,0.4,44,19,10,3,20,0.000165269309292,3.56981708071e-05,0.000165269309292,0.03309869079,0.00591980856919,0.000721059945226,0.000165269309292,3.56981708071e-05,0.000165269309292,0.242726445158,0.474075080661,0.242726441298
75,0.0386379482847,0.0233971327963,0.188600345659,0.147006526436,0.176749823816,0.108003088865,0.0360690525337,0.123225164274,0.0408986069556,0.0849406510028,0.00257815018775,0.0298935091887,1,0.4,44,19,10,3,20,0.000260466146088,5.6260687555e-05,0.000260466146088,0.133843879943,0.00697616701771,0.00314383749501,0.000260466146088,5.6260687555e-05,0.000260466146088,0.216254669341,0.422372394341,0.216254665903
76,0.143163600602,0.157586324051,0.0241605997289,0.00677937590569,0.158695186564,0.0608370770849,0.0137490336954,0.15556354205,0.120642889371,0.0884191868996,0.00991575997632,0.0604874240708,1,0.4,44,19,10,3,20,0.000391141753335,8.44866187204e-05,0.000391141753335,0.0498645664348,0.00370259052649,0.00861169038314,0.000391141753335,8.44866187204e-05,0.000391141753335,0.236796869192,0.462493877786,0.236796865427
77,0.204480615743,0.0414532934511,0.0154587394927,0.045580292646,0.0620077157082,0.0743620242349,0.110487260503,0.02336625,0.173261750483,0.0481032048383,0.169816680923,0.0316221719766,1,0.4,44,19,10,3,20,0.000209086173984,4.51626135806e-05,0.000209086173984,0.0263064957758,0.00406201348167,0.00283254628471,0.000209086173984,4.51626135806e-05,0.000209086173984,0.244331329267,0.477209619886,0.244331325382
78,0.12021707197,0.0200300182964,0.122414161396,0.133271578316,0.0392202830178,0.051182504153,0.0270831139389,0.178547476969,0.114905335572,0.062997528832,0.0435960846991,0.0865348428401,1,0.4,44,19,10,3,20,0.000204136502547,4.40934845502e-05,0.000204136502547,0.0382342812918,0.00382516221582,0.00331326553873,0.000204136502547,4.40934845502e-05,0.000204136502547,0.241257883144,0.471206795523,0.241257879308
79,0.00703131477485,0.14177378982,0.0338465370726,0.0508742298801,0.0302655369696,0.0632311017853,0.0794469972313,0.0578825999722,0.0449571304301,0.0176961546291,0.424179768675,0.0488148387593,1,0.4,44,19,10,3,20,6.33466047058e-05,1.36828666164e-05,6.33466047058e-05,0.00157944990436,0.000455959927834,0.000639191191491,6.33466047058e-05,1.36828666164e-05,6.33466047058e-05,0.252216830651,0.492610989533,0.252216826641
80,0.0655039935716,0.1020286156,0.0497812162139,0.128564745253,0.0517338884123,0.157124922216,0.0316725789701,0.0389216682142,0.182988200191,0.141914272265,0.0449414889701,0.00482441012328,1,0.4,44,19,10,3,20,0.000379887507658,8.2055701654e-05,0.000379887507658,0.00443086059974,0.00310073024113,0.00144677285998,0.000379887507658,8.2055701654e-05,0.000379887507658,0.250267316773,0.488803345299,0.250267312793
81,0.126253432956,0.0672971197693,0.00894723842384,0.114064953868,0.0425847654026,0.0444318579402,0.0105296854084,0.0740496088085,0.249827771742,0.0543566725696,0.0398710409936,0.167785852118,1,0.4,44,19,10,3,20,0.000100596546332,2.17288540077e-05,0.000100596546332,0.012546544015,0.00624470622041,0.000734943337466,0.000100596546332,2.17288540077e-05,0.000100596546332,0.247912214811,0.484203536854,0.247912210869
82,0.108493824719,0.00930482602903,0.146342712224,0.055425014829,0.460851075568,0.00562967728535,0.00795485304523,0.0434429224821,0.0435991842448,0.0456659759119,0.0678717170972,0.00541821656449,1,0.4,44,19,10,3,20,0.00101893652262,0.000220090288885,0.00101893652262,0.0711705931993,0.00280838062576,0.0144569067482,0.00101893652262,0.000220090288885,0.00101893652262,0.229450928957,0.448146338493,0.229450925309
83,0.0772850913652,0.154412208812,0.0897573154658,0.061901450922,0.0432883279757,0.0710494926273,0.209849514826,0.0710079872783,0.0526689106724,0.0722707317013,0.0116503085455,0.084858659808,1,0.4,44,19,10,3,20,0.000380568480058,8.22027916926e-05,0.000380568480058,0.00487490460198,0.00621544813525,0.000999719242732,0.000380568480058,8.22027916926e-05,0.000380568480058,0.249479401797,0.487264448888,0.249479397831
84,0.0846372767597,0.0339512664229,0.0123733997667,0.0634076187963,0.022626544663,0.137863705822,0.295123953692,0.0419802367529,0.11724215023,0.00143511791564,0.0490728265131,0.140285902666,1,0.4,44,19,10,3,20,0.000364281006685,7.8684697444e-05,0.000364281006685,0.0225073761152,0.00704220301112,0.00320980677776,0.000364281006685,7.8684697444e-05,0.000364281006685,0.244269061096,0.477088002367,0.244269057212
85,0.0160293228712,0.0966249571181,0.0421372079834,0.011033089761,0.211413642091,0.0405065154159,0.05496691982,0.0341717770413,0.14498567473,0.214996479835,0.0607970782652,0.0723373350679,1,0.4,44,19,10,3,20,0.000141962903395,3.06639871334e-05,0.000141962903395,0.015287765426,0.000841350630858,0.00294095576388,0.000141962903395,3.06639871334e-05,0.000141962903395,0.24798121998,0.484338312573,0.247981216038
86,0.0604071817324,0.175734455789,0.0580627679392,0.201290363931,0.199439542994,0.0849988199507,0.0297561814244,0.0146075025295,0.00836108392596,0.0574718271373,0.0947572168973,0.0151130557487,1,0.4,44,19,10,3,20,0.000330216380941,7.13267382833e-05,0.000330216380941,0.0897287719327,0.00752153764171,0.000867947035402,0.000330216380941,7.13267382833e-05,0.000330216380941,0.227773782788,0.444870662435,0.227773779167
87,0.083462959306,0.0047992786591,0.159912657117,0.0299528110471,0.127331981819,0.0326470613696,0.0738351125856,0.0726469627697,0.0120718339349,0.00500855915238,0.37777495182,0.0205558304194,1,0.4,44,19,10,3,20,6.81872621086e-05,1.47284486155e-05,6.81872621086e-05,0.0128571712617,0.00090450884998,0.00120682886342,6.81872621086e-05,1.47284486155e-05,6.81872621086e-05,0.249101482188,0.486526324663,0.249101478228
88,0.0342287848005,0.00232495759738,0.000825921833546,0.000225789811653,0.130231098625,0.0741630348265,0.137666545693,0.133170198239,0.151687491171,0.169136757888,0.13736779806,0.0289716214544,1,0.4,44,19,10,3,20,6.89594754842e-05,1.48952467046e-05,6.89594754842e-05,0.0336835676582,0.00130417969285,0.00175929094044,6.89594754842e-05,1.48952467046e-05,6.89594754842e-05,0.243591423178,0.47576449083,0.243591419305
89,0.0284738622592,0.13522349801,0.15843624593,0.0554932195792,0.103244529668,0.104820771221,0.00646551248737,0.00969704015851,0.289809453912,0.0602437208049,0.0237497954979,0.0243423504716,1,0.4,44,19,10,3,20,0.00060997518725,0.000131754640446,0.00060997518725,0.151340759581,0.00729838633722,0.00331694561093,0.00060997518725,0.000131754640446,0.00060997518725,0.211311432946,0.41271763591,0.211311429586
90,0.00242115806694,0.237157754819,0.0343595614294,0.172416428538,0.119673064861,0.125045127705,0.0114804808353,0.175457899582,0.0466379915928,0.0657527500616,0.00671659937865,0.00288118313042,1,0.4,44,19,10,3,20,0.00101571948241,0.0002193954082,0.00101571948241,0.0470142718484,0.0186610600957,0.0142623016998,0.00101571948241,0.0002193954082,0.00101571948241,0.231604289893,0.452352121506,0.231604286211
91,0.00493571736855,0.0913752751049,0.147252275958,0.0144088643105,0.0997220527773,0.192820629735,0.108424653134,0.0321499989974,0.0545069459517,0.0880660980996,0.0729119188394,0.0934255697239,1,0.4,44,19,10,3,20,0.000108305221024,2.33939277412e-05,0.000108305221024,0.0463370916744,0.000525222313844,0.00396655270344,0.000108305221024,2.33939277412e-05,0.000108305221024,0.239985109461,0.468720909463,0.239985105645
92,0.281270410069,0.173106247666,0.0357175947852,0.0549953378,0.136282375313,0.0612587743646,0.0385250302691,0.0132196311493,0.00213305681648,0.0873237609021,0.0408005419896,0.0753672388751,1,0.4,44,19,10,3,20,0.000300667153593,6.49441051761e-05,0.000300667153593,0.0314569847812,0.00267673638726,0.00820500183915,0.000300667153593,6.49441051761e-05,0.000300667153593,0.241917149477,0.47249442506,0.241917145631
93,0.0610945937555,0.0245171022971,0.0178816366823,0.0272959943326,0.0414780711468,0.162791749683,0.265650513679,0.121287448133,0.140609848338,0.0130344722065,0.0453361044259,0.0790224653201,1,0.4,44,19,10,3,20,0.000465012050624,0.000100442602935,0.000465012050624,0.0159543958073,0.00920420493883,0.00425128203821,0.000465012050624,0.000100442602935,0.000465012050624,0.245003432806,0.478522322091,0.24500342891
94,0.0881853536185,0.0342702941136,0.10570592017,0.176821572343,0.0203842996781,0.133204744001,0.0106632061751,0.0310362524524,0.155348632324,0.066389400521,0.0715490151508,0.106441309452,1,0.4,44,19,10,3,20,0.000361701316429,7.81274843486e-05,0.000361701316429,0.0349975900641,0.00464537569044,0.00208291905268,0.000361701316429,7.81274843486e-05,0.000361701316429,0.242003748002,0.472663562802,0.242003744154
