run_ID,t1_initial,t2_initial,t3_initial,t4_initial,t5_initial,t6_initial,t7_initial,t8_initial,t9_initial,t10_initial,t11_initial,t12_initial,alpha,prior_cost_c,lambda,k,sample_amount,learning_parameter,generations,t1_final,t2_final,t3_final,t4_final,t5_final,t6_final,t7_final,t8_final,t9_final,t10_final,t11_final,t12_final
0,0.0937059349248,0.137209768206,0.0784531324827,0.272480297447,0.152386120209,0.0364142999768,0.0009449446769,0.0176589737489,0.0519887002177,0.00584879040662,0.0591795639412,0.0937294737628,1,0.4,45,17,10,3,20,0.000469111501807,0.00010132808439,0.000469111501807,0.0586528514954,0.0131978942999,0.00158815786498,0.000469111501807,0.00010132808439,0.000469111501807,0.23386105932,0.456759877542,0.233861057302
1,0.0942787739472,0.00846746119206,0.178259688599,0.00588257612572,0.0462616006149,0.0557392777559,0.300624604496,0.0952677872224,0.0349313230569,0.00695916953366,0.100167574814,0.0731601626427,1,0.4,45,17,10,3,20,0.000466903811539,0.000100851223292,0.000466903811539,0.0137496353979,0.00621041691804,0.00182026439837,0.000466903811539,0.000100851223292,0.000466903811539,0.24693131937,0.482287728983,0.246931317239
2,0.0414795958928,0.161727252497,0.121949709231,0.029998829358,0.0364702123565,0.0555780372149,0.0821410250577,0.161822837588,0.0279871367964,0.0299070593302,0.111430340797,0.13950796388,1,0.4,45,17,10,3,20,0.000196673974181,4.2481578423e-05,0.000196673974181,0.0102674320032,0.00247546665729,0.000915750197605,0.000196673974181,4.2481578423e-05,0.000196673974181,0.249288777471,0.486892139297,0.24928877532
3,0.023109206842,0.128724787932,0.184326387237,0.226336072202,0.0584471695572,0.0380479922384,0.00497667315723,0.0350525145856,0.0362332910326,0.13178770591,0.130425722297,0.00253247700907,1,0.4,45,17,10,3,20,0.000181737934343,3.92553938181e-05,0.000181737934343,0.00165642145304,0.000851693599798,0.0015780167548,0.000181737934343,3.92553938181e-05,0.000181737934343,0.251727029143,0.491654349553,0.251727026971
4,0.111506045927,0.0363625808453,0.0497040726337,0.109650635846,0.064291365822,0.0631264517341,0.0311838013485,0.173277739139,0.0636689602187,0.00116485812457,0.250306068135,0.0457574202257,1,0.4,45,17,10,3,20,9.71839699474e-05,2.09917375086e-05,9.71839699474e-05,0.00272363320995,0.000545344612974,0.00311600071747,9.71839699474e-05,2.09917375086e-05,9.71839699474e-05,0.251240299385,0.490703705502,0.251240297217
5,0.0838307551191,0.0275664330913,0.0562129620439,0.168053012784,0.0921523323228,0.111179250656,0.0812368552849,0.0129141732941,0.0231208383711,0.0504582162774,0.0494454130701,0.243829757685,1,0.4,45,17,10,3,20,0.000135279782242,2.92204329643e-05,0.000135279782242,0.0315577856287,0.00240522535501,0.00188749226843,0.000135279782242,2.92204329643e-05,0.000135279782242,0.24374385909,0.476062220677,0.243743856987
6,0.000538561704795,0.303806122763,0.0451667961655,0.0378123578007,0.0765620154648,0.0664363660028,0.0181351433457,0.122570147894,0.00196001552575,0.0882353388231,0.0316546012658,0.207122533245,1,0.4,45,17,10,3,20,0.000125197490606,2.70426579708e-05,0.000125197490606,0.00293916129786,0.00147381123738,0.00109649813552,0.000125197490606,2.70426579708e-05,0.000125197490606,0.251430364701,0.491074926819,0.251430362531
7,0.0434756990693,0.131401557052,0.0456506010539,0.0249479176016,0.177729362926,0.110143960895,0.00735037434399,0.00527928646993,0.120809494532,0.0359412968189,0.0856738681991,0.211596581039,1,0.4,45,17,10,3,20,9.07463790238e-05,1.96012178691e-05,9.07463790238e-05,0.01334527973,0.00348068520494,0.00142460650849,9.07463790238e-05,1.96012178691e-05,9.07463790238e-05,0.248245943888,0.484855354972,0.248245941745
8,0.194471822673,0.160686787068,0.0285356465128,0.00433557501158,0.0533353625393,0.0565383317054,0.049014395059,0.0314685758055,0.0585446121049,0.0785607752791,0.038128545695,0.246379570546,1,0.4,45,17,10,3,20,0.000127236836591,2.74831567036e-05,0.000127236836591,0.00647374727187,0.00163246939145,0.00175492877798,0.000127236836591,2.74831567036e-05,0.000127236836591,0.25032725939,0.488920424278,0.25032725723
9,0.03296014135,0.0848667152258,0.079018236843,0.0399120305843,0.412262852018,0.0319602417486,0.0506440146287,0.111517459442,0.00989714762829,0.0592325144155,0.0501905443066,0.037538101809,1,0.4,45,17,10,3,20,0.000648988655554,0.0001401815496,0.000648988655554,0.0473613512331,0.00564547638758,0.0100595581538,0.000648988655554,0.0001401815496,0.000648988655554,0.236283270204,0.461490758135,0.236283268165
10,0.0264613928701,0.0241859804948,0.112806225081,0.294909543211,0.074098950402,0.0132987161451,0.00536066321392,0.131454516828,0.132870113786,0.00658541291143,0.0764190115469,0.10154947351,1,0.4,45,17,10,3,20,0.000176111351845,3.80400519984e-05,0.000176111351845,0.000524893535848,0.00196320405125,0.00110448644641,0.000176111351845,3.80400519984e-05,0.000176111351845,0.251858187351,0.491910517926,0.251858185178
11,0.0282379204682,0.156830392449,0.206457545143,0.0726182068152,0.001791551177,0.106379977413,0.0153781574516,0.01004128705,0.202953631687,0.0962289086896,0.0447613309427,0.0583210907141,1,0.4,45,17,10,3,20,0.000344489783876,7.44097933173e-05,0.000344489783876,0.0139003888994,0.00422327490566,0.00508083776448,0.000344489783876,7.44097933173e-05,0.000344489783876,0.246708294323,0.481852133191,0.246708292194
12,0.00356402899754,0.0108730952956,0.116758670226,0.208258118483,0.0636873670259,0.102674974236,0.0201264897711,0.100813314963,0.0260210851099,0.0155462396389,0.110707324578,0.220969291675,1,0.4,45,17,10,3,20,4.57986700674e-05,9.89251273456e-06,4.57986700674e-05,0.000446295413666,0.0014177242031,0.000294516836193,4.57986700674e-05,9.89251273456e-06,4.57986700674e-05,0.252367048923,0.492904388174,0.252367046745
13,0.0821206611427,0.0107678455632,0.0105387689795,0.0266649564648,0.169895384568,0.0763069868111,0.0771306860378,0.205445306154,0.0686083573908,0.000282767017432,0.175293039854,0.0969452400163,1,0.4,45,17,10,3,20,0.000135166561808,2.91959773506e-05,0.000135166561808,0.01027760445,0.00337710761118,0.00214840867565,0.000135166561808,2.91959773506e-05,0.000135166561808,0.248815260687,0.485967301835,0.24881525854
14,0.0239087554193,0.00204891442158,0.0198363370358,0.0783747064496,0.0603086879033,0.0327018451156,0.0667391516734,0.212145037752,0.061455608283,0.0112764167871,0.224034635237,0.207169903922,1,0.4,45,17,10,3,20,7.61886181087e-05,1.64567415115e-05,7.61886181087e-05,0.00939084514842,0.00115886246547,0.0011654554967,7.61886181087e-05,1.64567415115e-05,7.61886181087e-05,0.249915490986,0.488116189119,0.249915488829
15,0.0881434539813,0.0677580399454,0.0546055112139,0.214986749865,0.00826438040081,0.0251368249474,0.0138140050429,0.14989418413,0.010060272728,0.248991293075,0.101045217647,0.017300067023,1,0.4,45,17,10,3,20,1.05328969923e-06,2.27510575033e-07,1.05328969923e-06,3.71979638516e-06,2.93767708444e-05,2.31900504194e-06,1.05328969923e-06,2.27510575033e-07,1.05328969923e-06,0.252954288745,0.494051340941,0.252954286562
16,0.0170097596682,0.199741262158,0.0104852711891,0.251016467702,0.118442181796,0.11104796213,0.0616053863516,0.0843644788715,0.00483937790822,0.00157916336304,0.133188386271,0.00668030259244,1,0.4,45,17,10,3,20,0.000791749768737,0.000171017950047,0.000791749768737,0.0579469998016,0.0134375089002,0.0021618737162,0.000791749768737,0.000171017950047,0.000791749768737,0.233472148884,0.456000286854,0.233472146869
17,0.096214536338,0.0104435211001,0.163613833176,0.00999559465791,0.00557274162344,0.0657562593547,0.110982569622,0.0832541594232,0.00394989224563,0.0543831649273,0.125537259901,0.270296467631,1,0.4,45,17,10,3,20,6.51010324081e-05,1.40618230002e-05,6.51010324081e-05,0.00738542609833,0.000655145115563,0.000547742052473,6.51010324081e-05,1.40618230002e-05,6.51010324081e-05,0.250718903487,0.489685354148,0.250718901324
18,0.0495847257792,0.00689624484033,0.0550974459619,0.124426101657,0.00456800844878,0.0864518386861,0.290509473452,0.0896848613264,0.0191351811004,0.113373109526,0.112260849322,0.0480121598992,1,0.4,45,17,10,3,20,0.000300967920778,6.5009070888e-05,0.000300967920778,0.0324981049145,0.00110597429527,0.00272076048881,0.000300967920778,6.5009070888e-05,0.000300967920778,0.243438109516,0.475465053545,0.243438107415
19,0.242886387272,0.170452243483,0.132834822689,0.106207859107,0.0409308818999,0.0291745048545,0.00508978325223,0.012990483017,0.0077348974034,0.22296094569,0.0165871996645,0.0121499916669,1,0.4,45,17,10,3,20,8.78675157456e-05,1.8979383401e-05,8.78675157456e-05,0.00189832950579,0.00295114621782,0.000665703198966,8.78675157456e-05,1.8979383401e-05,8.78675157456e-05,0.251470772782,0.491153848853,0.251470770613
20,0.0428662163976,0.0423223617892,0.0206994293456,0.0754282046862,0.095654279926,0.324167453254,0.0236849132412,0.0490849891632,0.0135300936421,0.169810041124,0.0218815283631,0.120870489068,1,0.4,45,17,10,3,20,7.30381465837e-05,1.57762396621e-05,7.30381465837e-05,0.0394388810751,0.00353504211107,0.000825825919994,7.30381465837e-05,1.57762396621e-05,7.30381465837e-05,0.24180276414,0.472271019635,0.241802762053
21,0.0872452208477,0.0521115392198,0.0105832522267,0.0402714978761,0.182504710072,0.176278846101,0.013442042457,0.0971228877464,0.0780405412167,0.0637911924127,0.083412538939,0.115195730884,1,0.4,45,17,10,3,20,0.00019440439682,4.19913497132e-05,0.00019440439682,0.0259950122063,0.00379051627586,0.00243730944248,0.00019440439682,4.19913497132e-05,0.00019440439682,0.244595242503,0.477725078892,0.244595240393
22,0.0116636444581,0.0449298953067,0.000993669918344,0.217242377945,0.03012687244,0.115006002782,0.0443008011971,0.133342854481,0.187623356303,0.0589993489278,0.0453397685004,0.110431407741,1,0.4,45,17,10,3,20,0.000265868919598,5.74276866332e-05,0.000265868919598,0.0433943661927,0.00355250305837,0.00621926372094,0.000265868919598,5.74276866332e-05,0.000265868919598,0.239217212224,0.467221113593,0.23921721016
23,0.0754985345816,0.0247912089118,0.0654663404626,0.0361348009509,0.157257304435,0.1684477626,0.0193506901001,0.00153896934341,0.151364467082,0.096855263133,0.121698682273,0.0815959761269,1,0.4,45,17,10,3,20,0.000111864697111,2.41627745761e-05,0.000111864697111,0.00808398845085,0.00435617140073,0.00122879818525,0.000111864697111,2.41627745761e-05,0.000111864697111,0.249381252548,0.487072754681,0.249381250397
24,0.154573801069,0.0764705181331,0.0570386074065,0.0234647998483,0.0220500076053,0.0481715342564,0.0170210409716,0.152451503736,0.107987158496,0.136175878459,0.00446722622642,0.200127923792,1,0.4,45,17,10,3,20,7.88732858849e-05,1.70366297511e-05,7.88732858849e-05,0.00181411711625,0.00119599555723,0.00104144708733,7.88732858849e-05,1.70366297511e-05,7.88732858849e-05,0.251851100143,0.491896675723,0.25185109797
25,0.00171856355105,0.0986850603799,0.0939478728435,0.0686958020395,0.0659018430252,0.0286619638513,0.309386851572,0.0156366664833,0.137547213284,0.148733499919,0.000848815988555,0.0302358470635,1,0.4,45,17,10,3,20,0.000364157660594,7.86580546884e-05,0.000364157660594,0.00289655409692,0.00266205873435,0.00145657451771,0.000364157660594,7.86580546884e-05,0.000364157660594,0.250781564532,0.489807739,0.250781562368
26,0.0900222674556,0.204010226927,0.0712704764261,0.0291508349214,0.0535237078175,0.0357457705718,0.0236222509451,0.0249086566772,0.0342566687074,0.0356736043081,0.383218854822,0.0145966804207,1,0.4,45,17,10,3,20,2.46509953728e-05,5.32461500053e-06,2.46509953728e-05,0.0047823425133,0.0018971760524,0.000177100106624,2.46509953728e-05,5.32461500053e-06,2.46509953728e-05,0.251202310708,0.490629508868,0.25120230854
27,0.398602105008,0.038231241042,0.0289236133034,0.094943399083,4.94632079462e-06,0.0213593608056,0.0837376752398,0.0426765374253,0.0682484882934,0.0169969489547,0.0127106715417,0.193565012982,1,0.4,45,17,10,3,20,0.000332559612218,7.18328762391e-05,0.000332559612218,0.0223909541308,0.00592286826117,0.00279488068564,0.000332559612218,7.18328762391e-05,0.000332559612218,0.244722187878,0.477973019076,0.244722185767
28,0.0266972579436,0.151160042007,0.0349395558911,0.122437087723,0.155576773914,0.133073984325,0.0502963365592,0.0251931648084,0.0146561625103,0.0796572785686,0.134616779021,0.0716955767278,1,0.4,45,17,10,3,20,0.00023584204487,5.09418816918e-05,0.00023584204487,0.0210644523613,0.00614887552607,0.000639647101015,0.00023584204487,5.09418816918e-05,0.00023584204487,0.245654205047,0.479793365093,0.245654202928
29,0.045626968796,0.0745882888202,0.126534654847,0.0556504658052,0.152172591485,0.057875223416,0.00209122961578,0.0695020822673,0.0615572257417,0.11938492879,0.220615743646,0.0144005967693,1,0.4,45,17,10,3,20,0.000158801204223,3.43010601121e-05,0.000158801204223,0.0264685323864,0.00126227502742,0.00119788268077,0.000158801204223,3.43010601121e-05,0.000158801204223,0.245468460831,0.479430583424,0.245468458713
30,0.290472708729,0.0186552592411,0.119475199895,0.00119599613858,0.0267006449336,0.0483349344679,0.0916316924752,0.0173660078549,0.0138415838475,0.195022194612,0.079898659852,0.097405117954,1,0.4,45,17,10,3,20,5.62046232119e-05,1.21401986138e-05,5.62046232119e-05,0.00950855113749,0.00131555948241,0.000419980640136,5.62046232119e-05,1.21401986138e-05,5.62046232119e-05,0.25005706023,0.488392691548,0.250057058072
31,0.0248823168404,0.114877202363,0.0127787710448,0.0815462226706,0.0336052995894,0.0955075271187,0.216617638587,0.019598053791,0.0835397666411,0.185080780343,0.0632586004759,0.0687078205342,1,0.4,45,17,10,3,20,0.000140329770428,3.03112304124e-05,0.000140329770428,0.0186929161101,0.000604394604543,0.00392636158652,0.000140329770428,3.03112304124e-05,0.000140329770428,0.24693233643,0.482289715428,0.246932334299
32,0.138382096717,0.0316869304889,0.0721929329328,0.322238916567,0.0628961529653,0.00774557247825,0.0710050968191,0.100467959248,0.0369057154156,0.128372634789,0.0221634514123,0.00594254016721,1,0.4,45,17,10,3,20,2.93329159441e-07,6.33590984393e-08,2.93329159441e-07,2.30729434676e-06,6.51620218112e-06,7.56370315302e-07,2.93329159441e-07,6.33590984393e-08,2.93329159441e-07,0.25296167628,0.494065769721,0.252961674097
33,0.137165984785,0.0561284376505,0.0294061293055,0.221288771708,0.0939593702581,0.110271468013,0.0340978520968,0.00458291110707,0.23909176576,0.0349518218751,0.0203626856513,0.018692801791,1,0.4,45,17,10,3,20,0.00125428123511,0.000270924746784,0.00125428123511,0.021904002045,0.0123912041159,0.0200269298112,0.00125428123511,0.000270924746784,0.00125428123511,0.237816637636,0.464485616374,0.237816635584
34,0.0159605193951,0.004439596482,0.148116705195,0.135991463131,0.0712222334712,0.0349967887328,0.0907625869905,0.0559216742004,0.0828987285851,0.276247336754,0.0623299439543,0.0211124231081,1,0.4,45,17,10,3,20,0.000202041259547,4.36409120621e-05,0.000202041259547,0.00773874948128,0.00177061607426,0.000915416226535,0.000202041259547,4.36409120621e-05,0.000202041259547,0.250100813338,0.488478146837,0.25010081118
35,0.174158098716,0.122784549483,0.0274309689076,0.287250570588,0.0197412073033,0.0378887457339,0.103511860544,0.00180518911722,0.0125635230631,0.17145227828,0.0392527775915,0.00216023067337,1,0.4,45,17,10,3,20,0.000368493541731,7.9594605014e-05,0.000368493541731,0.0123964468793,0.00505951877785,0.00340597302452,0.000368493541731,7.9594605014e-05,0.000368493541731,0.247273967872,0.482956964332,0.247273965738
36,0.0783172857416,0.13867264118,0.0673174962678,0.0978488938367,0.0736751615123,0.189925327555,0.0589827093762,0.0292470008426,0.0621182203797,0.116512518882,0.0185942700767,0.0687884743494,1,0.4,45,17,10,3,20,0.000498446863142,0.000107664522439,0.000498446863142,0.0494836270461,0.0036020464747,0.00310113193011,0.000498446863142,0.000107664522439,0.000498446863142,0.238192337485,0.465219405137,0.23819233543
37,0.123778711601,0.00189142153886,0.0390828103784,0.0263933295557,0.0602570115152,0.20897535231,0.0850116139245,0.0145992193145,0.0128256400147,0.135717607143,0.251989609901,0.0394776728048,1,0.4,45,17,10,3,20,0.000135174954911,2.91977902609e-05,0.000135174954911,0.00408568088627,0.00127367016444,0.000799729334325,0.000135174954911,2.91977902609e-05,0.000135174954911,0.251254850433,0.490732125517,0.251254848265
38,0.199185780704,0.00112494968479,0.0170692514009,0.11265089327,0.0670642140076,0.00843071342047,0.0642600033665,0.149195808173,0.0565159423719,0.0584379369956,0.14784047818,0.118224028425,1,0.4,45,17,10,3,20,5.02417221534e-05,1.08522119851e-05,5.02417221534e-05,0.000848457289989,0.000957584410021,0.00117456757446,5.02417221534e-05,1.08522119851e-05,5.02417221534e-05,0.252154112465,0.492488496659,0.252154110289
39,0.0515303680536,0.0276856212579,0.1458758524,0.00555864477572,0.0158010842049,0.0367885566853,0.34451708463,0.067909134097,0.115810857788,0.0908115356276,0.0488086302946,0.0489026301843,1,0.4,45,17,10,3,20,0.000117689290147,2.54208866717e-05,0.000117689290147,0.0732051727501,0.00642822232411,0.00182370199794,0.000117689290147,2.54208866717e-05,0.000117689290147,0.232226734523,0.453567836952,0.232226732519
40,0.0643676179215,0.176955475274,0.0360366533889,0.0279572376777,0.0117392942405,0.22861015304,0.223843127761,0.0979979863868,0.0433200328006,0.0518821961685,0.0328962937693,0.00439393157157,1,0.4,45,17,10,3,20,0.00156976097616,0.00033906837085,0.00156976097616,0.095683427495,0.0069015320307,0.0157532810452,0.00156976097616,0.00033906837085,0.00156976097616,0.221269143885,0.432166292922,0.221269141976
41,0.0504529118939,0.100742265206,0.00468279933604,0.0455956702069,0.0882318071259,0.0971361676099,0.125427652316,0.0182544875872,0.0117343676178,0.0565398592064,0.123409395549,0.277792616345,1,0.4,45,17,10,3,20,9.40450967257e-05,2.03137408928e-05,9.40450967257e-05,0.00391054636115,0.00163786355613,0.000514141744219,9.40450967257e-05,2.03137408928e-05,9.40450967257e-05,0.251325381027,0.490869880584,0.251325378859
42,0.031793235719,0.000682562738733,0.301030965788,0.32048178682,0.0301423968477,0.123544397343,0.0107085475172,0.0303205111801,0.00749768085886,0.118592641804,0.00232134142215,0.0228839319618,1,0.4,45,17,10,3,20,0.000719320188781,0.000155373160777,0.000719320188781,0.0671537411776,0.0106316744728,0.00337367039417,0.000719320188781,0.000155373160777,0.000719320188781,0.231627609241,0.452397670395,0.231627607242
43,0.00746836208718,0.129729125188,0.0998747046974,0.0823222815349,0.0233387989641,0.0474184247871,0.079661929357,0.227395700006,0.000517291760576,0.122029404016,0.156354047178,0.0238899304248,1,0.4,45,17,10,3,20,0.000132126607429,2.85393472046e-05,0.000132126607429,0.0180570374712,0.00368365016797,0.00202465201409,0.000132126607429,2.85393472046e-05,0.000132126607429,0.246804510738,0.482040055876,0.246804508609
44,0.25977995884,0.0243766189757,0.0259483280974,0.0570839353157,0.000101502992817,0.0737829885096,0.0246951721778,0.225253362849,0.0286006952622,0.130256918187,0.0211418630901,0.128978655703,1,0.4,45,17,10,3,20,0.000149639077809,3.23220408066e-05,0.000149639077809,0.0043916278701,0.00252344627074,0.000941166299437,0.000149639077809,3.23220408066e-05,0.000149639077809,0.250809313027,0.489861935278,0.250809310862
45,0.210780618015,0.0270317773583,0.118802750112,0.0700653569986,0.156685490922,0.0199881832887,0.0482322001817,0.0278612476065,0.0786371003196,0.0471536413052,0.160491645177,0.0342699887147,1,0.4,45,17,10,3,20,0.000159872312127,3.45324194195e-05,0.000159872312127,0.0307138442288,0.000722523463875,0.00522592768127,0.000159872312127,3.45324194195e-05,0.000159872312127,0.243510932931,0.475607286777,0.24351093083
46,0.100911341109,0.128587402145,0.142412768197,0.0588798157769,0.015050805476,0.0292535766347,0.152248303656,0.0746498308044,0.0768228514482,0.0252016559701,0.109885771755,0.0860958770278,1,0.4,45,17,10,3,20,0.000361022442034,7.79808474794e-05,0.000361022442034,0.0321024924575,0.00488185207365,0.00405070513446,0.000361022442034,7.79808474794e-05,0.000361022442034,0.242179264517,0.473006371928,0.242179262427
47,0.0271127845102,0.00158361336041,0.0104688193897,0.0479691078956,0.155708987621,0.193867632695,0.107641668689,0.0348669327246,0.218443876819,0.0171709133074,0.11302793573,0.0721377272576,1,0.4,45,17,10,3,20,8.72022785821e-05,1.88356921737e-05,8.72022785821e-05,0.00376245087187,0.00762646896317,0.000717840836357,8.72022785821e-05,1.88356921737e-05,8.72022785821e-05,0.249804082895,0.487898595195,0.24980408074
48,0.0472213998543,0.152081912371,0.0555699367381,0.221481351449,0.19382954991,0.00981426637111,0.0437954847571,0.0772992652437,0.00415696855394,0.135675797576,0.00645815594786,0.0526159112277,1,0.4,45,17,10,3,20,0.000160823916495,3.4737965963e-05,0.000160823916495,0.00151433106797,0.00370322547614,0.00145859815927,0.000160823916495,3.4737965963e-05,0.000160823916495,0.251095292989,0.490420489887,0.251095290822
49,0.00843177301129,0.0757118630134,0.0106503509701,0.193199733949,0.197676926261,0.0536281792563,0.0415682787682,0.089644231855,0.00773033967192,0.257473264143,0.024192822598,0.0400922365028,1,0.4,45,17,10,3,20,0.000154989611397,3.34777560617e-05,0.000154989611397,0.0107544798685,0.0031009189494,0.00233531076371,0.000154989611397,3.34777560617e-05,0.000154989611397,0.248694990115,0.485732398377,0.248694987969
50,0.0518558729113,0.00469229230807,0.060865275813,0.0742405730315,0.0104224320159,0.0470427017901,0.243749587736,0.265277261569,0.0108122607278,0.0705695161536,0.121713598225,0.0387586277192,1,0.4,45,17,10,3,20,0.000322470131896,6.96535484896e-05,0.000322470131896,0.0124875660402,0.00311917789616,0.00458771443581,0.000322470131896,6.96535484896e-05,0.000322470131896,0.247494415256,0.483387525626,0.247494413121
51,0.103275497591,0.171091796164,0.158824617464,0.0207842475318,0.0534499803944,0.0177128352584,0.221698242903,0.0370103522262,0.0221878523833,0.123886602567,0.0247529672801,0.0453250082369,1,0.4,45,17,10,3,20,0.000357625219531,7.72470474187e-05,0.000357625219531,0.00474199147938,0.00221040808261,0.000549006416922,0.000357625219531,7.72470474187e-05,0.000357625219531,0.250665892284,0.489581816643,0.250665890121
52,0.261411103524,0.00115624565219,0.0304738913206,0.0358993392385,0.0902932032687,0.134714762183,0.0105022805635,0.0174400801512,0.0700530845731,0.0363643135708,0.0699808836764,0.241710812278,1,0.4,45,17,10,3,20,8.46949882108e-05,1.82941174535e-05,8.46949882108e-05,0.00244918845592,0.000534180642872,0.0021296644141,8.46949882108e-05,1.82941174535e-05,8.46949882108e-05,0.251576058108,0.491359484253,0.251576055938
53,0.0777886579075,0.00257683574389,0.0316413924201,0.080212364227,0.288326626159,0.00374462302075,0.0191683770069,0.028237110036,0.0320626065914,0.0874932831459,0.0022428461391,0.346505277602,1,0.4,45,17,10,3,20,5.88050469068e-05,1.27018901319e-05,5.88050469068e-05,0.0258708829846,0.000504304890081,0.000579819646585,5.88050469068e-05,1.27018901319e-05,5.88050469068e-05,0.246079841842,0.48062468695,0.246079839719
54,0.20076088754,0.101981327448,0.217968546043,0.0309920148509,0.0364835671459,0.0678316054115,0.004536181494,0.0174391378423,0.0493344891251,0.00170751292108,0.149245050145,0.121719680033,1,0.4,45,17,10,3,20,0.000196725502289,4.24927084945e-05,0.000196725502289,0.0280857944853,0.00366547266524,0.000947177985526,0.000196725502289,4.24927084945e-05,0.000196725502289,0.244472328517,0.477485012514,0.244472326407
55,0.0837176428033,0.135965121176,0.00666286295907,0.0035129042274,0.258705159354,0.122518298268,0.0104032955255,0.0786846628687,0.0430159261657,0.101006566058,0.0357733944503,0.120034166144,1,0.4,45,17,10,3,20,0.000187762875983,4.05567812122e-05,0.000187762875983,0.030101851379,0.000555242680544,0.00449471868095,0.000187762875983,4.05567812122e-05,0.000187762875983,0.243861762127,0.476292500044,0.243861760023
56,0.0416870198086,0.141442546306,0.0409697887625,0.130502778839,0.0801831006163,0.110232537922,0.0221553709563,0.0936672031102,0.150127020982,0.0890868096803,0.0892901229338,0.0106557000833,1,0.4,45,17,10,3,20,0.000335046089706,7.23699553766e-05,0.000335046089706,0.00828035127911,0.00646396817708,0.000844053881974,0.000335046089706,7.23699553766e-05,0.000335046089706,0.248645491536,0.485635721466,0.24864548939
57,0.0665061061233,0.133621851826,0.0703175145554,0.0282599314956,0.00519257369873,0.0786569657061,0.143954154965,0.0378219857307,0.0496937359945,0.0211527211982,0.127482529927,0.237339928779,1,0.4,45,17,10,3,20,9.14813233516e-05,1.97599658439e-05,9.14813233516e-05,0.00913969162117,0.00128012361309,0.00121535909255,9.14813233516e-05,1.97599658439e-05,9.14813233516e-05,0.249918580064,0.488122222476,0.249918577908
58,0.096890461281,0.0227258756476,0.048676477959,0.0247484794235,0.0430799043078,0.0772538846851,0.0206476330401,0.140298858816,0.0648689598878,0.0544482964066,0.161794385826,0.244566782719,1,0.4,45,17,10,3,20,5.17317651764e-05,1.11740612781e-05,5.17317651764e-05,0.0057394436136,0.00069747822853,0.00114927423897,5.17317651764e-05,1.11740612781e-05,5.17317651764e-05,0.250987392286,0.490209746329,0.25098739012
59,0.00431932479657,0.0468268627732,0.182323081076,0.0678181723865,0.0739337376816,0.101942289232,0.0122463841233,0.0226701961595,0.199410950971,0.0463761916046,0.141620080033,0.100512729163,1,0.4,45,17,10,3,20,9.90736115453e-05,2.13999000938e-05,9.90736115453e-05,0.0145477458056,0.00266829180207,0.00277960573333,9.90736115453e-05,2.13999000938e-05,9.90736115453e-05,0.247795166793,0.483974930966,0.247795164654
60,0.0171039930727,0.0473117456143,0.189530916621,0.039884224149,0.137398907763,0.0230464554478,0.184076300801,0.136785379475,0.0162400907714,0.0210933313056,0.180775013449,0.00675364153069,1,0.4,45,17,10,3,20,0.000251725807813,5.43727744877e-05,0.000251725807813,0.00848634347114,0.00324235694519,0.00351606817639,0.000251725807813,5.43727744877e-05,0.000251725807813,0.248825824877,0.48598793502,0.24882582273
61,0.172480085923,0.140517431604,0.214049748576,0.0146111586727,0.0520766061733,0.113023798024,0.0432863833907,0.068526771105,0.136085973998,0.00141655476634,0.0169799742353,0.026945513531,1,0.4,45,17,10,3,20,0.00255403984867,0.000551672607313,0.00255403984867,0.0907446815786,0.0589313545489,0.00956274532668,0.00255403984867,0.000551672607313,0.00255403984867,0.209819249147,0.409803217454,0.209819247336
62,0.041691461201,0.0816959347379,0.0423181274199,0.00753823696964,0.0667029707657,0.00334209271581,0.0480960606567,0.115943174086,0.141419603409,0.394355592299,0.0488469486005,0.00804979713815,1,0.4,45,17,10,3,20,7.64133626663e-05,1.65052863359e-05,7.64133626663e-05,0.00945641830415,0.000735183252759,0.0013458337263,7.64133626663e-05,1.65052863359e-05,7.64133626663e-05,0.249960197834,0.488203507182,0.249960195677
63,0.0113523069865,0.114136500807,0.000203882242354,0.0369271178452,0.0780421908861,0.0107017689367,0.146724044915,0.107773775193,0.0172131860275,0.0408213701106,0.374840516369,0.0612633396806,1,0.4,45,17,10,3,20,4.4309953115e-05,9.57094987285e-06,4.4309953115e-05,0.000740397248719,0.000477092916487,0.000252673537858,4.4309953115e-05,9.57094987285e-06,4.4309953115e-05,0.2525428518,0.493247753165,0.25254284962
64,0.0987976217902,0.0818683581039,0.0470793562643,0.0323757454915,0.00588424372669,0.0107549442292,0.0354698668004,0.00977855415553,0.0754361052641,0.0959188254161,0.350398499197,0.156237879561,1,0.4,45,17,10,3,20,1.94581866166e-05,4.20296830919e-06,1.94581866166e-05,0.000905834247508,8.10503740957e-05,0.000687264455638,1.94581866166e-05,4.20296830919e-06,1.94581866166e-05,0.252519113024,0.49320138837,0.252519110845
65,0.190971811725,0.0920968679794,0.102656389604,0.0457260752679,0.0249427996918,0.126019446146,0.0966468432523,0.149142157068,0.0414933598966,0.0495283728164,0.0179485102942,0.0628273662584,1,0.4,45,17,10,3,20,0.000356705276846,7.70483397988e-05,0.000356705276846,0.0402080780492,0.0147097188166,0.00186350433827,0.000356705276846,7.70483397988e-05,0.000356705276846,0.238200863135,0.465236056795,0.238200861079
66,0.0266812644921,0.190112531578,0.0762738106917,0.0274673548456,0.0505634562917,0.166960686587,0.143864173373,0.147132943779,0.0166361717616,0.0882040583499,0.022267346794,0.0438362014552,1,0.4,45,17,10,3,20,0.000372571603963,8.04754664561e-05,0.000372571603963,0.061083270486,0.00925517942715,0.00757834578549,0.000372571603963,8.04754664561e-05,0.000372571603963,0.232836546501,0.45475887596,0.232836544492
67,0.114918034977,0.169935882995,0.0801206316326,0.0274444839268,0.128294229545,0.00783836324438,0.152003407069,0.0155633495421,0.0951051318406,0.0104878932772,0.0392367820437,0.159051809907,1,0.4,45,17,10,3,20,0.000202057175756,4.36443499632e-05,0.000202057175756,0.0322380185087,0.00250823155643,0.00104294882353,0.000202057175756,4.36443499632e-05,0.000202057175756,0.243684500216,0.475946285378,0.243684498114
68,0.100468360458,0.182851129592,0.0131627616305,0.055102311445,0.000401442905184,0.0285529927234,0.0685657261845,0.1259336976,0.00507693735199,0.0377368242684,0.267016387464,0.115131428378,1,0.4,45,17,10,3,20,7.80935998361e-05,1.68682175646e-05,7.80935998361e-05,0.00413376550903,0.00132011749923,0.000420273986547,7.80935998361e-05,1.68682175646e-05,7.80935998361e-05,0.251390922011,0.490997890317,0.251390919842
69,0.0164450674876,0.127991912111,0.0738020210501,0.0193612767681,0.091824089382,0.0388335133471,0.259450979855,0.0119934207041,0.258767064196,0.0180924801075,0.0217503454027,0.0616878295887,1,0.4,45,17,10,3,20,0.001257505705,0.00027162123228,0.001257505705,0.0680508061297,0.0152266483478,0.00778347697822,0.001257505705,0.00027162123228,0.001257505705,0.228519414155,0.446326976921,0.228519412183
70,0.0416384197173,0.149440379484,0.00899412954637,0.0675978704264,0.0184045463429,0.10059475776,0.0219185619155,0.114908330062,0.0156101886889,0.267632421369,0.0428385651092,0.150421829578,1,0.4,45,17,10,3,20,0.000133545439788,2.88458149942e-05,0.000133545439788,0.0034608994459,0.000642809050577,0.000747895740535,0.000133545439788,2.88458149942e-05,0.000133545439788,0.251587422301,0.491381679942,0.25158742013
71,0.0182937279148,0.0936944410667,0.189020038213,0.278534293737,0.0524321066318,0.0145648456799,0.00523270971203,0.00259513086192,0.0115881444656,0.0826518008304,0.0270037966449,0.224388964242,1,0.4,45,17,10,3,20,8.47581325333e-05,1.83077566272e-05,8.47581325333e-05,0.0347633143857,0.00127071011721,0.00236922219872,8.47581325333e-05,1.83077566272e-05,8.47581325333e-05,0.243154747561,0.474911612232,0.243154745463
72,0.134329899104,0.0952814255672,0.027508863108,0.0435892457512,0.132859440856,0.0999264032616,0.0699177366228,0.0611614985505,0.0467510051543,0.0814929948462,0.0827577677121,0.124423719466,1,0.4,45,17,10,3,20,0.000123872363135,2.67564304372e-05,0.000123872363135,0.024099098263,0.00308211868701,0.00253149339587,0.000123872363135,2.67564304372e-05,0.000123872363135,0.24530929166,0.479119706138,0.245309289543
73,0.167197976723,0.0373140663547,0.0279347227451,0.000110894883332,0.298500737738,0.0521108412679,0.106473685061,0.000772654259602,0.0374541397504,0.0216392644174,0.193661749926,0.0568292668745,1,0.4,45,17,10,3,20,0.000102678594388,2.21785763878e-05,0.000102678594388,0.044058174078,0.0045720838437,0.000939591110248,0.000102678594388,2.21785763878e-05,0.000102678594388,0.240309903067,0.469355275378,0.240309900993
74,0.0910288759813,0.0420884953439,0.170544775699,0.0300828193953,0.0736567324204,0.0139620317685,0.000295412984825,0.0300770533038,0.00899651483657,0.133453520847,0.192249757686,0.213564009734,1,0.4,45,17,10,3,20,2.75063017398e-05,5.9413611758e-06,2.75063017398e-05,0.00105448262657,0.000100334654787,0.00104276176596,2.75063017398e-05,5.9413611758e-06,2.75063017398e-05,0.252377680811,0.49292515358,0.252377678633
75,0.00823176517567,0.00829276310313,0.05984568592,0.146493169685,0.0428439532401,0.0360308789819,0.0647606953074,0.0328294963378,0.145295674667,0.211223147233,0.195168460741,0.0489843096082,1,0.4,45,17,10,3,20,7.57807563492e-05,1.63686433714e-05,7.57807563492e-05,0.0052773897284,0.00138681052933,0.00100884571097,7.57807563492e-05,1.63686433714e-05,7.57807563492e-05,0.250938460108,0.490114175669,0.250938457942
76,0.119731249488,0.123987388477,0.00019996230356,0.0347716200096,0.166539743964,0.0206769214386,0.124150102491,0.149677815531,0.0515461161444,0.10514205068,0.0765900566529,0.0269869728195,1,0.4,45,17,10,3,20,0.000260159902422,5.61945389232e-05,0.000260159902422,0.0140320115009,0.00534788367062,0.00304959926416,0.000260159902422,5.61945389232e-05,0.000260159902422,0.246998889023,0.482419700961,0.246998886892
77,0.164251586357,0.039484069344,0.0126519632861,0.0268933049852,0.0447947534983,0.000191801705579,0.0610373763726,0.159332318676,0.0273004634633,0.000391599034726,0.159166420089,0.304504343188,1,0.4,45,17,10,3,20,3.61046311651e-05,7.79860033166e-06,3.61046311651e-05,0.0010127496682,0.000679139801036,0.000502504532655,3.61046311651e-05,7.79860033166e-06,3.61046311651e-05,0.252368846597,0.492907899257,0.252368844419
78,0.104350605733,0.000218763984712,0.0848632553252,0.0112906710026,0.129848578171,0.0391583917098,0.124362431036,0.239986619578,0.138875865592,0.0102456766497,0.0472127204126,0.0695864208045,1,0.4,45,17,10,3,20,0.000371101087407,8.015783488e-05,0.000371101087407,0.0892839633386,0.00243960192448,0.00400297568211,0.000371101087407,8.015783488e-05,0.000371101087407,0.228332963125,0.445962814756,0.228332961155
79,0.0348978718973,0.146618848368,0.203871061416,0.106652759077,0.275841805293,0.0655555830357,0.0223361064861,0.0379010384437,0.00325089597205,0.0611991519119,0.0244858373684,0.0173890407305,1,0.4,45,17,10,3,20,0.000984415694365,0.000212633789983,0.000984415694365,0.0869804322383,0.00864373549634,0.0115709066287,0.000984415694365,0.000212633789983,0.000984415694365,0.224744221598,0.438953554022,0.224744219659
80,0.0863535508693,0.000109217339252,0.0008130241761,0.280429945667,0.0155335145814,0.106501574298,0.0330056294748,0.0628531712479,0.0571166517553,0.301378476275,0.0442914838504,0.0116137604657,1,0.4,45,17,10,3,20,0.00011480306075,2.47974611219e-05,0.00011480306075,0.00352696300168,0.00116225320696,0.0023558990017,0.00011480306075,2.47974611219e-05,0.00011480306075,0.251053554851,0.490338970088,0.251053552685
81,0.0162401929135,0.0032957176422,0.0124093576681,0.0774966465178,0.052513746876,0.134485590231,0.143915085747,0.159246181287,0.076407785829,0.200102552698,0.120061475434,0.00382566715572,1,0.4,45,17,10,3,20,4.33341688603e-08,9.36018047381e-09,4.33341688603e-08,3.76582829778e-07,4.09579057538e-07,9.11158359526e-08,4.33341688603e-08,9.36018047381e-09,4.33341688603e-08,0.252964158004,0.494070616839,0.252964155822
82,0.0332993146927,0.0334380387313,0.0824870700899,0.0124761185788,0.00121922649339,0.295330499304,0.123073998696,0.0286655853529,0.0118962799112,0.0465377713746,0.193484266603,0.138091830172,1,0.4,45,17,10,3,20,2.83695211792e-06,6.1278165747e-07,2.83695211792e-06,5.12353401543e-06,5.98961179703e-06,2.85513915153e-05,2.83695211792e-06,6.1278165747e-07,2.83695211792e-06,0.252951214175,0.494045335923,0.252951211993
83,0.0120466508563,0.0200729346062,0.135513941018,0.0608655617075,0.0269771632439,0.117364162908,0.223382098554,0.159118633335,0.0195226578717,0.136677821306,0.00385429826872,0.0846040763253,1,0.4,45,17,10,3,20,0.000218206198521,4.71325388805e-05,0.000218206198521,0.0315268831049,0.00270466142248,0.00540334472504,0.000218206198521,4.71325388805e-05,0.000218206198521,0.242693572063,0.474010878845,0.242693569968
84,0.116112200025,0.155604948565,0.220892288656,0.0331864956272,0.00343166056388,0.128015570982,0.0308390828621,0.114307506009,0.0863729069977,0.0543410019073,0.0117192924597,0.0451770453443,1,0.4,45,17,10,3,20,0.000573098663173,0.000123789311245,0.000573098663173,0.0653915955642,0.0194462269697,0.00876419686226,0.000573098663173,0.000123789311245,0.000573098663173,0.228643924276,0.446570160749,0.228643922303
85,0.114261493549,0.0157653818499,0.225937546053,0.0211586183245,0.104027969133,0.111291641109,0.0579376074258,0.00767013805616,0.0247379897233,0.220044515434,0.0832358405453,0.0139312587974,1,0.4,45,17,10,3,20,6.83223772152e-05,1.47576334785e-05,6.83223772152e-05,0.000901925909477,0.00114854505007,0.000800455367516,6.83223772152e-05,1.47576334785e-05,6.83223772152e-05,0.252166646722,0.492512977629,0.252166644546
86,0.029500524047,0.00903394697786,0.0466826145203,0.0183169177728,0.331100188555,0.0818193213181,0.0313406258812,0.15350886648,0.00798269884795,0.118233484723,0.124918127059,0.0475626838178,1,0.4,45,17,10,3,20,0.000114905889515,2.48196721352e-05,0.000114905889515,0.0100190381204,0.00249317234012,0.00135085347182,0.000114905889515,2.48196721352e-05,0.000114905889515,0.249328741064,0.486970193189,0.249328738913
87,0.0284931253806,0.00756260489622,0.113895697715,0.00775034676082,0.128701694363,0.0247885437317,0.208522187941,0.00875822449311,0.00314944861117,0.370288705005,0.0349498624979,0.0631395586055,1,0.4,45,17,10,3,20,5.02689585729e-05,1.08580950518e-05,5.02689585729e-05,0.00573910833368,0.000685107049538,0.00153977345703,5.02689585729e-05,1.08580950518e-05,5.02689585729e-05,0.250893464165,0.49002629297,0.250893462
88,0.0484466373072,0.0940223292913,0.166160552146,0.0159902543083,0.329936192631,0.0315520185803,0.0693734658978,0.127328286632,0.0198083109336,0.0606392275203,0.0364979314211,0.000244793330278,1,0.4,45,17,10,3,20,0.00102989092306,0.000222456439381,0.00102989092306,0.0350684347093,0.0164862246902,0.00679988192051,0.00102989092306,0.000222456439381,0.00102989092306,0.237048155105,0.462984673944,0.23704815306
89,0.0111473528815,0.0361446912342,0.194972503442,0.180374142181,0.0698318881027,0.0274686875825,0.0815021131319,0.108878763555,0.154076866532,0.0363580696133,0.0875648217708,0.0116800999735,1,0.4,45,17,10,3,20,0.000550526338589,0.000118913689135,0.000550526338589,0.0850092939951,0.00408777926348,0.00778874649694,0.000550526338589,0.000118913689135,0.000550526338589,0.227838546294,0.44499715689,0.227838544328
90,0.059895101943,0.216542204318,0.0310704827367,0.011298676566,0.0251589663831,0.16238263975,0.0217523114105,0.115565971021,0.0310028467216,0.196578750427,0.0472227603469,0.0815292883759,1,0.4,45,17,10,3,20,0.000130448284217,2.81768293909e-05,0.000130448284217,0.0199301569449,0.00132263846442,0.00181415780844,0.000130448284217,2.81768293909e-05,0.000130448284217,0.246983059296,0.482388783525,0.246983057165
91,0.347358376945,0.0659150748803,0.0400399057494,0.067912039706,0.0279801978577,0.0556033154895,0.159759554165,0.0862925713701,0.0207797884017,0.0503553059998,0.0741702663189,0.00383360311701,1,0.4,45,17,10,3,20,0.000440432158037,9.51333461361e-05,0.000440432158037,0.0086368360465,0.00985622733754,0.00453496207094,0.000440432158037,9.51333461361e-05,0.000440432158037,0.246645371827,0.481729237694,0.246645369699
92,0.166756536128,0.177169715894,0.00522923626978,0.00719182757533,0.0305433714242,0.0334642633703,0.0282079330569,0.139512945739,0.161945661122,0.0064877536005,0.125094172934,0.118396582886,1,0.4,45,17,10,3,20,0.000177062021389,3.824539662e-05,0.000177062021389,0.0452349142313,0.00323887420504,0.00120940834532,0.000177062021389,3.824539662e-05,0.000177062021389,0.240197836006,0.469136394401,0.240197833933
93,0.0803331846053,0.0620093722389,0.0119475995908,0.0911125521512,0.0306926392709,0.1671146847,0.144062337543,0.068645844228,0.07782642196,0.0855233362318,0.0906248014328,0.0901072260466,1,0.4,45,17,10,3,20,0.000115822578879,2.50176770378e-05,0.000115822578879,0.00515080491632,0.00354988527857,0.00201464002658,0.000115822578879,2.50176770378e-05,0.000115822578879,0.250123977988,0.488523390292,0.250123975829
94,0.0627038279182,0.0175101340105,0.130506510629,0.0543307124869,0.318213438104,0.0633204428377,0.0921486207081,0.063319385454,0.0638992660038,0.0777371708659,0.0144850408401,0.0418254501418,1,0.4,45,17,10,3,20,0.000484602379523,0.000104674113977,0.000484602379523,0.0160545565921,0.0132638376549,0.00407163618035,0.000484602379523,0.000104674113977,0.000484602379523,0.243974632232,0.476512949467,0.243974630127
