run_ID,t1_initial,t2_initial,t3_initial,t4_initial,t5_initial,t6_initial,t7_initial,t8_initial,t9_initial,t10_initial,t11_initial,t12_initial,alpha,prior_cost_c,lambda,k,sample_amount,learning_parameter,generations,t1_final,t2_final,t3_final,t4_final,t5_final,t6_final,t7_final,t8_final,t9_final,t10_final,t11_final,t12_final
0,0.0551957041561,0.0608645364442,0.0701493738816,0.0036509881873,0.00399689509871,0.00372915002357,0.401730665805,0.0544623175675,0.0480452544093,0.0835159524445,0.188465710482,0.0261934515003,1,0.4,46,17,10,3,20,9.5699451537e-05,2.0671081532e-05,9.5699451537e-05,0.00700282921951,0.00362951819632,0.00140514272784,9.5699451537e-05,2.0671081532e-05,9.5699451537e-05,0.249812078735,0.487914213725,0.249812077427
1,0.00944712743614,0.0105672819905,0.215202899701,0.0307262755353,0.181512641549,0.00485928202741,0.148855530683,0.0443072396196,0.0690602017922,0.249586015066,0.0156532821847,0.0202222224159,1,0.4,46,17,10,3,20,0.000293482070424,6.33921272116e-05,0.000293482070424,0.0343466612114,0.00253556103462,0.00123661910214,0.000293482070424,6.33921272116e-05,0.000293482070424,0.242992682971,0.474595081445,0.2429926817
2,0.0702524435019,0.0266694954332,0.0471046539027,0.100494668627,0.0942480158132,0.00937083340919,0.105727828038,0.0254047887171,0.0399876311666,0.105288682418,0.230991519521,0.144459439453,1,0.4,46,17,10,3,20,4.36072628439e-05,9.41916877428e-06,4.36072628439e-05,0.000606166715804,0.000792954027115,0.000138492110567,4.36072628439e-05,9.41916877428e-06,4.36072628439e-05,0.252526576736,0.493215967607,0.252526575415
3,0.0508666399434,0.141256477162,0.110388104832,0.000754513221274,0.0654618208276,0.0132777109404,0.069280034484,0.206692546467,0.0156216600128,0.120434336521,0.0136429484715,0.192323207116,1,0.4,46,17,10,3,20,7.73144497451e-05,1.66999211449e-05,7.73144497451e-05,0.00352921731004,0.00078635337741,0.00115513318217,7.73144497451e-05,1.66999211449e-05,7.73144497451e-05,0.251493854198,0.49119893141,0.251493852882
4,0.0480513701866,0.218518457148,0.00294253546854,0.0365418301775,0.0217208730671,0.0399327131406,0.0891586771016,0.0425893654674,0.0639917469997,0.0870476861006,0.158028662359,0.191476082784,1,0.4,46,17,10,3,20,5.36103277185e-05,1.15798307872e-05,5.36103277185e-05,0.00899747272706,0.000708490033118,0.000937152927114,5.36103277185e-05,1.15798307872e-05,5.36103277185e-05,0.250211993602,0.488695297446,0.250211992292
5,0.0470880295781,0.0353093765969,0.0603561707549,0.00187918642921,0.0668811537907,0.00422176382817,0.0858866630263,0.0718558159356,0.0532663542457,0.0264607141772,0.45907035299,0.0877244186473,1,0.4,46,17,10,3,20,2.02908328804e-05,4.38281990216e-06,2.02908328804e-05,0.000581734999207,0.000295032867616,0.000244805495563,2.02908328804e-05,4.38281990216e-06,2.02908328804e-05,0.252657960872,0.493472577245,0.252657959549
6,0.0256871676378,0.0174292257852,0.091238982099,0.0541008346967,0.150599774579,0.0820915839621,0.0225069815617,0.0956935287954,0.0307390586686,0.175335568128,0.0864940992314,0.168083194856,1,0.4,46,17,10,3,20,7.02390466405e-05,1.51716340743e-05,7.02390466405e-05,0.00360049269522,0.001673506516,0.000679635511221,7.02390466405e-05,1.51716340743e-05,7.02390466405e-05,0.251379622377,0.490975822385,0.251379621061
7,0.000378289827916,0.0795199632897,0.0776060232097,0.126948231468,0.109161454,0.00747798178319,0.0240448922767,0.0493987785919,0.0812127792345,0.321791602845,0.110650608595,0.0118093948793,1,0.4,46,17,10,3,20,5.57785633515e-05,1.20481696839e-05,5.57785633515e-05,0.017123767724,0.000633694333967,0.00164237014725,5.57785633515e-05,1.20481696839e-05,5.57785633515e-05,0.247994424926,0.484364108648,0.247994423628
8,0.0337097101001,0.0663785340549,0.0937916580758,0.0280603396381,0.149050351222,0.0963189440604,0.0608444417417,0.0608753236877,0.0530255730181,0.0127504037627,0.128310027918,0.21688469272,1,0.4,46,17,10,3,20,0.000108400493906,2.34145066837e-05,0.000108400493906,0.00272469239173,0.000768354459782,0.00117263410331,0.000108400493906,2.34145066837e-05,0.000108400493906,0.251662644603,0.491528600168,0.251662643286
9,0.0886551338912,0.121823357245,0.0528374141249,0.0919615181256,0.038329286338,0.177651952229,0.0303843173619,0.0988211409984,0.0802143655613,0.0481075420835,0.112753167766,0.0584608042749,1,0.4,46,17,10,3,20,0.000188090157682,4.06274740593e-05,0.000188090157682,0.00464160524698,0.00432375915373,0.00237371519553,0.000188090157682,4.06274740593e-05,0.000188090157682,0.249885168996,0.488056968141,0.249885167688
10,0.0299207912148,0.00508665295813,0.0151127061588,0.0419210630682,0.127361429921,0.215007351296,0.106358163284,0.247109001396,0.0658910144243,0.0191537745057,0.121739774414,0.00533827735896,1,0.4,46,17,10,3,20,0.000514710857095,0.000111177545133,0.000514710857095,0.00537605364711,0.00689759340556,0.00181551463171,0.000514710857095,0.000111177545133,0.000514710857095,0.248823309064,0.485983022972,0.248823307762
11,0.17288132246,0.0410973564226,0.196212295271,0.0825126203801,0.0575670857192,0.040690222811,0.0542324356305,0.0844576565735,0.0420030715664,0.0627389089136,0.0715681231201,0.0940389011318,1,0.4,46,17,10,3,20,7.92254732098e-05,1.71127022133e-05,7.92254732098e-05,0.0602421519807,0.00449771082218,0.00218011048163,7.92254732098e-05,1.71127022133e-05,7.92254732098e-05,0.235947232396,0.460834435861,0.235947231161
12,0.0252469983948,0.238319334391,0.12367784505,0.0513056565816,0.0567897392883,0.051970909573,0.120910562661,0.146465280329,0.00307664214342,0.00188356517381,0.0678692074164,0.112484258997,1,0.4,46,17,10,3,20,0.000391851554209,8.4639935709e-05,0.000391851554209,0.00804740877821,0.00657064764564,0.00149697430482,0.000391851554209,8.4639935709e-05,0.000391851554209,0.248448578535,0.485251127412,0.248448577235
13,0.0659948361652,0.140908173615,0.122439346006,0.0147749640796,0.0109739063841,0.226760900353,0.0724186584705,0.0740608583872,0.109051924293,0.0953540006307,0.0431190948901,0.0241433367253,1,0.4,46,17,10,3,20,0.000421774878667,9.11033737922e-05,0.000421774878667,0.0463014616807,0.010765669498,0.00379558870959,0.000421774878667,9.11033737922e-05,0.000421774878667,0.237095456762,0.463077061566,0.237095455522
14,0.00572013715313,0.0386752180935,0.0614825586772,0.00564430649682,0.0385510594391,0.18713752011,0.0513789498064,0.201968595201,0.0232470675567,0.198361273265,0.162567594773,0.0252657194288,1,0.4,46,17,10,3,20,0.000104111278274,2.24880361072e-05,0.000104111278274,0.0106366720729,0.00201293819797,0.0005613886923,0.000104111278274,2.24880361072e-05,0.000104111278274,0.249505791926,0.487315997305,0.24950579062
15,0.153746381534,0.236775078219,0.0110474807375,0.00749210587683,0.0189938486212,0.00254011396927,0.0495253733624,0.0949627709421,0.0601428915388,0.110231322578,0.0152862161448,0.239256416477,1,0.4,46,17,10,3,20,0.000105984467511,2.28926449825e-05,0.000105984467511,0.0125896570658,0.00184433119892,0.00058520921527,0.000105984467511,2.28926449825e-05,0.000105984467511,0.249046281919,0.486418516826,0.249046280615
16,0.00967178054524,0.189889497717,0.124118250067,0.0720237432309,0.0358540790883,0.139444769832,0.0504101426482,0.176302154013,0.033565021337,0.0864394861756,0.0600124728685,0.0222686024769,1,0.4,46,17,10,3,20,0.000425695544029,9.19502375103e-05,0.000425695544029,0.016717423651,0.00741168858233,0.00542440883525,0.000425695544029,9.19502375103e-05,0.000425695544029,0.245011174721,0.478537448122,0.245011173438
17,0.0154077937124,0.0109591317333,0.380047355937,0.00712877604186,0.175992313566,0.0787843217098,0.0377853327016,0.10909148508,0.0105916589281,0.0729731826627,0.0537901613462,0.0474484865814,1,0.4,46,17,10,3,20,0.000213735292366,4.61668231511e-05,0.000213735292366,0.00901912146147,0.00784181826533,0.00245962261112,0.000213735292366,4.61668231511e-05,0.000213735292366,0.247837386037,0.48405739207,0.24783738474
18,0.0119697764853,0.109654026619,0.0408115296211,0.441266892995,0.0444639628982,0.0501376360664,0.0998067835372,0.0139807347304,0.0142873724043,0.0291203442426,0.144490527168,1.04132330439e-05,1,0.4,46,17,10,3,20,0.000234217932627,5.05910734474e-05,0.000234217932627,0.0141881375666,0.012399537924,0.00186762856566,0.000234217932627,5.05910734474e-05,0.000234217932627,0.245503657451,0.479499328449,0.245503656166
19,0.052384081069,0.0114209070133,0.0970054632069,0.00893485068984,0.169147141391,0.0306091445697,0.20006210962,0.114772001518,0.109194424629,0.128971242461,0.0139946647382,0.0635039690946,1,0.4,46,17,10,3,20,0.000246805553144,5.33099994791e-05,0.000246805553144,0.00395272678858,0.00233893012825,0.00149215625651,0.000246805553144,5.33099994791e-05,0.000246805553144,0.250718696851,0.489684952225,0.250718695539
20,0.0458147540745,0.325593342076,0.136394640889,0.141156703109,0.020090791752,0.0561460982076,0.0521263519576,0.0355895012871,0.0963876147869,0.00223519519635,0.021002332682,0.0674626739822,1,0.4,46,17,10,3,20,4.41580610588e-06,9.53814118869e-07,4.41580610588e-06,2.11301043195e-05,8.99504434833e-05,9.38231527139e-06,4.41580610588e-06,9.53814118869e-07,4.41580610588e-06,0.252929004318,0.494001958973,0.252929002994
21,0.0107027054326,0.192341830301,0.0187679637171,0.146709188458,0.0260534790179,0.0756344129447,0.173435764847,0.0574408739081,0.0848576123455,0.114208288398,0.0577356493525,0.0421122312778,1,0.4,46,17,10,3,20,0.000385824784844,8.33381535263e-05,0.000385824784844,0.0109181634494,0.00426419205295,0.00134198424904,0.000385824784844,8.33381535263e-05,0.000385824784844,0.248351794755,0.485062096592,0.248351793455
22,0.00735017201832,0.0840230586095,0.026751415597,0.156599313595,0.0318970952917,0.162927966199,0.0460139121083,0.0668910154525,0.212236416992,0.106081889148,0.0603934084946,0.0388343364943,1,0.4,46,17,10,3,20,0.000207315106378,4.47800629776e-05,0.000207315106378,0.0580439058954,0.00755519470868,0.00134334018676,0.000207315106378,4.47800629776e-05,0.000207315106378,0.235797942717,0.460542854458,0.235797941483
23,0.19045172392,0.103094572922,0.0476285954319,0.0492101833648,0.110264306675,0.0964699202105,0.054992280278,0.0357004241258,0.00601537081867,0.118865244535,0.0537746770438,0.133532700675,1,0.4,46,17,10,3,20,0.000125467171018,2.71009089398e-05,0.000125467171018,0.00119450585419,0.000700687514911,0.00113352078781,0.000125467171018,2.71009089398e-05,0.000125467171018,0.252057604866,0.492300006928,0.252057603547
24,0.159344706355,0.075738242202,0.168822091509,0.152585239162,0.0745924925525,0.152055113003,0.0220340618352,0.0254250433983,0.0336429075901,0.0951484981305,0.00801284711608,0.0325987571465,1,0.4,46,17,10,3,20,0.000489791934262,0.000105795057801,0.000489791934262,0.058706096133,0.0155054915053,0.00194409499413,0.000489791934262,0.000105795057801,0.000489791934262,0.233150624662,0.45537231141,0.233150623442
25,0.000845584488429,0.0204415140251,0.0686817804779,0.00966962589448,0.110009999899,0.00369114146357,0.411314990007,0.0326893667248,0.110279013553,0.00297443621224,0.130650561853,0.0987519854013,1,0.4,46,17,10,3,20,0.000337185884008,7.28321509457e-05,0.000337185884008,0.0254332670286,0.00183622779965,0.00518937554289,0.000337185884008,7.28321509457e-05,0.000337185884008,0.24437545627,0.47729581053,0.244375454991
26,0.00961487817207,0.0118146575776,0.000777428063499,0.0462624248442,0.239076377907,0.128619798947,0.376965254275,0.0183068716008,0.0208359335261,0.0719231985957,0.0589967374077,0.0168064390831,1,0.4,46,17,10,3,20,0.000514758184748,0.000111187767905,0.000514758184748,0.00765227894474,0.00635773486804,0.00338816232301,0.000514758184748,0.000111187767905,0.000514758184748,0.247986193055,0.484348030776,0.247986191758
27,0.00630751412418,0.0306822891081,0.129694685779,0.0291470733949,0.503249233859,0.102604175331,0.0337179006923,0.0104076635141,0.0109956378751,0.046467387788,0.0502043335161,0.0465221050182,1,0.4,46,17,10,3,20,0.000616341369901,0.000133129735899,0.000616341369901,0.0261811246225,0.00930540986042,0.00733580603729,0.000616341369901,0.000133129735899,0.000616341369901,0.241440895054,0.471564245684,0.24144089379
28,0.0173826292116,0.0264610310465,0.109946003906,0.0885032649624,0.0159204904004,0.0449154278876,0.0408430737371,0.0891491622556,0.243864192758,0.268618645371,0.0250185493177,0.029377529146,1,0.4,46,17,10,3,20,9.54572613299e-05,2.06187684473e-05,9.54572613299e-05,0.0091686260056,0.00261421264102,0.00169821985076,9.54572613299e-05,2.06187684473e-05,9.54572613299e-05,0.249447178821,0.487201518584,0.249447177515
29,0.0713761937189,0.148143115785,0.048601321944,0.0369909219331,0.0121443364094,0.0454161309856,0.0712467793321,0.039317572563,0.0585715814299,0.00387810581575,0.0564726068868,0.407841333196,1,0.4,46,17,10,3,20,3.79019949976e-05,8.18683091947e-06,3.79019949976e-05,0.000498063822622,8.65068802196e-05,0.000641995492184,3.79019949976e-05,8.18683091947e-06,3.79019949976e-05,0.252611656871,0.493382139744,0.252611655549
30,0.191498411537,0.127444698834,0.350992681767,0.055091442711,0.000138120927647,0.0521787008314,0.0548122709362,0.128468227975,0.00731534311928,0.00412928219203,0.0212473407111,0.00668347845775,1,0.4,46,17,10,3,20,0.00571950762844,0.00123541364774,0.00571950762844,0.226795702172,0.0133128782959,0.0643499762214,0.00571950762844,0.00123541364774,0.00571950762844,0.169534883952,0.331122818485,0.169534883065
31,0.0994861183519,0.108692926019,0.0647751261874,0.00805786079926,0.113213583481,0.0325120204709,0.174378649403,0.0866747336941,0.080102543986,0.0909331849036,0.1266869149,0.0144863378038,1,0.4,46,17,10,3,20,0.000188263010311,4.06648102271e-05,0.000188263010311,0.0414087123427,0.00267041703171,0.00185081102174,0.000188263010311,4.06648102271e-05,0.000188263010311,0.241134717893,0.470966243419,0.241134716631
32,0.0704358372938,0.0573362774925,0.129546102555,0.0208142871634,0.0628823224839,0.0918850657574,0.0422768070934,0.105666091227,0.0920936286717,0.101954383112,0.0311704027335,0.193938794416,1,0.4,46,17,10,3,20,9.72984762983e-05,2.10164708804e-05,9.72984762983e-05,0.00971886369959,0.0043909677027,0.000501247694502,9.72984762983e-05,2.10164708804e-05,9.72984762983e-05,0.24915925955,0.486639176261,0.249159258246
33,0.0169616508638,0.1713808314,0.0508676383355,0.18897625801,0.000557091367215,0.173709942382,0.0153944587101,0.108371957135,0.0134292005199,0.027149503964,0.154013316161,0.0791881511521,1,0.4,46,17,10,3,20,0.000294686891406,6.36523685437e-05,0.000294686891406,0.0121869090029,0.00613413628028,0.000499970321558,0.000294686891406,6.36523685437e-05,0.000294686891406,0.247872995649,0.484126942093,0.247872994351
34,0.160476012873,0.000336438365255,0.0138229242675,0.0956374496388,0.171372502804,0.121792792133,0.206617518634,0.0334231010841,0.0349817306747,0.0149965137111,0.00706869867648,0.139474317137,1,0.4,46,17,10,3,20,0.000360317798794,7.78286445394e-05,0.000360317798794,0.01908642468,0.00927427639402,0.00249690546296,0.000360317798794,7.78286445394e-05,0.000360317798794,0.244754584983,0.478036296293,0.244754583702
35,0.0233021737428,0.0533630110671,0.090152110803,0.42142961589,0.0294485568041,0.0357053681429,0.163214913651,0.0974495223752,0.0124697518975,0.005245126219,0.0452610608919,0.0229587885152,1,0.4,46,17,10,3,20,0.000730899658795,0.0001578743263,0.000730899658795,0.238095105895,0.00472587104606,0.0074137759894,0.000730899658795,0.0001578743263,0.000730899658795,0.188844497126,0.368836906518,0.188844496137
36,0.0713495834514,0.127795881797,0.00723418298063,0.09968574007,0.0172253526547,0.0582955879101,0.111252724316,0.193359216004,0.14942395593,0.0205918731239,0.119379565658,0.0244063361044,1,0.4,46,17,10,3,20,0.000308960374332,6.67354408557e-05,0.000308960374332,0.0396486750555,0.00191944367669,0.014722481434,0.000308960374332,6.67354408557e-05,0.000308960374332,0.238378521079,0.465583046545,0.238378519831
37,0.0499530515625,0.0611373894151,0.184414575338,0.0444780632385,0.117040626687,0.0928854612043,0.00449519583526,0.150037654542,0.0784928563348,0.0662192662186,0.0875408936709,0.0633049659529,1,0.4,46,17,10,3,20,0.00022438018507,4.84661199751e-05,0.00022438018507,0.0295252036307,0.0066253314974,0.00155885297154,0.00022438018507,4.84661199751e-05,0.00022438018507,0.243173732851,0.47494869449,0.243173731579
38,0.0674527934754,0.00983671624395,0.0407115672755,0.0555935727361,0.0831147482047,0.155725567483,0.261535432411,0.00510197920257,0.0701555386415,0.136548330186,0.0927750010058,0.0214487531344,1,0.4,46,17,10,3,20,6.79908314687e-06,1.46860195972e-06,6.79908314687e-06,1.61862301127e-05,4.03901308058e-05,4.70687768198e-05,6.79908314687e-06,1.46860195972e-06,6.79908314687e-06,0.252930586621,0.494005049408,0.252930585297
39,0.0514995265784,0.0400182836588,0.0880147026267,0.0415577736612,0.0568492137068,0.220882217217,0.0441180091855,0.0456512836057,0.0597880195218,0.209511070625,0.0261100561736,0.11599984344,1,0.4,46,17,10,3,20,2.75513472559e-07,5.95109100727e-08,2.75513472559e-07,3.37591340259e-06,3.36335991292e-06,2.31415342764e-06,2.75513472559e-07,5.95109100727e-08,2.75513472559e-07,0.252961828783,0.494066069256,0.252961827459
40,0.0966129857367,0.0546169233613,0.123545248615,0.0723996730102,0.0285205100299,0.0704728633063,0.0639479776406,0.0687021412217,0.144391259306,0.146216384894,0.0189484868295,0.111625546049,1,0.4,46,17,10,3,20,0.000178756401156,3.86113826498e-05,0.000178756401156,0.00755147132403,0.000553727714742,0.00438964243219,0.000178756401156,3.86113826498e-05,0.000178756401156,0.249603266787,0.487506377892,0.249603265481
41,0.118494740054,0.210175603328,0.0322617106293,0.0073961198776,0.122924228031,0.152223861995,0.0264906492121,0.0208562047695,0.14134413853,0.158426012013,0.00228537943557,0.00712135212567,1,0.4,46,17,10,3,20,0.000584423849888,0.000126235551576,0.000584423849888,0.0371679310204,0.00699145913665,0.00710884706889,0.000584423849888,0.000126235551576,0.000584423849888,0.239340167581,0.467461262361,0.239340166329
42,0.0635575415465,0.0300548502252,0.143593726115,0.0615079738466,0.0160593854245,0.189674220533,0.0050918323268,0.00207165415661,0.128727702995,0.0431953131108,0.0462700793754,0.270195720346,1,0.4,46,17,10,3,20,0.000128544453751,2.77656020102e-05,0.000128544453751,0.00761310868919,0.00071407103904,0.00297802208478,0.000128544453751,2.77656020102e-05,0.000128544453751,0.249960497842,0.488204094792,0.249960496534
43,0.00584724082534,0.0165512831952,0.0949869006577,0.0709402682274,0.0360696179129,0.159202554779,0.0484660185762,0.18449245399,0.292721974934,0.0025231472397,0.0589872217765,0.0292113178865,1,0.4,46,17,10,3,20,0.000708881891907,0.000153118488652,0.000708881891907,0.0288843282015,0.0185689213976,0.0134438123341,0.000708881891907,0.000153118488652,0.000708881891907,0.236764882765,0.462431409231,0.236764881526
44,0.0262019228994,0.0615700131289,0.141278706297,0.101291811682,0.0561310839891,0.226693336457,0.0784201941984,0.106773592754,0.00694946710462,0.0527503235943,0.0595805140335,0.0823590338612,1,0.4,46,17,10,3,20,0.000255772366338,5.52468311291e-05,0.000255772366338,0.0347561981975,0.00664814241197,0.00251472381162,0.000255772366338,5.52468311291e-05,0.000255772366338,0.241567710655,0.471811932405,0.241567709391
45,0.0515042568342,0.0434044055029,0.120478731906,0.0773064089837,0.0626429226831,0.124162010252,0.0596227959292,0.221774253499,0.056565571058,0.00752847160097,0.0879009621266,0.0871092096256,1,0.4,46,17,10,3,20,0.000254232078588,5.49141289749e-05,0.000254232078588,0.0636931046221,0.00567542340527,0.00238759608695,0.000254232078588,5.49141289749e-05,0.000254232078588,0.234527651652,0.458061817236,0.234527650425
46,0.033822371028,0.0314836101124,0.00406650122284,0.0018477168673,0.0455863294468,0.17284416507,0.197863812207,0.0428508740199,0.272923123536,0.0333115328465,0.141606142027,0.0217938216164,1,0.4,46,17,10,3,20,0.000328647436706,7.09878463286e-05,0.000328647436706,0.0108999496937,0.00154836754433,0.00487163409077,0.000328647436706,7.09878463286e-05,0.000328647436706,0.248214637045,0.484794210441,0.248214635746
47,0.0320218420473,0.134914948143,0.0166924098277,0.0567479291395,0.023803828292,0.225059766465,0.0847199467182,0.217504247936,0.0440055473806,0.0021688959659,0.00157654113478,0.16078409695,1,0.4,46,17,10,3,20,0.000353223335038,7.62962403683e-05,0.000353223335038,0.0611748518518,0.00681254709875,0.00348472952358,0.000353223335038,7.62962403683e-05,0.000353223335038,0.234488509554,0.457985367825,0.234488508326
48,0.01601671983,0.145756233149,0.0355776992315,0.061870973881,0.0992637041429,0.195189139516,0.0159047683143,0.107280954448,0.248563456299,0.0589395169991,0.0122745080544,0.0033623261361,1,0.4,46,17,10,3,20,0.00136210881497,0.000294215504032,0.00136210881497,0.0106448542832,0.0138378686029,0.0116945936718,0.00136210881497,0.000294215504032,0.00136210881497,0.24228574126,0.473214335922,0.242285739992
49,0.00298692459053,0.00366403388845,0.0430783673339,0.151273361103,0.0627509218507,0.155085533818,0.0684403687728,0.148581125113,0.0208972257335,0.117361082535,0.0396716457226,0.186209409539,1,0.4,46,17,10,3,20,9.75508840289e-05,2.10709909502e-05,9.75508840289e-05,0.0328958931375,0.00291417573338,0.000428054355404,9.75508840289e-05,2.10709909502e-05,9.75508840289e-05,0.243688103721,0.475953325089,0.243688102446
50,0.206402329213,0.0468213350694,0.000296063785619,0.185454851984,0.029412435935,0.177725872417,0.0782714245134,0.00597926432375,0.0642178250514,0.105555729809,0.0225069690546,0.0773558988437,1,0.4,46,17,10,3,20,0.000547853326985,0.000118336318629,0.000547853326985,0.0264586852278,0.00522628150884,0.00320187588645,0.000547853326985,0.000118336318629,0.000547853326985,0.24352507831,0.475634916086,0.243525077036
51,0.109006738101,0.0492286200301,0.0921432049513,0.100828821774,0.0269849916294,0.058547075336,0.0555629108042,0.0718252106855,0.132602858342,0.0874874558356,0.0657220509667,0.150060061544,1,0.4,46,17,10,3,20,0.000179713666779,3.88181520243e-05,0.000179713666779,0.00964962873751,0.000684198186201,0.00301525638865,0.000179713666779,3.88181520243e-05,0.000179713666779,0.249386100761,0.4870822255,0.249386099456
52,0.00882063744553,0.00793278168374,0.00698040971012,0.0667606302956,0.0956382656464,0.0283510346861,0.118185055065,0.0310127255951,0.158040488255,0.0856305471846,0.0334726242487,0.359174800184,1,0.4,46,17,10,3,20,7.8184477766e-05,1.68878471974e-05,7.8184477766e-05,0.00837496809427,0.000509861607462,0.000642073835191,7.8184477766e-05,1.68878471974e-05,7.8184477766e-05,0.250466804548,0.489192975073,0.250466803237
53,0.0183140852041,0.0341654086055,0.0341435910768,0.0507446927341,0.172027683287,0.0053692764858,0.0809244780873,0.068308612203,0.189574586187,0.0205490545852,0.264925085667,0.0609534458765,1,0.4,46,17,10,3,20,6.51425437512e-05,1.40707894503e-05,6.51425437512e-05,0.0105680504013,0.00312361373978,0.00159805660951,6.51425437512e-05,1.40707894503e-05,6.51425437512e-05,0.249023638601,0.486374291597,0.249023637298
54,0.181230983932,0.0343152793608,0.0750409313515,0.164172967028,0.0402216134733,0.0215309852382,0.00941069119266,0.05485912188,0.226579045055,0.0853682686744,0.0294998628799,0.0777702499338,1,0.4,46,17,10,3,20,0.00024474957171,5.28659074893e-05,0.00024474957171,0.0692436393044,0.00429757089323,0.0034167360367,0.00024474957171,5.28659074893e-05,0.00024474957171,0.233222406898,0.455512511089,0.233222405677
55,0.140537979797,0.0167037717947,0.0447512387518,0.102875285706,0.00806750194415,0.169896325005,0.0417875839697,0.101515134549,0.176936768768,0.0741904456457,0.0820490445828,0.0406889194864,1,0.4,46,17,10,3,20,0.000164671914575,3.55691335481e-05,0.000164671914575,0.043414179339,0.00914128841206,0.000872021605736,0.000164671914575,3.55691335481e-05,0.000164671914575,0.239264553591,0.467313578787,0.239264552339
56,0.310137425945,0.0335749463746,0.0285214358147,0.0448699280182,0.0395721633813,0.0129977860931,0.00556849398536,0.0164124002437,0.000571429354181,0.0702957925607,0.0669183131047,0.370559885124,1,0.4,46,17,10,3,20,2.10437564059e-05,4.54545138368e-06,2.10437564059e-05,0.000498092805251,0.00066100114989,0.000157512346784,2.10437564059e-05,4.54545138368e-06,2.10437564059e-05,0.252607780344,0.493374568403,0.252607779022
57,0.00252700333521,0.128680013091,0.097432508101,0.0657218252259,0.0838234714089,0.0801754431364,0.0478835544734,0.0502987475726,0.12858928749,0.182249302009,0.0978868913396,0.0347319528168,1,0.4,46,17,10,3,20,0.000176559436759,3.81368383399e-05,0.000176559436759,0.0207707541934,0.000393667663875,0.00438477747088,0.000176559436759,3.81368383399e-05,0.000176559436759,0.246303441721,0.481061407094,0.246303440432
58,0.21600798695,0.0675385111188,0.0661629688975,0.0288001183136,0.000757188670897,0.245552502167,0.0274533596145,0.0147808717186,0.109156629051,0.166703363188,0.0493568054612,0.00772969484847,1,0.4,46,17,10,3,20,0.000276364452144,5.96947216632e-05,0.000276364452144,0.0410638067343,0.00404476107838,0.00102837535251,0.000276364452144,5.96947216632e-05,0.000276364452144,0.240983579651,0.470671051542,0.24098357839
59,0.252403462066,0.0295721833503,0.186856901744,0.0543477755571,0.0600210235507,0.0969175377875,0.0177186037257,0.0974772259342,0.00254091321594,0.0348284308606,0.0921218760584,0.0751940661494,1,0.4,46,17,10,3,20,0.000373260840395,8.06243415254e-05,0.000373260840395,0.0338969965419,0.00172736396199,0.00335461617794,0.000373260840395,8.06243415254e-05,0.000373260840395,0.242685656291,0.473995419962,0.242685655021
60,0.147890074883,0.0149229280237,0.148586815268,0.0795530219769,0.0511279205299,0.0144825547603,0.0384796091967,0.00886636378755,0.154840360073,0.0499713292883,0.25097228141,0.0403067408037,1,0.4,46,17,10,3,20,0.000133007128081,2.87295396655e-05,0.000133007128081,0.0051847690021,0.0027195555018,0.000351754765053,0.000133007128081,2.87295396655e-05,0.000133007128081,0.250726814106,0.489700806239,0.250726812794
61,0.147039906027,0.076398370787,0.222679360688,0.0246590504619,0.000350443253156,0.0189268366077,0.0641652417574,0.0741562479085,0.130442614909,0.0774208327946,0.105524448567,0.0582366462388,1,0.4,46,17,10,3,20,0.000207932540447,4.49134287365e-05,0.000207932540447,0.0335178510467,0.00219939854018,0.00279367719719,0.000207932540447,4.49134287365e-05,0.000207932540447,0.242989412162,0.474588693145,0.24298941089
62,0.0392009331786,0.0743871991726,0.237897138513,0.0480149053015,0.118961367807,0.000572075514711,0.119477030636,0.0906003827745,0.0254492320092,0.0777277537228,0.0652290199836,0.102482961386,1,0.4,46,17,10,3,20,0.000194987069945,4.21172071081e-05,0.000194987069945,0.0273551413085,0.0013991936033,0.00156090955147,0.000194987069945,4.21172071081e-05,0.000194987069945,0.245077141914,0.478666290297,0.245077140632
63,0.0834961478083,0.0405530321662,0.0376557012765,0.0690139991341,0.124525930528,0.101635549112,0.0420252497824,0.0954265283523,0.0688565214747,0.0954610837309,0.0557587906777,0.185591465957,1,0.4,46,17,10,3,20,0.000195127342387,4.21475059556e-05,0.000195127342387,0.0314236420947,0.001169893857,0.000573718722326,0.000195127342387,4.21475059556e-05,0.000195127342387,0.244355527518,0.477256887187,0.24435552624
64,0.250928634395,0.178851125042,0.00175598441438,0.064180213592,0.0396323016086,0.0644542480162,0.0772355972489,0.017436616868,0.0870632801065,0.0548194056685,0.0775628037332,0.0860797893067,1,0.4,46,17,10,3,20,0.000239800731657,5.17969580379e-05,0.000239800731657,0.0151890253831,0.00211286324974,0.00607563215528,0.000239800731657,5.17969580379e-05,0.000239800731657,0.2467818969,0.48199588986,0.246781895609
65,0.0534089513272,0.0155652951428,0.0539856802659,0.0602471809611,0.0329552402455,0.0786633294212,0.0173971087656,0.0273076603476,0.0364145151004,0.0546861586026,0.375115431141,0.194253448679,1,0.4,46,17,10,3,20,2.7584088352e-05,5.95816308403e-06,2.7584088352e-05,0.00164118719772,0.000545741681863,0.000561569083108,2.7584088352e-05,5.95816308403e-06,2.7584088352e-05,0.252238230073,0.492652790532,0.252238228753
66,0.0950867788173,0.00240385783583,0.0571516343463,0.040185190924,0.286971291193,0.00788240376676,0.255811175492,0.0273202101166,0.0735506538082,0.0626612505782,0.0126717343354,0.0783038187859,1,0.4,46,17,10,3,20,0.000333423446584,7.20194644621e-05,0.000333423446584,0.023214482756,0.00839598945527,0.00242783396124,0.000333423446584,7.20194644621e-05,0.000333423446584,0.243980133409,0.476523695571,0.243980132132
67,0.0185104210009,0.0541283208313,0.179474147342,0.0163504579268,0.0253659370152,0.142587274208,0.108733514965,0.0833510981099,0.0485373644532,0.199251981355,0.0615409856685,0.0621684971244,1,0.4,46,17,10,3,20,0.000195082385595,4.21377952885e-05,0.000195082385595,0.0139900370515,0.00343702441072,0.000468771221376,0.000195082385595,4.21377952885e-05,0.000195082385595,0.248218704448,0.484802154587,0.248218703149
68,0.0273560923219,0.023934747949,0.0489054784303,0.00451746697461,0.0335887608219,0.0834458451249,0.0548332700777,0.130440225301,0.100124117764,0.00504238621001,0.325579557685,0.16223205134,1,0.4,46,17,10,3,20,2.54259784261e-05,5.49201134003e-06,2.54259784261e-05,0.00715978308072,0.000332505334281,0.00147030410977,2.54259784261e-05,5.49201134003e-06,2.54259784261e-05,0.250668704737,0.489587311377,0.250668703425
69,0.0635940102963,0.0236563561915,0.038254570021,0.000387150000142,0.0404536134408,0.0104476900113,0.100710211113,0.586381146014,0.0325208701016,0.0466639897138,0.0238362367076,0.0330941563888,1,0.4,46,17,10,3,20,0.000647342344943,0.000139825946508,0.000647342344943,0.0472605586699,0.026079321573,0.00431466147977,0.000647342344943,0.000139825946508,0.000647342344943,0.232594830824,0.454286776575,0.232594829606
70,0.00659485270556,0.390472005889,0.0253518360888,0.237063248898,0.0591421113079,0.0116672119964,0.0296802297843,0.0786646047249,0.0118572921922,0.0153313434449,0.0508478408917,0.0833274220761,1,0.4,46,17,10,3,20,0.000625161797478,0.000135034948255,0.000625161797478,0.0197194910971,0.00832070898322,0.00501383627524,0.000625161797478,0.000135034948255,0.000625161797478,0.243902039609,0.476371168617,0.243902038332
71,0.101098384575,0.0371786656089,0.125353754557,0.10419043207,0.00550053503062,0.0666355147256,0.000553007419089,0.275635068368,0.112749506099,0.129869627989,0.0289100912657,0.012325412292,1,0.4,46,17,10,3,20,0.000454780697832,9.82326307316e-05,0.000454780697832,0.0397419332102,0.00723702918692,0.00346448899399,0.000454780697832,9.82326307316e-05,0.000454780697832,0.239694156967,0.468152647876,0.239694155713
72,0.211898355725,0.0748801622444,0.012598671033,0.161114230318,0.271788082923,0.00971209528982,0.034569836139,0.0793219407191,0.0353666475497,0.0650779990807,0.029133641291,0.0145383376872,1,0.4,46,17,10,3,20,0.000525296927544,0.00011346413635,0.000525296927544,0.0569144877069,0.0165557564495,0.00537323893427,0.000525296927544,0.00011346413635,0.000525296927544,0.232430900748,0.453966600647,0.232430899531
73,0.0464964376299,0.0689834030121,0.00607478872286,0.0588295306285,0.104829075995,0.11736630555,0.0497046040313,0.11006999831,0.0917119538461,0.111565304758,0.0867416543212,0.147626943194,1,0.4,46,17,10,3,20,9.96237482415e-05,2.15187296202e-05,9.96237482415e-05,0.0197130958012,0.00279010714111,0.000372529601479,9.96237482415e-05,2.15187296202e-05,9.96237482415e-05,0.247065989267,0.482550757762,0.247065987974
74,0.00222149657857,0.111638228331,0.0176542436943,0.13870561787,0.12496737505,0.0239870079235,0.184993490981,0.0207752101843,0.0132326205809,0.0370143634632,0.180969797696,0.143840547648,1,0.4,46,17,10,3,20,0.000103818730911,2.24248458769e-05,0.000103818730911,0.0186121429277,0.00374417605779,0.000366977504296,0.000103818730911,2.24248458769e-05,0.000103818730911,0.247099847011,0.482616886167,0.247099845717
75,0.0316443183582,0.0537735599903,0.250305344974,0.0462780961214,0.0803487480567,0.114119780195,0.012126620634,0.143087826668,0.0620140065401,0.0894949803824,0.0421418526474,0.074664865432,1,0.4,46,17,10,3,20,0.000426226908449,9.20650122249e-05,0.000426226908449,0.053477296077,0.00601063422378,0.00139774429337,0.000426226908449,9.20650122249e-05,0.000426226908449,0.237084658697,0.463055971594,0.237084657456
76,0.0141914025839,0.126792575789,0.0404149386159,0.0882242084274,0.041620696947,0.0629441953578,0.120375609825,0.045869522816,0.0250552090203,0.0512594289816,0.0899581161973,0.293294095439,1,0.4,46,17,10,3,20,0.000130927493668,2.82803386322e-05,0.000130927493668,0.00800005957113,0.000605442439284,0.000877040255062,0.000130927493668,2.82803386322e-05,0.000130927493668,0.250418894154,0.489099400085,0.250418892844
77,0.0803009001055,0.0474751262621,0.0175819333477,0.0251184224862,0.208491859647,0.184962868175,0.0951251816964,0.0359405899019,0.0844467900965,0.0138107134973,0.0861011408677,0.120644473917,1,0.4,46,17,10,3,20,3.63858593388e-07,7.85934561719e-08,3.63858593388e-07,6.1693246921e-06,1.80790309755e-05,1.08427408916e-06,3.63858593388e-07,7.85934561719e-08,3.63858593388e-07,0.252957611676,0.49405783272,0.252957610353
78,0.0358754500256,0.00135155047532,0.0321270341502,0.0168303128606,0.205849588831,0.13987948429,0.0243795002949,0.150906054516,0.0656379941901,0.0808799926219,0.167542746679,0.0787402910658,1,0.4,46,17,10,3,20,0.000242016188009,5.22754966099e-05,0.000242016188009,0.00689511841617,0.00284397988075,0.000357867762115,0.000242016188009,5.22754966099e-05,0.000242016188009,0.250138920996,0.488552577513,0.250138919687
79,0.0492900817217,0.324226501825,0.180121627234,0.0341675196886,0.0254806614316,0.164264716755,0.0264754663473,0.00627181650801,0.0626983220422,0.0247132399221,0.0955490851002,0.00674096142398,1,0.4,46,17,10,3,20,0.000474407630741,0.00010247204824,0.000474407630741,0.0501236845055,0.0203144059698,0.00263362813554,0.000474407630741,0.00010247204824,0.000474407630741,0.233948005789,0.456929696416,0.233948004565
80,0.0505785263276,0.00172299590539,0.34674520727,0.0577962985505,0.0163930473614,0.167625050289,0.00787122742189,0.11145295034,0.109109868382,0.0381808433665,0.0498274617667,0.0426965230195,1,0.4,46,17,10,3,20,0.000555760609852,0.000120044291728,0.000555760609852,0.106504205655,0.011843027892,0.00309117891336,0.000555760609852,0.000120044291728,0.000555760609852,0.221621744807,0.432854968062,0.221621743648
81,0.00339471550163,0.00192926787972,0.0256293868801,0.0563486632106,0.334431917391,0.306841438967,0.130156376484,0.018088332404,0.0531180864654,0.00943611794553,0.0312170527386,0.0294086441317,1,0.4,46,17,10,3,20,0.000671739268008,0.00014509568189,0.000671739268008,0.203577870086,0.0168030472218,0.00147454088192,0.000671739268008,0.00014509568189,0.000671739268008,0.196089776166,0.382987842069,0.19608977514
82,0.244598338131,0.0445266711208,0.0131990121322,0.364124967198,0.0241046667098,0.0136955990984,0.176275126014,0.050454033006,0.00428549236214,0.0308410076696,0.0212329556558,0.0126621309017,1,0.4,46,17,10,3,20,0.00166832431321,0.000360358051654,0.00166832431321,0.0221491602066,0.0254169346868,0.00841712617686,0.00166832431321,0.000360358051654,0.00166832431321,0.23693224202,0.462758282773,0.23693224078
83,0.101963394324,0.0276609772809,0.0397521006842,0.0361952956837,0.141535442693,0.0693338383302,0.107091482135,0.0772316468235,0.0445519277529,0.00414580525927,0.220307045971,0.130231043063,1,0.4,46,17,10,3,20,0.000169042366723,3.65131512121e-05,0.000169042366723,0.0251194434042,0.000722631315245,0.00232626397539,0.000169042366723,3.65131512121e-05,0.000169042366723,0.245649320305,0.479783826211,0.24564931902
84,0.0510666952358,0.00438870203306,0.162408036838,0.0553875244788,0.313649179276,0.0288814171922,0.0792647651355,0.00319002942126,0.0208722980794,0.0339578604607,0.22967612931,0.0172573625394,1,0.4,46,17,10,3,20,0.000186742477824,4.03363752099e-05,0.000186742477824,0.0152541100681,0.00204886438211,0.00167415812703,0.000186742477824,4.03363752099e-05,0.000186742477824,0.247954524229,0.4842861776,0.247954522931
85,0.227802344415,0.0407221982095,0.169659929058,0.0513196047324,0.117275968844,0.0331975424903,0.040667586951,0.129773607761,0.0921951661032,0.00835712652115,0.0817512492733,0.00727767564102,1,0.4,46,17,10,3,20,0.00116297635844,0.000251202893423,0.00116297635844,0.0805041514292,0.0073466419413,0.0168925805788,0.00116297635844,0.000251202893423,0.00116297635844,0.225164222814,0.439773870381,0.225164221635
86,0.0163567194651,0.0187650503477,0.126384464921,0.0578865978069,0.0087327172984,0.0362816653546,0.121617917904,0.209924011079,0.0128631956739,0.14500235961,0.111735305596,0.134449994943,1,0.4,46,17,10,3,20,8.80121254719e-05,1.90106191019e-05,8.80121254719e-05,0.0208742790075,0.00120880919426,0.000669987356172,8.80121254719e-05,1.90106191019e-05,8.80121254719e-05,0.247110035357,0.482636785281,0.247110034064
87,0.00780381834878,0.15085594259,0.0283383734023,0.0363705350956,0.000393311834026,0.0570385965658,0.0210835112814,0.277715173804,0.0232659401794,0.0743848181188,0.0463885241979,0.276361454582,1,0.4,46,17,10,3,20,6.02424946194e-05,1.30123788378e-05,6.02424946194e-05,0.0139807209332,0.00108197538633,0.000335213918624,6.02424946194e-05,1.30123788378e-05,6.02424946194e-05,0.249001764142,0.486331568045,0.249001762839
88,0.0831836263078,0.036142779578,0.0768139267943,0.000626571930801,0.0949486410345,0.023781582844,0.0095352572384,0.139819634606,0.323832853853,0.000898677912613,0.0704938843925,0.139922563508,1,0.4,46,17,10,3,20,0.000200610175203,4.33317978439e-05,0.000200610175203,0.00457939122118,0.00399594700128,0.00185569086854,0.000200610175203,4.33317978439e-05,0.000200610175203,0.250100836801,0.48847819432,0.250100835492
89,0.0432566345614,0.193303600722,0.0494719351626,0.0464089142695,0.0775831018696,0.0114198574483,0.0148371866327,0.0982376930324,0.0112629107237,0.00552987604256,0.173394425839,0.275293863696,1,0.4,46,17,10,3,20,5.93370187838e-05,1.28167960573e-05,5.93370187838e-05,0.00636368988014,0.000634867732896,0.000725912380366,5.93370187838e-05,1.28167960573e-05,5.93370187838e-05,0.250943886727,0.490124776199,0.250943885414
90,0.0849303055641,0.0476008083291,0.0439299862619,0.0698560424266,0.0247021974417,0.053054177192,0.385417133018,0.0784772366497,0.0434427253781,0.0720475549967,0.0460107839664,0.050531048776,1,0.4,46,17,10,3,20,0.000489918555127,0.000105822407907,0.000489918555127,0.0310333967344,0.00311268288861,0.00846275001958,0.000489918555127,0.000105822407907,0.000489918555127,0.241636643176,0.471946566233,0.241636641912
91,0.115505941152,0.0688281466102,0.00604743581574,0.0392997837332,0.114032125358,0.0547628165279,0.0103669122529,0.175515937257,0.0736909658166,0.172017395341,0.135861539005,0.0340710011304,1,0.4,46,17,10,3,20,5.42370355596e-05,1.17151996809e-05,5.42370355596e-05,0.000665786228133,0.000394552799138,0.00121651862773,5.42370355596e-05,1.17151996809e-05,5.42370355596e-05,0.252327656652,0.49282745182,0.252327655332
92,0.0204164996446,0.0411608732049,0.348372581429,0.106884365978,0.0443518587116,0.0698532833483,0.0354249223846,0.00342728589861,0.08593936308,0.175858028416,0.0484614243017,0.0198495136028,1,0.4,46,17,10,3,20,0.000232079000765,5.01290641652e-05,0.000232079000765,0.016482108062,0.00650559817786,0.00145151752402,0.000232079000765,5.01290641652e-05,0.000232079000765,0.246521980943,0.481488241509,0.246521979653
93,0.112335793875,0.0189745831957,0.0141480493114,0.0222297413684,0.0254346215963,0.148108434207,0.104779300855,0.136938609467,0.0401344524762,0.167082546844,0.201168130119,0.00866573668444,1,0.4,46,17,10,3,20,0.000148466216299,3.20687027205e-05,0.000148466216299,0.0110701625384,0.000712354525143,0.00193179020821,0.000148466216299,3.20687027205e-05,0.000148466216299,0.249328744806,0.486970202151,0.249328743501
94,0.0449720120147,0.190978500868,0.027640541964,0.0124911887832,0.0233920151318,0.0604355938588,0.0185579626412,0.00903086428295,0.421075354253,0.175275521462,0.01339484697,0.00275559776965,1,0.4,46,17,10,3,20,0.000301591668126,6.51438003153e-05,0.000301591668126,0.00798857625586,0.00471256534547,0.00201145079251,0.000301591668126,6.51438003153e-05,0.000301591668126,0.248904539366,0.486141675904,0.248904538063
