run_ID,t1_initial,t2_initial,t3_initial,t4_initial,t5_initial,t6_initial,t7_initial,t8_initial,t9_initial,t10_initial,t11_initial,t12_initial,alpha,prior_cost_c,lambda,k,sample_amount,learning_parameter,generations,t1_final,t2_final,t3_final,t4_final,t5_final,t6_final,t7_final,t8_final,t9_final,t10_final,t11_final,t12_final
0,0.158014615746,0.068814054918,0.0729986885746,0.217978871404,0.00508974445097,0.0813453779974,0.0836243662219,0.150867051419,0.0085053917047,0.0481681689931,0.0976123713542,0.0069812972161,1,0.4,44,18,10,3,20,0.000289688062149,6.25726214243e-05,0.000289688062149,0.00786209658727,0.00214183016357,0.009721250997,0.000289688062149,6.25726214243e-05,0.000289688062149,0.247649880987,0.483691166517,0.247649877257
1,0.0931106038211,0.0827682023209,0.157569554913,0.103168470103,0.107663843356,0.0331879260387,0.203878596026,0.107937027994,0.0435887742125,0.0139001470066,0.00215796770907,0.0510688864988,1,0.4,44,18,10,3,20,0.00214341306008,0.000462977220977,0.00214341306008,0.0155609940199,0.00593948263247,0.0224880560872,0.00214341306008,0.000462977220977,0.00214341306008,0.239433833038,0.467644198108,0.239433829432
2,0.337894188002,0.0332337031608,0.0197465298788,0.0101803615042,0.00706399042869,0.0287050647037,0.15494178561,0.103433567696,0.0677855523565,0.108472246533,0.0895585997034,0.038984410424,1,0.4,44,18,10,3,20,0.000251234844971,5.42667265138e-05,0.000251234844971,0.00826547127928,0.00314964779829,0.00347448589996,0.000251234844971,5.42667265138e-05,0.000251234844971,0.248916220272,0.486164485395,0.248916216522
3,0.122703353946,0.0210408524469,0.00121194462303,0.106483003127,0.0115996623771,0.00980668762083,0.204850264262,0.129155763447,0.134998786156,0.00698965957053,0.142596479834,0.10856354259,1,0.4,44,18,10,3,20,0.000119101144437,2.57258471984e-05,0.000119101144437,0.0153719591038,0.00226082812937,0.00285944495043,0.000119101144437,2.57258471984e-05,0.000119101144437,0.247647095035,0.483685725205,0.247647091305
4,0.0034574502578,0.0315578672682,0.356434976588,0.0766232859843,0.0284452291516,0.124151276703,0.0756150849117,0.0478313151281,0.052572235944,0.0266603065107,0.0121164682713,0.164534503282,1,0.4,44,18,10,3,20,0.000128244136694,2.77007335258e-05,0.000128244136694,0.00464986398336,0.00159388660818,0.00662301678045,0.000128244136694,2.77007335258e-05,0.000128244136694,0.249565815833,0.487433226707,0.249565812074
5,0.000128363767075,0.0708780569759,0.0813080813582,0.0678341537941,0.0440463027827,0.160963175307,0.0874433692626,0.0308733284749,0.189237006177,0.181546136833,0.0831580627719,0.00258396249494,1,0.4,44,18,10,3,20,0.000161623546544,3.49106860536e-05,0.000161623546544,0.0224854821163,0.00503852460643,0.000766730754058,0.000161623546544,3.49106860536e-05,0.000161623546544,0.245626677095,0.479739596475,0.245626673395
6,0.018543945521,0.0768710506475,0.0931360917985,0.0479204680195,0.00735768295485,0.0429481243565,0.189478775128,0.17879032878,0.0280275809084,0.0136432902065,0.0327194446847,0.270563216994,1,0.4,44,18,10,3,20,3.90776258165e-05,8.44076717635e-06,3.90776258165e-05,0.0256596716975,0.00136302307802,0.00119459146993,3.90776258165e-05,8.44076717635e-06,3.90776258165e-05,0.245782648576,0.480044228268,0.245782644873
7,0.161752912596,0.0829899314491,0.00734016544944,0.172199538026,0.0155331583378,0.00447955360443,0.0327430038563,0.15199258956,0.26863432389,0.000789252945453,0.0997993249944,0.00174624529186,1,0.4,44,18,10,3,20,0.000655710767591,0.0001416335258,0.000655710767591,0.129384664152,0.0126187523085,0.00525766494668,0.000655710767591,0.0001416335258,0.000655710767591,0.214977471756,0.419877868198,0.214977468517
8,0.321875203552,0.0437800244934,0.00476760937715,0.0655474389784,0.023687736342,0.173058065242,0.132981578365,0.0387733448382,0.105700633518,0.0217772550422,0.0551390410311,0.0129120692204,1,0.4,44,18,10,3,20,0.0015154654087,0.000327340528279,0.0015154654087,0.0582862733622,0.017359520732,0.0065891149642,0.0015154654087,0.000327340528279,0.0015154654087,0.230462876459,0.450122798804,0.230462872988
9,0.00247382644265,0.104729717772,0.102113810963,0.146544649218,0.028884816654,0.000374839769554,0.00252093931219,0.280790167356,0.179778565141,0.00230738747186,0.0722057954467,0.0772754844523,1,0.4,44,18,10,3,20,1.99797281961e-06,4.31562129035e-07,1.99797281961e-06,4.70905813678e-06,7.11819613282e-06,9.06753895139e-06,1.99797281961e-06,4.31562129035e-07,1.99797281961e-06,0.252956904081,0.49405644584,0.25295690027
10,0.0284221335235,0.0277876509608,0.0748358968268,0.0442765760943,0.148748382083,0.0697760468093,0.202578329404,0.137508910243,0.0594767587578,0.0997789203776,0.098781027411,0.00802936750892,1,0.4,44,18,10,3,20,0.000215421410043,4.65310245692e-05,0.000215421410043,0.0267637617645,0.0085666953439,0.000201169683981,0.000215421410043,4.65310245692e-05,0.000215421410043,0.243734674811,0.476044279569,0.243734671139
11,0.0794865880163,0.00510344385932,0.0605118801743,0.0456303829778,0.243703148017,0.252547862864,0.0410613253925,0.0321364208757,0.0125132826484,0.157088286666,0.0153395582088,0.0548778202997,1,0.4,44,18,10,3,20,0.000264121619491,5.70502698101e-05,0.000264121619491,0.02107067692,0.00672285035528,0.00306070769254,0.000264121619491,5.70502698101e-05,0.000264121619491,0.244863288893,0.478248603916,0.244863285205
12,0.0201731742705,0.0180281012321,0.0242487411895,0.116493251085,0.0334587739995,0.180251031645,0.0138139361991,0.0663376565462,0.241222447469,0.181994496279,0.0474844607717,0.0564939293132,1,0.4,44,18,10,3,20,0.000164926167592,3.56240521999e-05,0.000164926167592,0.0275095391139,0.0032724552211,0.00099576840848,0.000164926167592,3.56240521999e-05,0.000164926167592,0.244740881042,0.478009526085,0.244740877355
13,0.12873196815,0.144504320641,0.0506333370825,0.0376546229748,0.00773307150966,0.202740657415,0.00862924315466,0.171059708082,0.106081580822,0.0138520217907,0.0883687465342,0.0400107218433,1,0.4,44,18,10,3,20,0.000408723546256,8.82842859914e-05,0.000408723546256,0.0491321028226,0.00527796956613,0.00828350756062,0.000408723546256,8.82842859914e-05,0.000408723546256,0.236646948381,0.462201064095,0.236646944817
14,0.0121850740397,0.014522960759,0.00902660568652,0.0053705474782,0.0577166391392,0.22594043765,0.0210537829471,0.0883536423441,0.0862229035384,0.044783481831,0.319764708447,0.11505921614,1,0.4,44,18,10,3,20,9.84557327804e-05,2.12664382806e-05,9.84557327804e-05,0.00395963273864,0.000957246673398,0.000825197199515,9.84557327804e-05,2.12664382806e-05,9.84557327804e-05,0.25140150609,0.491018559187,0.251401502304
15,0.0281516497822,0.0609484127863,0.0557260551628,0.186810493856,0.0211598975896,0.0030824492149,0.0700342857199,0.00998703070668,0.133674361146,0.320863650686,0.0291391973077,0.0804225160429,1,0.4,44,18,10,3,20,4.77541582699e-05,1.03148981863e-05,4.77541582699e-05,0.00306549042825,0.0026303486506,4.54710968074e-05,4.77541582699e-05,1.03148981863e-05,4.77541582699e-05,0.251458543451,0.49112996028,0.251458539663
16,0.00331963644262,0.289362809435,0.0977821527018,9.10272064233e-05,0.021326370564,0.0126840389777,0.0865020049218,0.000588991154353,0.0615070729133,0.255335713764,0.0312744877203,0.140225694199,1,0.4,44,18,10,3,20,4.24022162104e-05,9.15887870145e-06,4.24022162104e-05,0.0140246244962,0.000630552083951,0.000657108332158,4.24022162104e-05,9.15887870145e-06,4.24022162104e-05,0.249043427553,0.486412937112,0.249043423801
17,0.139624762642,0.10444048754,0.0624383603081,0.224546252819,0.0176736312938,0.0380740647558,0.0782346252216,0.0288955278891,0.0444998784128,0.166455971134,0.0898959457947,0.00522049218952,1,0.4,44,18,10,3,20,0.000145500803793,3.14281736193e-05,0.000145500803793,0.0263228020165,0.00294952470258,0.0040767054632,0.000145500803793,3.14281736193e-05,0.000145500803793,0.244365184285,0.477275743367,0.244365180604
18,0.200681718584,0.104525863658,0.0800386347848,0.132837085046,0.000387532058407,0.0544988314494,0.0790566801157,0.0335783875151,0.130984264721,0.0866417270113,0.0917803848539,0.00498889020249,1,0.4,44,18,10,3,20,0.000418320464546,9.0357220342e-05,0.000418320464546,0.0387717342831,0.00982843221867,0.00162837717796,0.000418320464546,9.0357220342e-05,0.000418320464546,0.2397893997,0.468338664234,0.239789396088
19,0.0133105343647,0.085069037012,0.0577372886389,0.0711986581364,0.0721719363612,0.187654990674,0.0265691148323,0.248562090535,0.0688742692393,0.0294100123259,0.0983131966567,0.0411288712239,1,0.4,44,18,10,3,20,0.000307037174271,6.63200296424e-05,0.000307037174271,0.0156255406747,0.0036546294856,0.00821715292069,0.000307037174271,6.63200296424e-05,0.000307037174271,0.24566435392,0.479813184023,0.24566435022
20,0.016405827669,0.0358324180352,0.0700241389158,0.128122174705,0.0278903835086,0.206551864157,0.128004049939,0.0369286016248,0.0139363520414,0.0921314940836,0.139094445101,0.10507825022,1,0.4,44,18,10,3,20,0.000117345892978,2.53467128832e-05,0.000117345892978,0.0343443338815,0.000650285356833,0.00186273167788,0.000117345892978,2.53467128832e-05,0.000117345892978,0.243509269987,0.47560403578,0.243509266319
21,0.0360860604721,0.224289659224,0.063461600083,0.00761724208601,0.114192586402,0.0474495282467,0.0339308490108,0.239557212044,0.139759775397,0.0664198909028,0.0185317676513,0.00870382847981,1,0.4,44,18,10,3,20,0.000694673903532,0.000150049563163,0.000694673903532,0.0557038981204,0.0134649396664,0.0126123728576,0.000694673903532,0.000150049563163,0.000694673903532,0.231497866855,0.452144264391,0.231497863368
22,0.0314126224402,0.0220494700581,0.0566296358047,0.102246586046,0.0631034396725,0.0140872859095,0.177567155783,0.160404219313,0.167331617843,0.0421753725432,0.0637649796408,0.0992276149459,1,0.4,44,18,10,3,20,0.000456069219719,9.85109514594e-05,0.000456069219719,0.0364459278255,0.00279140788128,0.00308204624973,0.000456069219719,9.85109514594e-05,0.000456069219719,0.241747814707,0.472163693488,0.241747811066
23,0.0106907506319,0.214500387664,0.0290805743513,0.050322412028,0.0198330877768,0.0428261152612,0.0239107560822,0.0169199257321,0.112834708972,0.0211849144144,0.438618581527,0.0192777855594,1,0.4,44,18,10,3,20,3.49901310608e-05,7.55786830914e-06,3.49901310608e-05,0.0111777126015,0.00130386574155,0.000342278866376,3.49901310608e-05,7.55786830914e-06,3.49901310608e-05,0.24968122122,0.48765862785,0.249681217459
24,0.0125085340017,0.00980861476634,0.00639218550799,0.0225571103924,0.0368044899638,0.103594134806,0.0434025878268,0.076166518604,0.0552199090047,0.249057996649,0.274310856702,0.110177061776,1,0.4,44,18,10,3,20,6.13975049834e-08,1.32618610764e-08,6.13975049834e-08,3.41279822911e-07,8.99908422685e-08,9.8946371287e-07,6.13975049834e-08,1.32618610764e-08,6.13975049834e-08,0.252964001494,0.494070307975,0.252963997683
25,0.0881212843453,0.167471287357,0.0343900302362,0.0303892611968,0.178429592447,0.0455326058459,0.0140724692419,0.219196865589,0.101127389415,0.0956286550794,0.00201566646211,0.0236248927844,1,0.4,44,18,10,3,20,0.000405479309461,8.75835308437e-05,0.000405479309461,0.0583949000039,0.0116565859798,0.0140195380728,0.000405479309461,8.75835308437e-05,0.000405479309461,0.231242852662,0.451646189803,0.231242849179
26,0.121590556382,0.00590170542693,0.260083600934,0.0128156565511,0.062580373161,0.0523915027173,0.0159107565119,0.10075729046,0.186375375696,0.0123947239192,0.0859959690257,0.083202489216,1,0.4,44,18,10,3,20,0.000417855860581,9.02568658856e-05,0.000417855860581,0.0172060075916,0.00377167063444,0.00525479309533,0.000417855860581,9.02568658856e-05,0.000417855860581,0.245860073345,0.480195448518,0.245860069641
27,0.0679620402607,0.0779182796836,0.00666278918611,0.215411026195,0.0406785682135,0.112264100133,0.163333164516,0.0966260184405,0.0401241455217,0.035326163761,0.0833129239131,0.0603807801767,1,0.4,44,18,10,3,20,0.000266598385667,5.7585251304e-05,0.000266598385667,0.00201429297416,0.000761906867394,0.00377531177983,0.000266598385667,5.7585251304e-05,0.000266598385667,0.251008236648,0.490250454818,0.251008232867
28,0.180350542605,0.0429085726224,0.235237493446,0.118533018498,0.0192760932869,0.100712840403,0.0228500967072,0.174114946176,0.0033333698087,0.022905769379,0.0351352363857,0.0446420206819,1,0.4,44,18,10,3,20,0.000851190004548,0.000183857040982,0.000851190004548,0.108550502753,0.00378849593614,0.00850730963336,0.000851190004548,0.000183857040982,0.000851190004548,0.221440310495,0.432500599922,0.22144030716
29,0.00589911886395,0.0531112727867,0.0418505788652,0.204062888048,0.012239549976,0.0743355562417,0.194034982615,0.246950993229,0.0575914379025,0.00953736778871,0.0519239708303,0.0484622828538,1,0.4,44,18,10,3,20,0.000940546935829,0.000203158138139,0.000940546935829,0.0330236651169,0.00811117320739,0.0133428775974,0.000940546935829,0.000203158138139,0.000940546935829,0.238129022141,0.465095739364,0.238129018554
30,0.0495840739713,0.00122268532791,0.0123264267224,0.0301223584948,0.0538128242012,0.0168168334642,0.104436669662,0.0571716696232,0.431332524221,0.0149890882002,0.0644360132763,0.163748832836,1,0.4,44,18,10,3,20,0.000167631698661,3.62084469108e-05,0.000167631698661,0.0138107862877,0.00662000413809,0.000786423134441,0.000167631698661,3.62084469108e-05,0.000167631698661,0.247409291069,0.48322126434,0.247409287342
31,0.101213460144,0.00190639099764,0.136907756065,0.0639386751239,0.09065297082,0.0191338499804,0.040990799508,0.0286762561662,0.19941163533,0.165199275028,0.0136978552859,0.13827107555,1,0.4,44,18,10,3,20,7.60308068098e-05,1.64226542709e-05,7.60308068098e-05,0.0023583973216,0.00235316297304,0.000794397686426,7.60308068098e-05,1.64226542709e-05,7.60308068098e-05,0.25148637715,0.491184322972,0.251486373362
32,0.00335192428312,0.0386304454748,0.00557503552427,0.0494059422584,0.0972423876223,0.0869321927438,0.0643625465609,0.0699067008567,0.17831504445,0.140282358061,0.221770228061,0.0442251941036,1,0.4,44,18,10,3,20,8.32531536341e-05,1.7982681185e-05,8.32531536341e-05,0.0102025528728,0.00292449209564,0.000270141409563,8.32531536341e-05,1.7982681185e-05,8.32531536341e-05,0.249482079808,0.487269679786,0.24948207605
33,0.0411184056533,0.186746377409,0.0237283752163,0.0564314434687,0.159592352496,0.127978402445,0.00903087961068,0.0997927282401,0.0666322143456,0.134509505254,0.017450001488,0.0769893143731,1,0.4,44,18,10,3,20,0.000265226141622,5.72888465903e-05,0.000265226141622,0.011031376886,0.0024288059635,0.00335610899809,0.000265226141622,5.72888465903e-05,0.000265226141622,0.248413150847,0.48518192794,0.248413147105
34,0.00700841587952,0.0706042190971,0.0810597219859,0.0885715274882,0.073972515838,0.200974305968,0.0848531467639,0.0591257300905,0.180374410805,0.00763310360144,0.0789528303721,0.0668700721102,1,0.4,44,18,10,3,20,0.00047449852353,0.000102491681083,0.00047449852353,0.0458257853328,0.000920420688435,0.0101902799731,0.00047449852353,0.000102491681083,0.00047449852353,0.238029545521,0.464901449093,0.238029541936
35,0.0190603229573,0.0121494390222,0.0476008746923,0.20092816094,0.0125084878632,0.0485721327506,0.196985995952,0.020697895522,0.00275633206817,0.24491937227,0.136781464587,0.0570395213749,1,0.4,44,18,10,3,20,5.46535237264e-05,1.18051611249e-05,5.46535237264e-05,0.000694774589021,0.000685842010914,0.000487283951047,5.46535237264e-05,1.18051611249e-05,5.46535237264e-05,0.252430643165,0.493028592505,0.252430639362
36,0.0568345981601,0.101457620783,0.0711075776129,0.0515074657529,0.255812736864,0.0171495640673,0.0807011242411,0.0913142159008,0.161580769112,0.00217687284621,0.0888862154724,0.0214712391868,1,0.4,44,18,10,3,20,0.000617419392726,0.000133362588829,0.000617419392726,0.108548760023,0.0127451958054,0.00242243741762,0.000617419392726,0.000133362588829,0.000617419392726,0.220976370298,0.431594466738,0.22097636697
37,0.028053646683,0.0165867788808,0.0776331368639,0.166605994257,0.0771478610507,0.163753844261,0.0772474721882,0.173930361089,0.0572368181872,0.00265658227254,0.0376114000929,0.121536104173,1,0.4,44,18,10,3,20,0.000408325467024,8.81983008771e-05,0.000408325467024,0.0371510331142,0.00839667680278,0.00183501776256,0.000408325467024,8.81983008771e-05,0.000408325467024,0.240520495696,0.469766586081,0.240520492073
38,0.00524671143525,0.0380905167672,0.114888455944,0.0297386835757,0.0538796341026,0.105346301776,0.0136088052728,0.0769786823293,0.174108629085,0.344499075071,0.0238913899137,0.0197231147268,1,0.4,44,18,10,3,20,0.000107151489495,2.31447217309e-05,0.000107151489495,0.00197369632071,0.000464201362324,0.00127473419699,0.000107151489495,2.31447217309e-05,0.000107151489495,0.251905134273,0.492002207966,0.251905130479
39,0.101158155176,0.033241851553,0.026152485153,0.137772554823,0.0782054232317,0.00349942538929,0.0205751700558,0.0347835709697,0.325259878379,0.0256086977251,0.105442106138,0.108300681407,1,0.4,44,18,10,3,20,0.000242480871459,5.23758682352e-05,0.000242480871459,0.0476906664175,0.00224222391133,0.00304178392946,0.000242480871459,5.23758682352e-05,0.000242480871459,0.239291866856,0.467366920413,0.239291863251
40,0.107459362267,0.0254491106358,0.00466927324271,0.00644054108621,0.201757592547,0.0814380211612,0.151586355483,0.130752681296,0.171164710679,0.0584791098247,0.0398643022694,0.0209389395077,1,0.4,44,18,10,3,20,0.000329189643514,7.11049629991e-05,0.000329189643514,0.0220211563798,0.0159472060712,0.00557185961206,0.000329189643514,7.11049629991e-05,0.000329189643514,0.241581235145,0.471838342786,0.241581231506
41,0.0225080066739,0.388733926488,0.0787225131222,0.0140307954751,0.0834620772195,0.0915156168624,0.0659492869792,0.0389476480102,0.0637627763475,0.0149757252905,0.0888123154447,0.0485793120868,1,0.4,44,18,10,3,20,0.000512652383661,0.000110732914871,0.000512652383661,0.0123152474499,0.00880307854834,0.00162425640899,0.000512652383661,0.000110732914871,0.000512652383661,0.246636611086,0.481712123771,0.246636607371
42,0.211933597952,0.204891837726,0.0754295895673,0.162904833847,0.03183636088,0.0552809542649,0.0346732855616,0.0504754901515,0.0504339901644,0.0924015723375,0.00293716830302,0.0268013192452,1,0.4,44,18,10,3,20,0.000583761933351,0.000126092577604,0.000583761933351,0.0223507608888,0.00297758420148,0.0173682494891,0.000583761933351,0.000126092577604,0.000583761933351,0.241509232133,0.471697711904,0.241509228495
43,0.00896946281258,0.00231073516704,0.108083765951,0.0164064884197,0.0516060662218,0.109551613226,0.0960574570238,0.0896414000288,0.180794407603,0.282429334374,0.0341286841276,0.0200205850442,1,0.4,44,18,10,3,20,5.49247727357e-05,1.18637509109e-05,5.49247727357e-05,0.0337272315945,0.000944162273929,0.000484155497536,5.49247727357e-05,1.18637509109e-05,5.49247727357e-05,0.244009747958,0.476581531801,0.244009744282
44,0.0483270751203,0.0565434727694,0.0132155675089,0.0021100447551,0.145506672606,0.209646198684,0.0704137810239,0.145763533109,0.047950332469,0.163735548795,0.0450874852309,0.0517002879289,1,0.4,44,18,10,3,20,0.000105621999353,2.28143518604e-05,0.000105621999353,0.0389271302796,0.00263571392804,0.00203461171246,0.000105621999353,2.28143518604e-05,0.000105621999353,0.241817407275,0.47229961647,0.241817403633
45,0.0873235926639,0.0627839676373,0.179815196752,0.080125695661,0.201030054918,0.0462996427659,0.0333302083974,0.0811007133892,0.0536915841516,0.0704572480579,0.014785185695,0.0892569099111,1,0.4,44,18,10,3,20,0.000311660524201,6.73186732274e-05,0.000311660524201,0.0616336931732,0.00418154209587,0.00214795106224,0.000311660524201,6.73186732274e-05,0.000311660524201,0.235422746485,0.459810044802,0.235422742939
46,0.123325628227,0.029859126678,0.082488702383,0.00267627199845,0.0388496589306,0.26986605427,0.140118029392,0.139198146114,0.0272009135556,0.0322065775942,0.0245272851359,0.0896836057212,1,0.4,44,18,10,3,20,0.000402351441415,8.69079113457e-05,0.000402351441415,0.0728207702303,0.00536414114456,0.00332489414356,0.000402351441415,8.69079113457e-05,0.000402351441415,0.231894256622,0.452918463142,0.231894253129
47,0.11360984866,0.0671519942642,0.165042813838,0.0353653292525,0.00340948750735,0.0165631094497,0.0465808027828,0.164117915502,0.00690022305837,0.243664862299,0.0910914456161,0.0465021677691,1,0.4,44,18,10,3,20,6.25866539602e-05,1.35187172554e-05,6.25866539602e-05,0.0015712986621,0.00070335362551,0.000711138987275,6.25866539602e-05,1.35187172554e-05,6.25866539602e-05,0.252138962439,0.492458903595,0.252138958641
48,0.184552053188,0.0485589976398,0.0525674589298,0.083898684788,0.157626361605,0.0226911228646,0.00133153989656,0.189861939477,0.0631316519246,0.112279627743,0.0565401507689,0.026960411175,1,0.4,44,18,10,3,20,0.000259416759345,5.60340200186e-05,0.000259416759345,0.0328358744368,0.00341865398973,0.00875611175765,0.000259416759345,5.60340200186e-05,0.000259416759345,0.24128749672,0.471264634933,0.241287493086
49,0.171308746778,0.0889916707813,0.00490684335255,0.176549767497,0.019793184581,0.0451582921273,0.130476687375,0.0135596641368,0.029614146521,0.109676565554,0.0979336284299,0.112030802866,1,0.4,44,18,10,3,20,6.00292960125e-07,1.29663279387e-07,6.00292960125e-07,2.08718545528e-06,2.9232998514e-06,4.74105972029e-06,6.00292960125e-07,1.29663279387e-07,6.00292960125e-07,0.252961289919,0.49406501193,0.252961286108
50,0.0106995872812,0.0408071842427,0.174394570087,0.0283012661634,0.0248610986485,0.211225473398,0.151709969749,0.00376328179965,0.0163598755638,0.0211316482225,0.0861545131817,0.230591531662,1,0.4,44,18,10,3,20,8.57158183305e-05,1.85146167594e-05,8.57158183305e-05,0.00260585790736,0.00344006914188,7.20262049552e-05,8.57158183305e-05,1.85146167594e-05,8.57158183305e-05,0.251320705877,0.490860746271,0.251320702091
51,0.0128440336834,0.0868932827569,0.0118422024098,0.0551357503428,0.162335047242,0.278505051601,0.13325649021,0.167187933693,0.0163228971595,0.0564460538195,0.0129125127141,0.00631874436757,1,0.4,44,18,10,3,20,0.00042850838701,9.25578115941e-05,0.00042850838701,0.072022550377,0.0206042988915,0.0113224109611,0.00042850838701,9.25578115941e-05,0.00042850838701,0.226188547203,0.441774499601,0.226188543796
52,0.0696113689289,0.0768539697446,0.15390062873,0.0304956929486,0.135052495526,0.00292773198017,0.109117121304,0.226129333636,0.104415802102,0.0657220159226,0.0093311128922,0.0164427262844,1,0.4,44,18,10,3,20,0.000491628278163,0.000106191708083,0.000491628278163,0.175073915274,0.0120543375243,0.00480025644294,0.000491628278163,0.000106191708083,0.000491628278163,0.203862160518,0.398168276264,0.203862157447
53,0.0791762514407,0.0454210621867,0.0632831385487,0.0192031769547,0.0545274466633,0.122514148276,0.220652460794,0.00508817076985,0.0624673251356,0.0472773270272,0.152470188408,0.127919303794,1,0.4,44,18,10,3,20,0.000139901025931,3.0218621601e-05,0.000139901025931,0.00519728809994,0.00232861032243,0.000833855028094,0.000139901025931,3.0218621601e-05,0.000139901025931,0.250692861054,0.489634486871,0.250692857278
54,0.0266111325909,0.0662367767413,0.1988391847,0.0167140504272,0.0221458835707,0.139314003519,0.100042753937,0.160332089376,0.0466959244045,0.0399389681459,0.0750284243031,0.108100808284,1,0.4,44,18,10,3,20,0.000267507108433,5.77815354215e-05,0.000267507108433,0.0373243485052,0.00237472652062,0.00573429585656,0.000267507108433,5.77815354215e-05,0.000267507108433,0.241171490489,0.471038060267,0.241171486857
55,0.154570313187,0.0678416904277,0.0139653459145,0.0476357791376,0.090126290588,0.0140769409193,0.184066438699,0.0180020514325,0.213479538584,0.0974732350569,0.091663449885,0.007098926169,1,0.4,44,18,10,3,20,0.000106614401517,2.30287107277e-05,0.000106614401517,0.00194216563416,0.00537113029151,0.000329054069489,0.000106614401517,2.30287107277e-05,0.000106614401517,0.250911657521,0.490061823714,0.250911653742
56,0.0428275596962,0.031785263711,0.0527011437368,0.168958332034,0.104052308541,0.108516154828,0.104810997127,0.00765342767569,0.0234931592449,0.0241959452408,0.209331465381,0.121674242784,1,0.4,44,18,10,3,20,0.000125803276449,2.7173507713e-05,0.000125803276449,0.0216442607825,0.00379799686315,0.000226357050289,0.000125803276449,2.7173507713e-05,0.000125803276449,0.246330140368,0.481113548158,0.246330136657
57,0.013282561324,0.00262576860486,0.142207863345,0.318387274579,0.101842656622,0.0078462106976,0.15524881848,0.0720906022852,0.0106850035718,0.00413263575974,0.0574259674752,0.114224637255,1,0.4,44,18,10,3,20,0.000520928427868,0.00011252054042,0.000520928427868,0.0720145590336,0.00348054328899,0.00691709621191,0.000520928427868,0.00011252054042,0.000520928427868,0.23153304208,0.452212966001,0.231533038592
58,0.0370467817623,0.00306199673313,0.0745025365013,0.0137251203191,0.0820375076825,0.0917083304771,0.236429635004,0.00240199648134,0.0172476191219,0.092991923052,0.292720188253,0.0561263646122,1,0.4,44,18,10,3,20,6.53532618515e-05,1.41163045599e-05,6.53532618515e-05,0.00337510747149,0.00140813191904,0.000778666329276,6.53532618515e-05,1.41163045599e-05,6.53532618515e-05,0.251484195367,0.491180061678,0.251484191579
59,0.0310854700228,0.181156747995,0.212591913931,0.0331673713739,0.119111064112,0.130938505153,0.0724880763151,0.0538953376907,0.0112619167894,0.0977105377752,0.00173082382765,0.0548622350137,1,0.4,44,18,10,3,20,0.000405600456235,8.76096985468e-05,0.000405600456235,0.0659033456123,0.00429215289715,0.00818996128375,0.000405600456235,8.76096985468e-05,0.000405600456235,0.232680962361,0.454454997767,0.232680958857
60,0.0854960015836,0.0123894246139,0.0296341261246,0.0300929252643,0.0393093295682,0.0712050829013,0.159443499601,0.243986272204,0.0655337868141,0.0159908915927,0.211057340106,0.0358613196258,1,0.4,44,18,10,3,20,7.25523093322e-05,1.56712988157e-05,7.25523093322e-05,0.00119817220857,0.00334037632496,0.000153411231917,7.25523093322e-05,1.56712988157e-05,7.25523093322e-05,0.251696189621,0.491594112949,0.25169618583
61,0.093657596687,0.146629110554,0.0669906014727,0.011017160602,0.115720870905,0.00465063194289,0.130028198766,0.138582812872,0.122743297708,0.0229593994709,0.142961072184,0.00405924683434,1,0.4,44,18,10,3,20,0.000339831470237,7.34035975713e-05,0.000339831470237,0.0300979521304,0.00453489888388,0.00451150547367,0.000339831470237,7.34035975713e-05,0.000339831470237,0.242681301813,0.473986910465,0.242681298158
62,0.0194746600848,0.164749241796,0.0043703415421,0.108468144086,0.0606938347848,0.0282992188106,0.0581381621117,0.280449405869,0.0374660547279,0.0215294343798,0.146644973816,0.0697165279913,1,0.4,44,18,10,3,20,0.000203130726708,4.3876236969e-05,0.000203130726708,0.0460690319209,0.00320720291259,0.0013572459858,0.000203130726708,4.3876236969e-05,0.000203130726708,0.239928222475,0.468609802463,0.239928218861
63,0.0936011047577,0.143496816264,0.0180747659834,0.18913286401,0.0578557194392,0.171005479771,0.185524595438,0.0119789615279,0.00157981457876,0.0702262115049,0.0145242015538,0.0429994651716,1,0.4,44,18,10,3,20,0.000319725345723,6.90606746761e-05,0.000319725345723,0.115988250893,0.00195188582054,0.00655504971697,0.000319725345723,6.90606746761e-05,0.000319725345723,0.221113119538,0.431861555092,0.221113116207
64,0.205470718428,0.00567037768934,0.101076616248,0.0508834024007,0.096780375493,0.0981903270443,0.203040871722,0.0222248464838,0.00467936702838,0.00530104305095,0.189737856449,0.016944197962,1,0.4,44,18,10,3,20,8.68319166082e-05,1.87556939874e-05,8.68319166082e-05,0.00298487170918,0.0056066255427,0.00108370719207,8.68319166082e-05,1.87556939874e-05,8.68319166082e-05,0.250419596557,0.489100767159,0.250419592785
65,0.00751469984808,0.156075475691,0.00792439629226,0.106017463763,0.175942720491,0.0591316271895,0.107574184161,0.131927279613,0.00243729702265,0.11266636717,0.00578315766252,0.127005331097,1,0.4,44,18,10,3,20,1.46466694504e-06,3.16368060129e-07,1.46466694504e-06,3.22687716549e-06,7.0877833656e-06,3.70539938009e-06,1.46466694504e-06,3.16368060129e-07,1.46466694504e-06,0.252959241053,0.49406101024,0.252959237243
66,0.0526655517831,0.024049315355,0.0773808839987,0.0296884423901,0.157880988471,0.0271860085679,0.09144608127,0.236020438317,0.0496277507883,0.115402237359,0.0358941519157,0.102758149783,1,0.4,44,18,10,3,20,0.000117205360193,2.53163578016e-05,0.000117205360193,0.00676504820159,0.00281608937119,0.00057560596766,0.000117205360193,2.53163578016e-05,0.000117205360193,0.250263731462,0.488796343149,0.250263727692
67,0.114717384731,0.126458094849,0.0851727404231,0.00870361404846,0.0615704935072,0.14159606016,0.00658254228838,0.281647499539,0.0402379879017,0.0563889979525,0.0713541359967,0.00557044860381,1,0.4,44,18,10,3,20,0.0004845336461,0.000104659267558,0.0004845336461,0.00334788964688,0.00701466776663,0.00241388217571,0.0004845336461,0.000104659267558,0.0004845336461,0.249189215716,0.486697679613,0.249189211962
68,0.025737499368,0.172593571578,0.0694669812601,0.0963775404975,0.129403205132,0.0102198119095,0.0453043582955,0.122901410903,0.0313262006903,0.0462956198128,0.202105620797,0.048268179756,1,0.4,44,18,10,3,20,0.000136343221598,2.94501358651e-05,0.000136343221598,0.0186155600918,0.00229602132284,0.00232401850479,0.000136343221598,2.94501358651e-05,0.000136343221598,0.246933789826,0.48229255099,0.246933786107
69,0.0296844805843,0.0192339580698,0.104419419263,0.0558598720714,0.182550935547,0.0486157065203,0.112832483939,0.0148862632234,0.00925332122247,0.307838345144,0.0359251977603,0.0789000166551,1,0.4,44,18,10,3,20,6.57601989494e-05,1.42042029731e-05,6.57601989494e-05,0.00317946226522,0.00162456904041,0.000509342216074,6.57601989494e-05,1.42042029731e-05,6.57601989494e-05,0.25154660894,0.491301963186,0.251546605151
70,0.0170209225249,0.0153520926389,0.04277154148,0.0426854130913,0.0835177640201,0.0862309611045,0.0908899739029,0.00973043294894,0.211720724844,0.142357689297,0.148755083802,0.108967400346,1,0.4,44,18,10,3,20,3.80622015967e-05,8.22143554488e-06,3.80622015967e-05,0.0173516833775,0.000695797553721,0.000342102722066,3.80622015967e-05,8.22143554488e-06,3.80622015967e-05,0.248269846188,0.484902036032,0.248269842449
71,0.0387447387623,0.0256724235147,0.00443448543346,0.0851771600586,0.0481490414271,0.0166077134176,0.0171422249595,0.232885163614,0.0607245684576,0.0838052886068,0.11839085206,0.268266339688,1,0.4,44,18,10,3,20,5.82987950227e-05,1.25925397249e-05,5.82987950227e-05,0.00762772846451,0.00165804178636,0.000402691422708,5.82987950227e-05,1.25925397249e-05,5.82987950227e-05,0.250448232527,0.489156696786,0.250448228754
72,0.0521513538594,0.024116228527,0.316302325752,0.0303286620568,0.0624250851386,0.0121122710673,0.0573177037538,0.0328450814946,0.176669520588,0.127053064507,0.0870552429727,0.0216234602833,1,0.4,44,18,10,3,20,0.000108505681291,2.34372271589e-05,0.000108505681291,0.0315102801632,0.00657428633711,0.00112559661292,0.000108505681291,2.34372271589e-05,0.000108505681291,0.242924003292,0.474460936783,0.242923999633
73,0.012446896078,0.0252141280384,0.170487317789,0.23022517795,0.0209671416725,0.0972052960497,0.0148542995794,0.0720506121026,0.0761655667882,0.105756333429,0.109438001785,0.0651892287379,1,0.4,44,18,10,3,20,0.000200994475327,4.34148066706e-05,0.000200994475327,0.0398301802426,0.00243766083562,0.00189010779816,0.000200994475327,4.34148066706e-05,0.000200994475327,0.241568696754,0.47181385374,0.241568693115
74,0.128294468623,0.0157220205232,0.0130619643843,0.0107689575386,0.0303877170791,0.226476273853,0.0092186042257,0.0118205935163,0.136216444651,0.333663890862,0.0266515083114,0.0577175564315,1,0.4,44,18,10,3,20,8.1542698044e-05,1.76132227775e-05,8.1542698044e-05,0.0109520902303,0.000890849618411,0.000868990015744,8.1542698044e-05,1.76132227775e-05,8.1542698044e-05,0.249657342989,0.48761199068,0.249657339228
75,0.0193561610267,0.128009217518,0.11544579294,0.0346229349773,0.133635303406,0.000661609083018,0.0191237909757,0.053603789943,0.124216508693,0.0153907447679,0.267862644972,0.0880715016972,1,0.4,44,18,10,3,20,6.66652715699e-05,1.43996986591e-05,6.66652715699e-05,0.0255570330304,0.00154907191598,0.000201784498308,6.66652715699e-05,1.43996986591e-05,6.66652715699e-05,0.245981764051,0.480433125675,0.245981760346
76,0.0179278905863,0.144610377317,0.0634298506892,0.32465783897,0.0268406324009,0.182397950863,0.00984729165261,0.0228265378951,0.0748803161404,0.0834654074351,0.0411593953711,0.00795651067931,1,0.4,44,18,10,3,20,0.000429823501409,9.28418763044e-05,0.000429823501409,0.114667167252,0.00269704948846,0.00941174793257,0.000429823501409,9.28418763044e-05,0.000429823501409,0.220412728506,0.430493603878,0.220412725185
77,0.00872991322732,0.0222387913432,0.016193906166,0.302728559894,0.0437664624742,0.162671618779,0.0207829805696,0.0123334020709,0.0804667625166,0.23698010125,0.0442585690704,0.0488489326386,1,0.4,44,18,10,3,20,1.75299598946e-07,3.78647133723e-08,1.75299598946e-07,1.47004252275e-06,4.6489094801e-06,5.47940877899e-07,1.75299598946e-07,3.78647133723e-08,1.75299598946e-07,0.252962546702,0.494067466585,0.252962542892
78,0.120287627255,0.248043073384,0.0274200684198,0.0982702959589,0.0274056170432,0.208238355154,0.0412207673041,0.0750429298328,0.00769709580344,0.0245719614222,0.109059761913,0.0127424465107,1,0.4,44,18,10,3,20,0.000496523692579,0.000107249117597,0.000496523692579,0.0788278717369,0.00800413245913,0.00338204546439,0.000496523692579,0.000107249117597,0.000496523692579,0.229586812344,0.448411736105,0.229586808886
79,0.399871696837,0.0126518197655,0.0472073620157,0.00487275321578,0.0230878420299,0.0230028032219,0.108442733063,0.106235991946,0.0447953303424,0.0512505764844,0.101457340372,0.0771237507056,1,0.4,44,18,10,3,20,0.000151049475113,3.26266866243e-05,0.000151049475113,0.00145644800287,0.00222474883687,0.000910814971308,0.000151049475113,3.26266866243e-05,0.000151049475113,0.251633466715,0.491471607275,0.251633462925
80,0.0278816865473,0.078975851145,0.100564182969,0.0176213443909,0.102591204946,0.0568229956452,0.00499021725555,0.0377949459255,0.375478710627,0.0370763746628,0.159546783091,0.00065570279539,1,0.4,44,18,10,3,20,0.000257122066245,5.55383663089e-05,0.000257122066245,0.0528423704007,0.00173732365845,0.000713106175909,0.000257122066245,5.55383663089e-05,0.000257122066245,0.238689048635,0.466189541093,0.23868904504
81,0.0295349080259,0.0793830232701,0.0879740040741,0.142563554379,0.133689493895,0.146598398844,0.121827831275,0.0120800702442,0.0706397572833,0.0193935106297,0.00586221517743,0.150453232903,1,0.4,44,18,10,3,20,0.00034969851686,7.55348796418e-05,0.00034969851686,0.0648368676092,0.00678174274925,0.00313343145745,0.00034969851686,7.55348796418e-05,0.00034969851686,0.233662761676,0.456372574525,0.233662758157
82,0.0458739915191,0.0922364258492,0.0449967830599,0.0285423332331,0.18678322979,0.145591083127,0.0612578067818,0.018838258312,0.101873706881,0.0796598382993,0.132891110096,0.0614554330526,1,0.4,44,18,10,3,20,4.04311796631e-05,8.73313480724e-06,4.04311796631e-05,0.0303133273906,0.00101628944414,0.00058192807642,4.04311796631e-05,8.73313480724e-06,4.04311796631e-05,0.244846615018,0.478216037753,0.24484661133
83,0.0130723365635,0.0649639192906,0.026882320904,0.0294166837727,0.00606908765982,0.466109035265,0.0484041550514,0.0142295752118,0.189858607676,0.0239883884597,0.103712559727,0.0132933304175,1,0.4,44,18,10,3,20,0.000307090264866,6.63314972111e-05,0.000307090264866,0.0218020983265,0.00495827718705,0.00735937646283,0.000307090264866,6.63314972111e-05,0.000307090264866,0.243989055449,0.476541116746,0.243989051774
84,0.111700627858,0.0336191906877,0.0571480175255,0.0298985426102,0.177980398712,0.0274726335168,0.116467754937,0.219667402453,0.071028225012,0.0514708717289,0.0536185840185,0.0499277509395,1,0.4,44,18,10,3,20,0.00060164162754,0.000129954591549,0.00060164162754,0.0717916463846,0.010033146357,0.0022132732419,0.00060164162754,0.000129954591549,0.00060164162754,0.231031264784,0.451232932235,0.231031261304
85,0.000162643406967,0.154378618099,0.00467350532965,0.0616815869329,0.0350905353795,0.148980959624,0.00393060107563,0.224184275743,0.255058772514,0.0273320835298,0.0438569895227,0.0406694288441,1,0.4,44,18,10,3,20,0.000310707573894,6.71128359612e-05,0.000310707573894,0.00302492782068,0.0136735727797,0.000760029896136,0.000310707573894,6.71128359612e-05,0.000310707573894,0.248199696336,0.484765024603,0.248199692597
86,0.0178197953074,0.107611281432,0.262476008753,0.0185403849571,0.0520035688863,0.133692198219,0.10545371704,0.0747905225693,0.139597110101,0.00211319959772,0.0214017788656,0.0645004342726,1,0.4,44,18,10,3,20,0.00100779782671,0.00021768433057,0.00100779782671,0.0159432226081,0.0196360940751,0.00646890801662,0.00100779782671,0.00021768433057,0.00100779782671,0.241197843747,0.471089531472,0.241197840114
87,0.0395643928072,0.165394171859,0.0125875314161,0.0129704020814,0.30502494332,0.00758425235413,0.012759073367,0.0128598710122,0.0319679289443,0.0352105525351,0.276764553653,0.087312326651,1,0.4,44,18,10,3,20,4.85453111119e-05,1.04857872002e-05,4.85453111119e-05,0.00939993205341,0.00116593728822,0.000796057767231,4.85453111119e-05,1.04857872002e-05,4.85453111119e-05,0.250035840302,0.488351243234,0.250035836536
88,0.0356755376958,0.204419708357,0.108828374459,0.0998917579532,0.0166201053331,0.106645163013,0.0912939461449,0.105352320322,0.0677556764351,0.0829802905072,0.071508713741,0.00902840603865,1,0.4,44,18,10,3,20,0.000378223483383,8.16962724108e-05,0.000378223483383,0.0442611106104,0.00781922061566,0.00283506328664,0.000378223483383,8.16962724108e-05,0.000378223483383,0.238648747415,0.466110827774,0.23864874382
89,0.0902949494221,0.0112534443504,0.0773985881864,0.244712868211,0.151613725231,0.0228158585405,0.0206634012619,0.019607531354,0.0260931395466,0.303034992165,0.0299075521688,0.00260394956334,1,0.4,44,18,10,3,20,0.000153956589983,3.32546234364e-05,0.000153956589983,0.0406882844859,0.00131606113947,0.001209025201,0.000153956589983,3.32546234364e-05,0.000153956589983,0.241860377379,0.472383542452,0.241860373736
90,0.0710791221021,0.0100481420412,0.0930988658446,0.0817824229667,0.0421474616288,0.143062841031,0.00531474439484,0.129092625545,0.150623790349,0.0365273402413,0.155792120958,0.0814305228981,1,0.4,44,18,10,3,20,0.000144811403416,3.12792631378e-05,0.000144811403416,0.0217677757286,0.00284047890118,0.00123916279177,0.000144811403416,3.12792631378e-05,0.000144811403416,0.246263598898,0.480983584352,0.246263595188
91,0.0879529479816,0.124853192788,0.14671102368,0.0250473493172,0.0419018979622,0.0257691902225,0.0126462753985,0.0204077357465,0.0290743571135,0.0701477963772,0.205509997651,0.209978235761,1,0.4,44,18,10,3,20,3.93149506675e-05,8.49202934418e-06,3.93149506675e-05,0.00438032080101,0.00176313820618,7.70582296707e-05,3.93149506675e-05,8.49202934418e-06,3.93149506675e-05,0.25134678263,0.490911677429,0.251346778843
92,0.237631566532,0.0182868723085,0.126119257539,0.0486162356307,0.0821167051799,0.0864059108186,0.0676828602,0.0243169056551,0.0145825360569,0.19814703417,0.0510794809078,0.0450146350018,1,0.4,44,18,10,3,20,7.20059227798e-05,1.55532793204e-05,7.20059227798e-05,0.020014614716,0.004103223231,0.00152590294702,7.20059227798e-05,1.55532793204e-05,7.20059227798e-05,0.246396746831,0.481243638905,0.24639674312
93,0.0330074069589,0.0279465424061,0.0683627879415,0.0562138257458,0.498036900141,0.115231195651,0.000742118869468,0.0458162783187,0.00523609635646,0.000811332425407,0.128449928445,0.0201455867401,1,0.4,44,18,10,3,20,0.000610145693154,0.000131791469721,0.000610145693154,0.0310412862411,0.00997579392337,0.00216911574395,0.000610145693154,0.000131791469721,0.000610145693154,0.241355800567,0.471398040881,0.241355796931
94,0.363536445702,0.107186758744,0.00766013945074,0.0787346996175,0.0640895800163,0.0691876849346,0.0991436727675,0.0326430787248,0.098675885652,0.0380760561292,0.0347959049161,0.0062700933446,1,0.4,44,18,10,3,20,0.000951308103151,0.000205482550281,0.000951308103151,0.137188214179,0.0208715877974,0.0120036017005,0.000951308103151,0.000205482550281,0.000951308103151,0.208877889796,0.407964622363,0.20887788665
