run_ID,t1_initial,t2_initial,t3_initial,t4_initial,t5_initial,t6_initial,t7_initial,t8_initial,t9_initial,t10_initial,t11_initial,t12_initial,alpha,prior_cost_c,lambda,k,sample_amount,learning_parameter,generations,t1_final,t2_final,t3_final,t4_final,t5_final,t6_final,t7_final,t8_final,t9_final,t10_final,t11_final,t12_final
0,0.0345602614413,0.11771865168,0.010414303562,0.0360675812264,0.130824419559,0.0990596700154,0.126164838677,0.137619607439,0.0150006689559,0.0770779736734,0.0123253950073,0.203166628763,1,0.4,50,14,10,3,20,0.000294293884788,6.35674791141e-05,0.000294293884788,0.00910890785493,0.00218667989228,0.00169311056176,0.000294293884788,6.35674791141e-05,0.000294293884788,0.249348804205,0.487009382929,0.24934880406
1,0.292853263916,0.153054980304,0.181723499796,0.114717007288,0.0319991616139,0.0534700451578,0.00343865076286,0.0316249992438,0.0213760114353,0.00374778074466,0.0975260484452,0.0144685512926,1,0.4,50,14,10,3,20,0.000999434846453,0.000215877926834,0.000999434846453,0.121730986359,0.00698470943047,0.00567922408161,0.000999434846453,0.000215877926834,0.000999434846453,0.217846788367,0.425482008282,0.21784678824
2,0.0519141205045,0.0245745728108,0.00189978680506,0.0408148635273,0.0835738562729,0.150250330292,0.0654040016108,0.152384943593,0.171560844775,0.0724164761661,0.112879636109,0.0723265675333,1,0.4,50,14,10,3,20,0.000313674750956,6.77537462065e-05,0.000313674750956,0.0169816673579,0.00412408438049,0.000863720221615,0.000313674750956,6.77537462065e-05,0.000313674750956,0.247055259312,0.482529803063,0.247055259168
3,0.0504275307328,0.0176708468512,0.039332339652,0.0428861810458,0.177782469089,0.0339318413271,0.130542653635,0.000834289208065,0.0307938983257,0.40757021792,0.0218397295602,0.0463880026531,1,0.4,50,14,10,3,20,3.03909956989e-05,6.56445507097e-06,3.03909956989e-05,0.000571563126784,0.000374867172261,0.000814068552734,3.03909956989e-05,6.56445507097e-06,3.03909956989e-05,0.252485010894,0.493134786615,0.252485010747
4,0.124139009637,0.240884509436,0.0718737867941,0.0644504437505,0.19364525525,0.043435436725,0.00678229923114,0.117024338127,0.0125805375458,0.0789594944317,0.0279678315525,0.0182570575182,1,0.4,50,14,10,3,20,0.00130710730131,0.000282335177082,0.00130710730131,0.029808981987,0.00660068429326,0.00410548713812,0.00130710730131,0.000282335177082,0.00130710730131,0.241250086308,0.471191574546,0.241250086168
5,0.0867181045901,0.0470539987281,0.157784029916,0.0200594795473,0.105919150504,0.0316569129417,0.264108334926,0.137806745703,0.0260947470222,0.0709053000138,0.0502906349583,0.0016025611489,1,0.4,50,14,10,3,20,3.03487177607e-06,6.55532303632e-07,3.03487177607e-06,1.31968034262e-05,3.74509625237e-05,5.52755193585e-06,3.03487177607e-06,6.55532303632e-07,3.03487177607e-06,0.252946814119,0.494036746039,0.252946813972
6,0.0201874976615,0.0108266100068,0.220546726282,0.0120818283818,0.182712860044,0.0265926418272,0.24593961707,0.0349894066442,0.0730322823365,0.0194820259472,0.148396713784,0.00521179001491,1,0.4,50,14,10,3,20,0.000406586716406,8.78227307437e-05,0.000406586716406,0.00194043868898,0.00117508472342,0.00145227396516,0.000406586716406,8.78227307437e-05,0.000406586716406,0.251353096785,0.490924016872,0.251353096638
7,0.0434162028798,0.0176184571393,0.0514362059751,0.0560263047204,0.0282278981476,0.0993698987599,0.00683643079374,0.138833845268,0.0506037598164,0.248314509951,0.131659058192,0.127657428357,1,0.4,50,14,10,3,20,4.67746237202e-05,1.01033187236e-05,4.67746237202e-05,0.00132288255987,0.00100142099477,0.000258914699113,4.67746237202e-05,1.01033187236e-05,4.67746237202e-05,0.252258523838,0.492692429084,0.252258523691
8,0.235536428671,0.00390925009902,0.207991442883,0.0487158550196,0.0710575127997,0.00912935850023,0.0827133459607,0.0192161255606,0.0141350850752,0.134707365484,0.0418075065876,0.13108072336,1,0.4,50,14,10,3,20,0.00024408015546,5.27213135794e-05,0.00024408015546,0.0122373148925,0.00118544700765,0.00139332331886,0.00024408015546,5.27213135794e-05,0.00024408015546,0.24894283686,0.486216477958,0.248942836714
9,0.00311446499255,0.00169956430776,0.000100395148458,0.0356296158372,0.154105923603,0.175929828664,0.0877050058304,0.226524193817,0.139030304676,0.0233267702162,0.076655343699,0.0761785892085,1,0.4,50,14,10,3,20,4.70613920231e-07,1.0165260677e-07,4.70613920231e-07,3.15351321206e-06,5.22105796717e-06,1.25217518029e-06,4.70613920231e-07,1.0165260677e-07,4.70613920231e-07,0.25296146414,0.49406535936,0.252961463992
10,0.192290349803,0.00276601075244,0.0244828618431,0.0810971251498,0.00413532610521,0.01423449713,0.0150640940732,0.022764796883,0.0785814955113,0.117509795886,0.333230143134,0.113843503729,1,0.4,50,14,10,3,20,3.89565065803e-05,8.41460542133e-06,3.89565065803e-05,0.000805364302468,0.000239074145957,0.000511644075396,3.89565065803e-05,8.41460542133e-06,3.89565065803e-05,0.252527117831,0.493217026725,0.252527117683
11,0.05563216947,0.133070754244,0.06135850215,0.145327109346,0.149965285186,0.076096789398,0.0648024334293,0.0644783522658,0.0900194710673,0.0611412922269,0.0960971197418,0.00201072147503,1,0.4,50,14,10,3,20,0.000572834617182,0.000123732277311,0.000572834617182,0.00689287438834,0.00510372134524,0.00210413739332,0.000572834617182,0.000123732277311,0.000572834617182,0.24875521626,0.485850031475,0.248755216115
12,0.0185799395679,0.0126940796713,0.0859536415809,0.377384155293,0.184963275984,0.0162810554958,0.0922333991702,0.00273610076833,0.0273411003744,0.0485933737768,0.0145484841999,0.118691394117,1,0.4,50,14,10,3,20,0.000277699812179,5.99831594306e-05,0.000277699812179,0.00130138065969,0.0015117598195,0.00226027048789,0.000277699812179,5.99831594306e-05,0.000277699812179,0.251369694583,0.490956434446,0.251369694436
13,0.0286096434058,0.00174117646802,0.0623938680528,0.233417978937,0.14859487421,0.0406536186761,0.0136429549156,0.0396792891993,0.0730862305752,0.134239856876,0.0141160410482,0.209824467636,1,0.4,50,14,10,3,20,0.000185649068284,4.01001987493e-05,0.000185649068284,0.00439277748629,0.00149089406861,0.00134799798515,0.000185649068284,4.01001987493e-05,0.000185649068284,0.250926933558,0.49009166682,0.250926933412
14,0.217516228212,0.0737707617849,0.206512633949,0.0334624432246,0.0283964725542,0.0872272660115,0.0328134480028,0.0398382652949,0.0310221896861,0.155124905842,0.0673177980932,0.0269975873445,1,0.4,50,14,10,3,20,7.21653554472e-05,1.55877167766e-05,7.21653554472e-05,0.000300706836864,0.00120347607118,0.000855429677065,7.21653554472e-05,1.55877167766e-05,7.21653554472e-05,0.252286621595,0.492747307516,0.252286621448
15,0.0659870705147,0.028980258232,0.0842313246315,0.00917224028709,0.149067900801,0.0326939878913,0.133817820352,0.0669596851116,0.0366056438949,0.0543286630145,0.321162825745,0.016992579524,1,0.4,50,14,10,3,20,5.54875434878e-06,1.19853093934e-06,5.54875434878e-06,1.04360592735e-05,0.000156730502584,1.51465616963e-05,5.54875434878e-06,1.19853093934e-06,5.54875434878e-06,0.252912087332,0.493968920281,0.252912087184
16,0.183789848424,0.00999483139573,0.0272113425821,0.0980147344806,0.0121483405199,0.131619230267,0.0876290747359,0.000720986396062,0.0496696208777,0.18466489349,0.0276562067743,0.186880890057,1,0.4,50,14,10,3,20,4.25642336346e-05,9.19387446508e-06,4.25642336346e-05,0.000405716424071,0.000655447806445,0.000426027298782,4.25642336346e-05,9.19387446508e-06,4.25642336346e-05,0.25254050004,0.493243163854,0.252540499893
17,0.170182260592,0.0679336054195,0.0747081781485,0.333064841347,0.00641402671567,0.0248524604743,0.07626315733,0.0294428191763,0.0633677968443,0.0703770219903,0.065841388931,0.017552443031,1,0.4,50,14,10,3,20,3.97009147399e-07,8.57539758381e-08,3.97009147399e-07,4.10292834052e-06,2.6899971941e-06,2.1216122162e-06,3.97009147399e-07,8.57539758381e-08,3.97009147399e-07,0.252961726825,0.494065872416,0.252961726677
18,0.268932956122,0.0382585460309,0.0661394737117,0.125640466629,0.0442672562472,0.0629983188969,0.222904969765,0.024291901288,0.0158544221053,0.0430211387907,0.074885575118,0.0128049752955,1,0.4,50,14,10,3,20,0.000772287832196,0.000166814171754,0.000772287832196,0.0209749427175,0.00943471906299,0.00285427134509,0.000772287832196,0.000166814171754,0.000772287832196,0.243683993707,0.475945299931,0.243683993565
19,0.0340119849846,0.060777385536,0.0374861345308,0.158399528594,0.0949821875589,0.161788274693,0.0547896298819,0.17712678139,0.119246449156,0.0105649495603,0.0341806460708,0.0566460480434,1,0.4,50,14,10,3,20,0.00108681766511,0.000234752615663,0.00108681766511,0.104628168605,0.0113763248543,0.00940815152008,0.00108681766511,0.000234752615663,0.00108681766511,0.22002101616,0.429728546937,0.220021016032
20,0.0381463440387,0.0560227360844,0.155220946598,0.0143638879437,0.0206781478918,0.0176546217816,0.0505068254619,0.106457698442,0.01209056432,0.199946378147,0.13983157828,0.189080271011,1,0.4,50,14,10,3,20,6.27987076627e-07,1.35645208551e-07,6.27987076627e-07,2.15451705176e-06,2.49024355608e-06,3.06349314792e-06,6.27987076627e-07,1.35645208551e-07,6.27987076627e-07,0.252961773013,0.494065962628,0.252961772866
21,0.0351646894255,0.150607847622,0.0703393178264,0.143186527871,0.0771072814582,0.0493923457438,0.204206082567,0.00943888866078,0.0142783842634,0.0969313824261,0.00607248057824,0.143274771559,1,0.4,50,14,10,3,20,0.000261344958783,5.64505110972e-05,0.000261344958783,0.00826674709062,0.00312506254976,0.00244965769842,0.000261344958783,5.64505110972e-05,0.000261344958783,0.24917002428,0.486660203389,0.249170024135
22,0.0481667473942,0.00547249263544,0.094493906912,0.0623917193081,0.0109008298197,0.0765779222653,0.248604866864,0.0803622362782,0.0443724134373,0.25812023239,0.0220244832945,0.048512149401,1,0.4,50,14,10,3,20,3.52826830058e-06,7.62105952925e-07,3.52826830058e-06,6.3721051e-06,1.1752650968e-05,2.84433224941e-05,3.52826830058e-06,7.62105952925e-07,3.52826830058e-06,0.252948691244,0.494040412297,0.252948691096
23,0.0881493434646,0.124237701559,0.0253433366984,0.086901776649,0.0346068352393,0.108263605158,0.000891122765556,0.0683456174702,0.0663409232304,0.0619694813619,0.265317279001,0.0696329774031,1,0.4,50,14,10,3,20,0.000170047193158,3.67301937222e-05,0.000170047193158,0.00942523677658,0.0018439715036,0.000894850761644,0.000170047193158,3.67301937222e-05,0.000170047193158,0.249696706334,0.487688879275,0.249696706189
24,0.362472138284,0.022185816213,0.0432438924941,0.0139103325019,0.0577958151734,0.0396366483118,0.0111534757323,0.0793208660903,0.136447746376,0.0170319076017,0.0772372030107,0.139564158211,1,0.4,50,14,10,3,20,0.000343414757623,7.41775876467e-05,0.000343414757623,0.012370900778,0.00182862992309,0.0029791835078,0.000343414757623,7.41775876467e-05,0.000343414757623,0.24823380794,0.48483165585,0.248233807795
25,0.029313638911,0.0435201193978,0.0101136873732,0.12100655337,0.0906075045809,0.00469219150429,0.101052270542,0.0829794480095,0.264720807698,0.250683097408,0.000955092053374,0.000355589152472,1,0.4,50,14,10,3,20,0.000247268117099,5.34099132934e-05,0.000247268117099,0.00650770633173,0.0048992035399,0.000488974700505,0.000247268117099,5.34099132934e-05,0.000247268117099,0.249677969597,0.487652284085,0.249677969451
26,0.0242284503084,0.0607245376351,0.00153276018438,0.0417546368684,0.0541069512915,0.111339860015,0.0446041469499,0.0964872840674,0.209541963763,0.198591755056,0.0378430546121,0.119244599249,1,0.4,50,14,10,3,20,2.14982239146e-06,4.64361636555e-07,2.14982239146e-06,1.23765671333e-05,1.43217292612e-05,2.83629707212e-05,2.14982239146e-06,4.64361636555e-07,2.14982239146e-06,0.252948088198,0.494039234473,0.25294808805
27,0.0562758141105,0.0132780879246,0.397451960122,0.154344222512,0.0304241896597,0.0481427324492,0.0615364026806,0.0402170452321,0.0609117146833,0.0196646504404,0.0442788391134,0.0734743410724,1,0.4,50,14,10,3,20,0.000756620761229,0.000163430084426,0.000756620761229,0.0525321212147,0.00478433375322,0.00848858956457,0.000756620761229,0.000163430084426,0.000756620761229,0.23546981506,0.459901982271,0.235469814923
28,0.0660744309337,0.0634923426891,0.124560134406,0.0203673343264,0.0540504598308,0.00658535527291,0.0603361019465,0.19285077566,0.166154719659,0.0910482697704,0.01862476762,0.135855307885,1,0.4,50,14,10,3,20,7.02656936028e-06,1.51773898182e-06,7.02656936028e-06,2.89094146927e-05,4.184584828e-05,0.000109711568887,7.02656936028e-06,1.51773898182e-06,7.02656936028e-06,0.252910897543,0.493966596475,0.252910897395
29,0.0837680946606,0.238403341965,0.0722563858925,0.0572922615757,0.116547785684,0.147343390862,0.0841979330624,0.015194787495,0.0734899399516,0.012501094107,0.0484954242989,0.050509560445,1,0.4,50,14,10,3,20,0.000988314260097,0.000213475880181,0.000988314260097,0.00779180804906,0.00455752530487,0.00402674020375,0.000988314260097,0.000213475880181,0.000988314260097,0.247713825915,0.483816065957,0.24771382577
30,0.131559968211,0.0494868222448,0.053673841279,0.0203966078989,0.0597474867397,0.161530118414,0.179949277114,0.0909470179582,0.00294351931721,0.179111758424,0.0293611914401,0.0412923909585,1,0.4,50,14,10,3,20,0.000147800960617,3.19250074934e-05,0.000147800960617,0.00150157220159,0.00300162255853,0.000355141004344,0.000147800960617,3.19250074934e-05,0.000147800960617,0.251569735541,0.491347139442,0.251569735394
31,0.0526132611081,0.328366589347,0.0322878504246,0.03100438326,0.0408703892295,0.0601985613592,0.0556224879709,0.108555845298,0.0221820780221,0.0436183351522,0.214808362504,0.00987185632465,1,0.4,50,14,10,3,20,0.000239559922579,5.17449432771e-05,0.000239559922579,0.00832990851427,0.00154085267271,0.00298197922739,0.000239559922579,5.17449432771e-05,0.000239559922579,0.24944456106,0.487196408035,0.249444560914
32,0.0796107586998,0.116955353642,0.0799539466999,0.0611911020165,0.0829965839293,0.2399434603,0.0508993751492,0.0774395052802,0.113864829299,0.00683376540177,0.0387970250901,0.0515142944917,1,0.4,50,14,10,3,20,0.00137850820526,0.000297757772337,0.00137850820526,0.0935129913547,0.0113492659814,0.0103601211245,0.00137850820526,0.000297757772337,0.00137850820526,0.222271765643,0.434124542018,0.222271765513
33,0.0251733440263,0.116574718956,0.12521810164,0.160054511569,0.0187107651665,0.0261255695477,0.0991896490377,0.123508828144,0.227534902444,0.0374650990149,0.0157814650887,0.0246630453649,1,0.4,50,14,10,3,20,0.00237257925659,0.000512477119424,0.00237257925659,0.160447369567,0.00886709485316,0.00831796185962,0.00237257925659,0.000512477119424,0.00237257925659,0.205369752489,0.401112797596,0.205369752369
34,0.0884967914012,0.0791750681819,0.0285661984258,0.0292082839685,0.057679285953,0.0164585073971,0.0591517939684,0.0764130416892,0.257467243496,0.0933135004184,0.195265333988,0.018804951112,1,0.4,50,14,10,3,20,0.000201352671375,4.34921770171e-05,0.000201352671375,0.00745625931739,0.00177273049754,0.00223387268656,0.000201352671375,4.34921770171e-05,0.000201352671375,0.249838986344,0.487966769918,0.249838986198
35,0.168418304644,0.122742470246,0.0179470795926,0.062832466279,0.0307500845551,0.0996886050098,0.0257388345576,0.153849856003,0.0428220644748,0.0855555183217,0.0375059751145,0.152148741202,1,0.4,50,14,10,3,20,0.00024649978313,5.32439531562e-05,0.00024649978313,0.00892771911826,0.000912723316519,0.0032773884684,0.00024649978313,5.32439531562e-05,0.00024649978313,0.249369722052,0.487050238099,0.249369721907
36,0.086583376477,0.0846140951791,0.206585135348,0.0064765186488,0.0423272295437,0.0956521736271,0.00626286937721,0.0822783046852,0.0321755600067,0.194880039079,0.039412042026,0.122752656002,1,0.4,50,14,10,3,20,0.00010083646209,2.17806758114e-05,0.00010083646209,0.0228802919355,0.00219426791102,0.000199981760831,0.00010083646209,2.17806758114e-05,0.00010083646209,0.246457815429,0.481362920479,0.246457815285
37,0.0549640436087,0.0607883407172,0.00846684477936,0.0444476574024,0.00335510330321,0.163075259763,0.04908370624,0.0132589867584,0.0643636068997,0.0349272480258,0.150124288316,0.353144914187,1,0.4,50,14,10,3,20,8.24658430184e-05,1.7812622092e-05,8.24658430184e-05,0.00571245939906,0.00106659968235,0.000474568517195,8.24658430184e-05,1.7812622092e-05,8.24658430184e-05,0.25103706162,0.490306760691,0.251037061474
38,0.227199737012,0.0187997848124,0.020555253066,0.0099938195001,0.0387451953392,0.0678661750847,0.0450860442102,0.0161726513396,0.0679243723369,0.143248324503,0.281475972453,0.0629326703434,1,0.4,50,14,10,3,20,1.82079602167e-07,3.93291940681e-08,1.82079602167e-07,3.47378585256e-06,5.5109639342e-06,3.17287372669e-07,1.82079602167e-07,3.93291940681e-08,1.82079602167e-07,0.252961869767,0.4940661516,0.252961869619
39,0.194539526854,0.0581017689838,0.0147579566581,0.122926633227,0.00180867485826,0.0192977693912,0.106533679408,0.137995116428,0.125425864659,0.0301761131477,0.0484439141027,0.139992982282,1,0.4,50,14,10,3,20,0.000388979476934,8.40195670177e-05,0.000388979476934,0.00421713920649,0.00293350240494,0.000752040137225,0.000388979476934,8.40195670177e-05,0.000388979476934,0.250529229822,0.489314901711,0.250529229676
40,0.301882084383,0.0661725600698,0.10724517283,0.00373589610421,0.0939292650162,0.0593707319485,0.00297338968881,0.202100990635,0.00490522744645,0.00638029071118,0.0250343934104,0.126269997757,1,0.4,50,14,10,3,20,0.000503538153427,0.00010876424114,0.000503538153427,0.0512542996335,0.00737624683542,0.00519977916982,0.000503538153427,0.00010876424114,0.000503538153427,0.236253089308,0.461431814786,0.236253089171
41,0.21435011906,0.0217863536696,0.0181240765592,0.206934920587,0.0067705687356,0.231305862706,0.0291187806931,0.107688145372,0.0398665914238,0.0612606693781,0.0268824606822,0.0359114511334,1,0.4,50,14,10,3,20,0.000836469385342,0.000180677387234,0.000836469385342,0.0268742674854,0.00255898064147,0.0157466873581,0.000836469385342,0.000180677387234,0.000836469385342,0.240597712598,0.469917407144,0.240597712458
42,0.0644080914991,0.0502864933311,0.0374324212693,0.032180957869,0.00842194211895,0.0785236501913,0.0342005167182,0.207713055814,0.138245513627,0.0750127954257,0.163270768637,0.1103037935,1,0.4,50,14,10,3,20,0.000104050683777,2.24749476959e-05,0.000104050683777,0.0125250490998,0.00265264337632,0.00123384376882,0.000104050683777,2.24749476959e-05,0.000104050683777,0.248696236915,0.48573483744,0.24869623677
43,0.058693382425,0.214692395952,0.00138432821742,0.150725162201,0.0336508636995,0.0437927881496,0.00366828126858,0.0286489546443,0.0167245490889,0.0185312351646,0.0417742534268,0.387713805762,1,0.4,50,14,10,3,20,5.52494756608e-05,1.19338867427e-05,5.52494756608e-05,0.00690656509623,0.00297816149765,0.000180304893212,5.52494756608e-05,1.19338867427e-05,5.52494756608e-05,0.250356389759,0.488977323464,0.250356389613
44,0.0724514047451,0.0550595509133,0.135509903707,0.148640824018,0.201947260065,0.00566345221878,0.0530169009956,0.0466787939959,0.00044295132794,0.199356874981,0.0177493173308,0.0634827657025,1,0.4,50,14,10,3,20,0.000267310490382,5.77390659226e-05,0.000267310490382,0.00631023141646,0.00325405673315,0.000890112925701,0.000267310490382,5.77390659226e-05,0.000267310490382,0.250020143371,0.488320592236,0.250020143225
45,0.0177292171916,0.122387849301,0.0620405520765,0.0196524138079,0.263786490693,0.126362088994,0.132054596607,0.0309319527675,0.0412994785695,0.096978969096,0.0602727871432,0.0265036037525,1,0.4,50,14,10,3,20,5.03939843981e-06,1.088510063e-06,5.03939843981e-06,6.93557947802e-06,7.47808046486e-06,0.000119145652018,5.03939843981e-06,1.088510063e-06,5.03939843981e-06,0.25292499137,0.493994123482,0.252924991223
46,0.107887974695,0.0757145849661,0.00765269021536,0.101097407452,0.0323963532069,0.153918471961,0.0508400812872,0.0625950213868,0.234575118656,0.119253898319,0.0384599450344,0.0156084528216,1,0.4,50,14,10,3,20,0.000296124781906,6.39629528917e-05,0.000296124781906,0.014519556645,0.00590830162563,0.00627688720926,0.000296124781906,6.39629528917e-05,0.000296124781906,0.245877079503,0.480228670624,0.24587707936
47,0.181559614012,0.14498181516,0.0501115481859,0.0230807090407,0.0268698614738,0.253958606939,0.0200685917169,0.0259716459878,0.00644410798063,0.0411000891897,0.116229198848,0.109624211466,1,0.4,50,14,10,3,20,0.000196645765213,4.2475485286e-05,0.000196645765213,0.00257408427667,0.0018729820672,0.0013763491467,0.000196645765213,4.2475485286e-05,0.000196645765213,0.251270842918,0.490763364788,0.251270842772
48,0.101756721374,0.0559775121175,0.0135216249475,0.0104141833886,0.0161217774383,0.00814411722962,0.264595081823,0.187051653946,0.0228149550516,0.275833416412,0.0358550530507,0.00791390322111,1,0.4,50,14,10,3,20,0.000149172053081,3.22211634655e-05,0.000149172053081,0.00242290348138,0.00080244537959,0.000645244879134,0.000149172053081,3.22211634655e-05,0.000149172053081,0.251818061952,0.491832151963,0.251818061805
49,0.454263394715,0.0417363903731,0.0487874304353,0.0099481100156,0.0387527746419,0.0128718229806,0.0373056639382,0.000669441075473,0.00709703657732,0.0879072980804,0.0455975163744,0.215063120793,1,0.4,50,14,10,3,20,8.70360377453e-05,1.8799784153e-05,8.70360377453e-05,0.000893540795589,0.000435584030313,0.000795193969396,8.70360377453e-05,1.8799784153e-05,8.70360377453e-05,0.252329470462,0.492830996709,0.252329470315
50,0.0336423944847,0.158786800054,0.00518216838825,0.1486356394,0.0679729500537,0.0494596222069,0.0149652295061,0.0900875914063,0.0262681082428,0.176542204609,0.171249466118,0.0572078255301,1,0.4,50,14,10,3,20,0.000157560738921,3.40331196069e-05,0.000157560738921,0.00567887789432,0.00189007173969,0.00051670412558,0.000157560738921,3.40331196069e-05,0.000157560738921,0.250742396832,0.489731243527,0.250742396686
51,0.088734186327,0.138071704935,0.0292409799936,0.0572842168192,0.13972637917,0.0015069862021,0.236919469916,0.0229236068693,0.0224917516223,0.0341515887385,0.169017005543,0.0599321238631,1,0.4,50,14,10,3,20,0.000108821900588,2.3505530527e-05,0.000108821900588,0.00293352447978,0.00294178044347,0.00162336991742,0.000108821900588,2.3505530527e-05,0.000108821900588,0.250945524598,0.490127977445,0.250945524452
52,0.0485245427862,0.0618471237802,0.00669268500364,0.0836428689546,0.0120394259505,0.271014337447,0.00610037565997,0.0150875892547,0.351752706445,0.054361256029,0.0215631915664,0.0673738971232,1,0.4,50,14,10,3,20,0.000366991896509,7.9270249646e-05,0.000366991896509,0.00215171722441,0.00582628165713,0.00102493610156,0.000366991896509,7.9270249646e-05,0.000366991896509,0.250275556013,0.488819445052,0.250275555867
53,0.0539801477067,0.10791698132,0.137764644656,0.0104423427643,0.0256720289643,0.0767504471042,0.132602614955,0.0202884651129,0.132636936059,0.0340121273646,0.0984676273064,0.169465636686,1,0.4,50,14,10,3,20,0.000157826776952,3.40905838217e-05,0.000157826776952,0.00686394764773,0.00120290522574,0.00159400080912,0.000157826776952,3.40905838217e-05,0.000157826776952,0.250343629021,0.488952400146,0.250343628875
54,0.279470611337,0.0758188103046,0.203290461412,0.00832888925294,0.0543434426043,0.082995522409,0.0346289127363,0.0260436208413,0.027858588575,0.034948105783,0.0937804735906,0.0784925611536,1,0.4,50,14,10,3,20,0.000167816995074,3.62484709361e-05,0.000167816995074,0.0419289313811,0.00835128659701,0.000610795847021,0.000167816995074,3.62484709361e-05,0.000167816995074,0.239902664769,0.468559891854,0.239902664629
55,0.0507229421959,0.00290253497965,0.0939588817466,0.0226204128221,0.0289153252502,0.0391604659475,0.0642323118983,0.0971697147524,0.119944482214,0.00803099895115,0.329423473841,0.142918455401,1,0.4,50,14,10,3,20,0.000110329501162,2.38311722511e-05,0.000110329501162,0.00444963969459,0.000440092774638,0.000573102136097,0.000110329501162,2.38311722511e-05,0.000110329501162,0.251458829528,0.491130526136,0.251458829382
56,0.0741159229198,0.0563528641266,0.0199238409933,0.122886568445,0.0949804192175,0.00157176751675,0.0128561456732,0.142959470846,0.0963015690831,0.134511256544,0.158124710561,0.0854154640742,1,0.4,50,14,10,3,20,0.000252643296144,5.45709519671e-05,0.000252643296144,0.0129754552642,0.000705242323662,0.001722751062,0.000252643296144,5.45709519671e-05,0.000252643296144,0.248784654341,0.485907527726,0.248784654195
57,0.0223133157336,0.150741733815,0.0348380797879,0.0404777847255,0.155060981122,0.0450854130716,0.0880246087059,0.133827522613,0.0225705369779,0.0906213667705,0.00316649125294,0.213272165423,1,0.4,50,14,10,3,20,0.000233019694134,5.03322539329e-05,0.000233019694134,0.0248756812203,0.00237190010786,0.00212159269762,0.000233019694134,5.03322539329e-05,0.000233019694134,0.245273823396,0.479050436041,0.245273823253
58,0.102315517523,0.150546204092,0.0648821383536,0.0792644443504,0.0797948312999,0.0267578259206,0.0314505059482,0.0579060232733,0.0483172745433,0.00581491947937,0.193428021737,0.159522293479,1,0.4,50,14,10,3,20,9.97776286431e-05,2.15519677869e-05,9.97776286431e-05,0.0083624004466,0.0019242597539,0.00154271926741,9.97776286431e-05,2.15519677869e-05,9.97776286431e-05,0.249860150264,0.4880081057,0.249860150118
59,0.00325854319928,0.112065898869,0.00860328788741,0.0368873185473,0.036741745643,0.0737760350875,0.226176483214,0.00163745664032,0.028093358437,0.20880580022,0.0233218666197,0.240632205635,1,0.4,50,14,10,3,20,5.88571128339e-05,1.27131363721e-05,5.88571128339e-05,0.0031926304397,0.00136926814673,0.000256421163867,5.88571128339e-05,1.27131363721e-05,5.88571128339e-05,0.251679576527,0.491561672618,0.25167957638
60,0.141032293382,0.0624456797669,0.102167445248,0.0152717783165,0.077840919317,0.0622761440314,0.052861973251,0.174246924513,0.237494880386,0.0138905044963,0.0511866705781,0.00928478671394,1,0.4,50,14,10,3,20,0.00104822871124,0.000226417401629,0.00104822871124,0.165734771669,0.0174348283557,0.0152857325045,0.00104822871124,0.000226417401629,0.00104822871124,0.201587078114,0.393724761712,0.201587077997
61,0.125411688831,0.167016417429,0.0242191273771,0.0783784068822,0.109341702502,0.0131693387062,0.0899807885678,0.114873725269,0.157266463895,0.0499153187824,0.0246418980847,0.0457851236724,1,0.4,50,14,10,3,20,0.000991753014266,0.000214218651081,0.000991753014266,0.0882399207196,0.00445532707105,0.0142105946268,0.000991753014266,0.000214218651081,0.000991753014266,0.22480915949,0.439080389374,0.224809159359
62,0.0954570764035,0.0611060914201,0.0639837931376,0.103886916313,0.121639404478,0.0190962823847,0.0263673192572,0.251897751339,0.0136516276918,0.0880085665496,0.0677405248655,0.0871646461601,1,0.4,50,14,10,3,20,0.000210930286642,4.55609419147e-05,0.000210930286642,0.0198243133221,0.00154703617692,0.00223089866974,0.000210930286642,4.55609419147e-05,0.000210930286642,0.246757415773,0.4819480774,0.246757415629
63,0.0680860919733,0.0854781865918,0.0774082043703,0.0138115027639,0.202671301705,0.0566209740718,0.012222891766,0.148619370736,0.0563246897363,0.146085730629,0.103327443296,0.0293436123604,1,0.4,50,14,10,3,20,0.000256248671809,5.53497131108e-05,0.000256248671809,0.023747132068,0.00239452188196,0.00226793864074,0.000256248671809,5.53497131108e-05,0.000256248671809,0.245490520466,0.479473672506,0.245490520323
64,0.0674374904192,0.17688604618,0.0529728965521,0.211896166278,0.0425155808263,0.10289352066,0.0580960990207,0.0484737635531,0.05293674331,0.0327131301938,0.0746494346715,0.0785291283351,1,0.4,50,14,10,3,20,0.000328827951216,7.10268374627e-05,0.000328827951216,0.0485392830792,0.00510942031376,0.00600649352258,0.000328827951216,7.10268374627e-05,0.000328827951216,0.23750512266,0.463877192424,0.237505122521
65,0.0548428225407,0.0676505172696,0.0217859707485,0.194501022053,0.169123579203,0.181751763446,0.111716176423,0.0919183475648,0.009111561592,0.0163177113747,0.0754675253258,0.00581300245866,1,0.4,50,14,10,3,20,2.59475985497e-06,5.60468128674e-07,2.59475985497e-06,1.04775744921e-05,2.76460597254e-05,4.67310235019e-06,2.59475985497e-06,5.60468128674e-07,2.59475985497e-06,0.252950691851,0.494044319733,0.252950691703
66,0.0376416265583,0.100303425397,0.127126044665,0.0241798458779,0.0976173969951,0.0998258057061,0.15118031227,0.0596000813849,0.174408592912,0.0812165687182,0.00996985595759,0.0369304435583,1,0.4,50,14,10,3,20,0.000774485734626,0.000167288918679,0.000774485734626,0.026634005218,0.0117989905942,0.00554435094135,0.000774485734626,0.000167288918679,0.000774485734626,0.240971417015,0.470647298582,0.240971416874
67,0.00955310131957,0.0354322646938,0.0398861314452,0.0118310586147,0.469615610525,0.0733247932782,0.118559986894,0.00136582644309,0.0267239955576,0.210844350786,0.00168105335845,0.00118182708433,1,0.4,50,14,10,3,20,0.000505517076897,0.00010919168861,0.000505517076897,0.0159343207242,0.00596454756819,0.000729611264712,0.000505517076897,0.00010919168861,0.000505517076897,0.246673472046,0.481784124809,0.246673471902
68,0.0522116750398,0.293942331658,0.0798626150643,0.0413999424642,0.0301018866669,0.0347319981605,0.188566258891,0.0470024815725,0.0102070838759,0.114793222201,0.0896609363009,0.0175195681051,1,0.4,50,14,10,3,20,0.000312987923621,6.76053915021e-05,0.000312987923621,0.0226629561607,0.00168457674202,0.00576205926201,0.000312987923621,6.76053915021e-05,0.000312987923621,0.244996868498,0.478509508505,0.244996868355
69,0.084249600123,0.144541064809,0.165601956744,0.163453580494,0.00051583348441,0.0990381213504,0.086610269571,0.0498138582212,0.0845706646411,0.0766645493608,0.011028457351,0.0339120438501,1,0.4,50,14,10,3,20,0.000397623198537,8.5886610884e-05,0.000397623198537,0.109251446245,0.00628245858996,0.00425691623968,0.000397623198537,8.5886610884e-05,0.000397623198537,0.222215819963,0.434015273113,0.222215819834
70,0.0593126505583,0.198644100702,0.0307661267811,0.00548038675903,0.0302113784368,0.017982493575,0.0241151058884,0.206370245457,0.278745813999,0.0041213356853,0.0147576559376,0.12949270622,1,0.4,50,14,10,3,20,0.000743224104398,0.00016053640655,0.000743224104398,0.0417356457969,0.00788335021388,0.00408731501015,0.000743224104398,0.00016053640655,0.000743224104398,0.238545383756,0.465908952376,0.238545383617
71,0.000881957995514,0.0789756898665,0.342733492196,0.0623332395517,0.300894475735,0.0162034963493,0.0126920459351,0.0113077704264,0.0319612206992,0.0779804533028,0.0236836656435,0.0403524922986,1,0.4,50,14,10,3,20,0.000427422811641,9.23233273144e-05,0.000427422811641,0.00623658154714,0.00698868077364,0.00292796234398,0.000427422811641,9.23233273144e-05,0.000427422811641,0.248399035665,0.48515436625,0.24839903552
72,0.0979961951785,0.00318208925748,0.0787157920764,0.0446971389911,0.00195574160494,0.124435111843,0.0788928788051,0.152087048572,0.12268847748,0.219747874095,0.0352595445093,0.0403421075873,1,0.4,50,14,10,3,20,0.00011178921396,2.41464702155e-05,0.00011178921396,0.00073751814843,0.00110408219914,0.000409697543319,0.00011178921396,2.41464702155e-05,0.00011178921396,0.252269597533,0.492714057394,0.252269597386
73,0.101771629723,0.0662419816067,0.0834873301834,0.0290805517263,0.0181070265527,0.0445576730221,0.172717966637,0.0336139488232,0.0251512226955,0.238289744979,0.058407289422,0.12857363463,1,0.4,50,14,10,3,20,3.91318108441e-05,8.45247114233e-06,3.91318108441e-05,0.000373001943079,0.000455154561293,0.000262409242069,3.91318108441e-05,8.45247114233e-06,3.91318108441e-05,0.252644680475,0.493446641265,0.252644680328
74,0.0810587597018,0.404389704371,0.0280790775788,0.00765813773392,0.0497887707039,0.135546470088,0.203784843466,0.00842772746932,0.00292403049732,0.019541417925,0.0148582380581,0.0439428224065,1,0.4,50,14,10,3,20,0.00148179523266,0.000320067770255,0.00148179523266,0.043621842281,0.0316124153149,0.00675374505738,0.00148179523266,0.000320067770255,0.00148179523266,0.230563081429,0.450318518153,0.230563081294
75,0.0861646081,0.117238668798,0.0289317959285,0.0183439283893,0.109044566919,0.191837238287,0.0691261645865,0.22484245073,0.0100065226584,0.104629140749,0.0250779615859,0.014756953269,1,0.4,50,14,10,3,20,6.83478077286e-05,1.47631264694e-05,6.83478077286e-05,0.0122086259413,0.000453308888073,0.000827053903336,6.83478077286e-05,1.47631264694e-05,6.83478077286e-05,0.249475565335,0.48725696326,0.249475565189
76,0.0496555038304,0.084952221156,0.299167966567,0.0214168788776,0.177799636171,0.00720653698021,0.0740863788518,0.22084960439,0.0145927731166,0.0170747361258,0.0134024252869,0.019795338647,1,0.4,50,14,10,3,20,0.00235489890707,0.000508658163927,0.00235489890707,0.111262054444,0.0387372007771,0.0237901413554,0.00235489890707,0.000508658163927,0.00235489890707,0.206361724414,0.40305024276,0.206361724293
77,0.0863913733159,0.156676973388,0.0292708211928,0.126080904596,0.0216110860249,0.0483046460206,0.241614897945,0.0159819149153,0.0228048182813,0.0857738233888,0.149660311169,0.0158284297619,1,0.4,50,14,10,3,20,0.000283967950987,6.13370774131e-05,0.000283967950987,0.0139877297194,0.00571333392138,0.000539797555307,0.000283967950987,6.13370774131e-05,0.000283967950987,0.247525841776,0.483448909437,0.247525841632
78,0.103786800677,0.0106350712622,0.0305832452326,0.0624344138311,0.309454434608,0.0520232929187,0.00239866712646,0.0199749121553,0.0479976521132,0.204733399837,0.102493318529,0.0534847917096,1,0.4,50,14,10,3,20,9.76162746202e-05,2.1085115318e-05,9.76162746202e-05,0.00421876729331,0.00276382656838,0.00061763099935,9.76162746202e-05,2.1085115318e-05,9.76162746202e-05,0.250932399113,0.490102341731,0.250932398966
79,0.0844042928321,0.0297721620053,0.192476868368,0.0307847255805,0.00447351521687,0.0865914057265,0.00958910866697,0.0901712249934,0.0343729688449,0.123432425618,0.213465662671,0.100465639476,1,0.4,50,14,10,3,20,1.49069313156e-06,3.21989716418e-07,1.49069313156e-06,1.12735882005e-05,1.15019740061e-05,1.09386419861e-05,1.49069313156e-06,3.21989716418e-07,1.49069313156e-06,0.25295422722,0.494051224751,0.252954227073
80,0.0406025405587,0.0933585737483,0.0991181058307,0.0962660004525,0.00927343048848,0.0579812873669,0.0134548010014,0.0885377731904,0.12591589846,0.196775540898,0.124480611469,0.0542354365349,1,0.4,50,14,10,3,20,0.000126468509424,2.73171980355e-05,0.000126468509424,0.0018721664819,0.000990187196254,0.000302588156667,0.000126468509424,2.73171980355e-05,0.000126468509424,0.252022020595,0.492230508688,0.252022020448
81,0.0535875414781,0.0106707306248,0.123116796925,0.0743185672776,0.192945022289,0.0603199248146,0.189028612837,0.0203542133643,0.0561878181914,0.113079556565,0.102223912182,0.00416730345121,1,0.4,50,14,10,3,20,0.000371325780117,8.02063685053e-05,0.000371325780117,0.0161381764034,0.00288772564647,0.00244723063872,0.000371325780117,8.02063685053e-05,0.000371325780117,0.247116180713,0.482648790173,0.247116180568
82,0.150137215191,0.0264103743872,0.0933430968109,0.0619152881912,0.158434617818,0.0651193658177,0.0121476866728,0.0193346341006,0.0841643090454,0.073062327987,0.149210054333,0.106721029646,1,0.4,50,14,10,3,20,8.42196395387e-05,1.81914421404e-05,8.42196395387e-05,0.000649956537769,0.000752901787695,0.000198677845082,8.42196395387e-05,1.81914421404e-05,8.42196395387e-05,0.252464873441,0.493095455652,0.252464873294
83,0.202551600738,0.0526751733102,0.193409897254,0.0345252399137,0.174161577999,0.00399018938775,0.0527195111189,0.0151383002521,0.0222522707898,0.0626693071168,0.161734341548,0.0241725905713,1,0.4,50,14,10,3,20,0.000112983656003,2.44044696967e-05,0.000112983656003,0.00321818146855,0.00305691992414,0.00168993742265,0.000112983656003,2.44044696967e-05,0.000112983656003,0.250822885199,0.489888447369,0.250822885053
84,0.00309229599506,0.0400120184088,0.0586357813224,0.0541137631618,0.0155362154557,0.100852468279,0.320216700611,0.019019475377,0.00428240938475,0.0701262010723,0.21317328176,0.100939389173,1,0.4,50,14,10,3,20,0.000116555803903,2.5176053643e-05,0.000116555803903,0.00728670294526,0.00199715910898,0.000902890198332,0.000116555803903,2.5176053643e-05,0.000116555803903,0.250256865861,0.488782940849,0.250256865715
85,0.0147463297448,0.187706406235,0.358550008532,0.0610447234882,0.0501331109072,0.0739432592667,0.0802875087307,0.0257699045415,0.0349585557928,0.0390691727999,0.0119600793863,0.0618309405749,1,0.4,50,14,10,3,20,0.00128840561426,0.00027829561268,0.00128840561426,0.0425552358664,0.0046499282075,0.0118710668604,0.00128840561426,0.00027829561268,0.00128840561426,0.236575761149,0.462062033224,0.236575761011
86,0.0328026086043,0.0649136775229,0.0454786018904,0.294726661208,0.0185616363953,0.0702542227035,0.00223855319478,0.0523833956801,0.00846357859466,0.0849221238505,0.0436498306042,0.281605109751,1,0.4,50,14,10,3,20,0.000109531298747,2.36587605293e-05,0.000109531298747,0.00161095982381,0.00150986016466,0.000333492704167,0.000109531298747,2.36587605293e-05,0.000109531298747,0.251967809018,0.492124626702,0.251967808871
87,0.195787477136,0.104469542366,0.0025791666564,0.00958136166863,0.0738034240122,6.97918243515e-05,0.157286760198,0.0840903782525,0.017285402594,0.196580618525,0.00611420617965,0.152351870587,1,0.4,50,14,10,3,20,3.77331900483e-06,8.15036905044e-07,3.77331900483e-06,9.99058799409e-06,0.00025464679268,1.08180405786e-05,3.77331900483e-06,8.15036905044e-07,3.77331900483e-06,0.252890516152,0.493926789072,0.252890516005
88,0.203076274062,0.307151177947,0.0479074054728,0.0375524004148,0.00611672587348,0.0118345262756,0.0168209925787,0.04941614167,0.119416504702,0.0129619073514,0.100078587426,0.087667356226,1,0.4,50,14,10,3,20,0.000314953542744,6.80299652327e-05,0.000314953542744,0.013812022052,0.00305501329036,0.0065268874643,0.000314953542744,6.80299652327e-05,0.000314953542744,0.246693490218,0.4818232228,0.246693490074
89,0.0507382004524,0.0193027163741,0.0325201654783,0.0152051470534,0.242630385089,0.0543193131644,0.144077437095,0.185432915365,0.0633167216086,0.0094361062791,0.130203882341,0.0528170096995,1,0.4,50,14,10,3,20,0.000583944014914,0.000126131907221,0.000583944014914,0.0488834096223,0.00285596684854,0.0071009458557,0.000583944014914,0.000126131907221,0.000583944014914,0.237425236543,0.463721164852,0.237425236404
90,0.0895785758645,0.0879451039227,0.0249896563815,0.0349590754158,0.0897007815508,0.222090779652,0.0726356439329,0.199783982305,0.028200307397,0.0414484403627,0.053655634546,0.0550120186692,1,0.4,50,14,10,3,20,0.000506987682257,0.000109509339367,0.000506987682257,0.0257048379454,0.0133235182664,0.00323515160828,0.000506987682257,0.000109509339367,0.000506987682257,0.241704859621,0.472079803671,0.24170485948
91,0.134492118784,0.034701197466,0.0749261319155,0.150869853527,0.196809056807,0.0406559095703,0.0608271206248,0.0508901582889,0.0214033023802,0.146220492377,0.0219299899093,0.0662746683498,1,0.4,50,14,10,3,20,0.000408073377207,8.81438494766e-05,0.000408073377207,0.0299478296994,0.00112796811184,0.00642044364247,0.000408073377207,8.81438494766e-05,0.000408073377207,0.243021705045,0.47465176739,0.243021704904
92,0.256374343404,0.0247772558839,0.00505320873629,0.300655694571,0.0593547473191,0.125168699771,0.0144992528707,0.0733451381906,0.102719114316,0.0268089596116,0.00718793012423,0.00405565520126,1,0.4,50,14,10,3,20,0.00258752967148,0.00055890640904,0.00258752967148,0.165152362537,0.0640846739496,0.00927029062052,0.00258752967148,0.00055890640904,0.00258752967148,0.189729578932,0.370565583636,0.189729578821
93,0.111032960702,0.0711940959914,0.0325378857026,0.0721905616065,0.065075105073,0.00392474699716,0.0235923843593,0.0789119800338,0.371023267753,0.0117511603809,0.137230862716,0.0215349886846,1,0.4,50,14,10,3,20,0.000686702248761,0.000148327685732,0.000686702248761,0.04411560206,0.00372929607617,0.00597313344782,0.000686702248761,0.000148327685732,0.000686702248761,0.238580491247,0.465977521695,0.238580491108
94,0.0204751005445,0.0451223468232,0.256202931729,0.0465136453724,0.0188886730582,0.00671867095286,0.0856955846044,0.0646277840227,0.251588493355,0.133177097444,0.0609041996382,0.0100854724547,1,0.4,50,14,10,3,20,0.00035494400409,7.66679048834e-05,0.00035494400409,0.026858132698,0.0031761826334,0.00315288729791,0.00035494400409,7.66679048834e-05,0.00035494400409,0.24417130396,0.476897077768,0.244171303817
