run_ID,t1_initial,t2_initial,t3_initial,t4_initial,t5_initial,t6_initial,t7_initial,t8_initial,t9_initial,t10_initial,t11_initial,t12_initial,alpha,prior_cost_c,lambda,k,sample_amount,learning_parameter,generations,t1_final,t2_final,t3_final,t4_final,t5_final,t6_final,t7_final,t8_final,t9_final,t10_final,t11_final,t12_final
0,0.0900445551614,0.0787465399934,0.00152223078512,0.117066793233,0.00553768355422,0.258867996024,0.044238161689,0.0599867913721,0.0607393053239,0.0831433950269,0.0716785294204,0.128428018417,1,0.4,47,15,10,3,20,0.000247815208562,5.35280850494e-05,0.000247815208562,0.00564865705049,0.00182532616493,0.00228685904478,0.000247815208562,5.35280850494e-05,0.000247815208562,0.250217446401,0.488705948634,0.2502174457
1,0.205561827883,0.00599400525044,0.225637835039,0.0586299607673,0.111258539335,0.00852770038102,0.024032136525,0.06834731607,0.15142486589,0.0451277352242,0.0137266374275,0.081731440208,1,0.4,47,15,10,3,20,0.000505976638025,0.000109290953813,0.000505976638025,0.0364631054452,0.00750043366086,0.00997346969577,0.000505976638025,0.000109290953813,0.000505976638025,0.23875301305,0.466314477307,0.238753012381
2,0.0165107976608,0.192247648657,0.002397940308,0.0761632819643,0.0199264538911,0.0651624531198,0.130855435441,0.0454306178864,0.147198916983,0.078023135182,0.164738181315,0.0613451375926,1,0.4,47,15,10,3,20,0.000248849536606,5.3751499907e-05,0.000248849536606,0.0158747786169,0.00123005139954,0.00220813010545,0.000248849536606,5.3751499907e-05,0.000248849536606,0.247799940751,0.483984257924,0.247799940057
3,0.00213039621773,0.135580144747,0.00816071699791,0.0855999447956,0.186863899461,0.218516823603,0.119811281309,0.000198853596636,0.0524863089158,0.0801622264322,0.106331610591,0.00415779333372,1,0.4,47,15,10,3,20,0.000401447557661,8.67126724547e-05,0.000401447557661,0.0116615078531,0.00782628142864,0.00193356391782,0.000401447557661,8.67126724547e-05,0.000401447557661,0.247095508811,0.482608414295,0.247095508119
4,0.135075372913,0.0447233552325,0.00573720006178,0.0660660281346,0.0883736382525,0.0774235583321,0.0282968114026,0.0469136123857,0.0372392402142,0.049107838877,0.136316763692,0.284726580502,1,0.4,47,15,10,3,20,7.55231332835e-05,1.63129967892e-05,7.55231332835e-05,0.00397771749863,0.000880911187712,0.0011376173069,7.55231332835e-05,1.63129967892e-05,7.55231332835e-05,0.251362918592,0.490943199,0.251362917888
5,0.00260756394745,0.0589582427582,0.0395053290981,0.115109496841,0.0360503823565,0.0266296776597,0.247000845478,0.00403460666556,0.0354497274268,0.189696469591,0.155774095465,0.0891835627121,1,0.4,47,15,10,3,20,1.16637983888e-06,2.51938045197e-07,1.16637983888e-06,2.84818807018e-06,1.51921112978e-05,2.14233819012e-06,1.16637983888e-06,2.51938045197e-07,1.16637983888e-06,0.252958014244,0.494058620187,0.252958013536
6,0.178697040325,0.140694903256,0.0786286216567,0.00481757907095,0.0210660025664,0.0412196032341,0.0050007847792,0.000926464175878,0.107465491166,0.257982891117,0.155778580572,0.0077220380813,1,0.4,47,15,10,3,20,5.92871457307e-05,1.28060234778e-05,5.92871457307e-05,0.000992868385643,0.000500378498933,0.000424210013842,5.92871457307e-05,1.28060234778e-05,5.92871457307e-05,0.252412909928,0.492993963322,0.252412909221
7,0.128495525126,0.0238357371114,0.115231344754,0.0428138861079,0.165132658378,0.0180550286801,0.0348337690284,0.108749994415,0.144242068575,0.0463799932925,0.0894434951031,0.082786499429,1,0.4,47,15,10,3,20,0.00019302732791,4.16939028286e-05,0.00019302732791,0.00887871756214,0.00617873940109,0.00224790800831,0.00019302732791,4.16939028286e-05,0.00019302732791,0.248370375327,0.485098387952,0.248370374632
8,0.20335117773,0.222702632275,0.0732024158755,0.115978164301,0.0664493248626,0.0464349258027,0.0468180824192,0.00459640734131,0.072970343359,0.00278926060514,0.083790783328,0.0609164821013,1,0.4,47,15,10,3,20,0.000659304098363,0.000142409685247,0.000659304098363,0.0775957899357,0.00364136660187,0.00499165280898,0.000659304098363,0.000142409685247,0.000659304098363,0.230412434921,0.450024285694,0.230412434275
9,0.0670214858179,0.114920534333,0.0404815648666,0.0487620088981,0.372711442526,0.0494708333184,0.168985370084,0.0217931772838,0.00264883601568,0.0792797105591,0.00743046561236,0.0264945706847,1,0.4,47,15,10,3,20,0.000653000307085,0.00014104806633,0.000653000307085,0.143896410083,0.0113139905023,0.00139411415894,0.000653000307085,0.00014104806633,0.000653000307085,0.212616952323,0.415267483844,0.212616951728
10,0.0437783372536,0.00360529012458,0.0167556511237,0.0236893666474,0.0554246516112,0.464863406416,0.067163408885,0.00229869060357,0.175971554911,0.036291953748,0.096103632079,0.0140540565974,1,0.4,47,15,10,3,20,0.000811653511715,0.00017531715853,0.000811653511715,0.0239461298423,0.00927269274675,0.00320688643978,0.000811653511715,0.00017531715853,0.000811653511715,0.242840042907,0.474296957474,0.242840042227
11,0.222003365196,0.12917516939,0.000278275365904,0.100486884817,0.00988084982402,0.0518712946464,0.0843969648086,0.131191765535,0.2025808855,0.0651731820107,0.00265683876411,0.000304524142247,1,0.4,47,15,10,3,20,0.00212650985655,0.000459326129015,0.00212650985655,0.0553059855019,0.0350193114194,0.00447015364188,0.00212650985655,0.000459326129015,0.00212650985655,0.226600438799,0.442578980789,0.226600438164
12,0.0323211425324,0.0181458281276,0.0622327321946,0.0656542020276,0.0611100037928,0.0698642083333,0.107654359634,0.182874008528,0.170384357973,0.128204086777,0.0698738924731,0.0316811776073,1,0.4,47,15,10,3,20,0.00034037496809,7.35209931073e-05,0.00034037496809,0.0258610907687,0.00361303583904,0.00204306851266,0.00034037496809,7.35209931073e-05,0.00034037496809,0.244610090762,0.477754082182,0.244610090077
13,0.111158945687,0.0365163651386,0.0821167288065,0.0453135667855,0.0372466903492,0.127295955913,0.083116951128,0.107377405216,0.0624904158348,0.0477439429781,0.208521082488,0.0511019496757,1,0.4,47,15,10,3,20,0.000176702617766,3.81677654374e-05,0.000176702617766,0.0280507306078,0.00382250809128,0.000794167472402,0.000176702617766,3.81677654374e-05,0.000176702617766,0.24450262763,0.477544193252,0.244502626945
14,0.167696532406,0.156131796148,0.124492104445,0.125003306269,0.00305810908824,0.182740408179,0.0165734765789,0.0376392939826,0.110282535344,0.058445733725,0.0111236277988,0.00681307603626,1,0.4,47,15,10,3,20,8.19870396495e-07,1.77092005643e-07,8.19870396495e-07,6.28814804263e-06,1.50486229601e-06,1.23874285072e-05,8.19870396495e-07,1.77092005643e-07,8.19870396495e-07,0.252958403285,0.494059380033,0.252958402577
15,0.0643477874685,0.00898578685726,0.0847557934868,0.123280299504,0.0327230800883,0.127168959021,0.0311591797775,0.0612372860464,0.0644121041333,0.167600729374,0.168768361457,0.0655606327858,1,0.4,47,15,10,3,20,8.05850311588e-05,1.74063667303e-05,8.05850311588e-05,0.00619411980614,0.0021471860739,0.00124050196497,8.05850311588e-05,1.74063667303e-05,8.05850311588e-05,0.250450223903,0.489160592191,0.250450223202
16,0.0232623299894,0.0618981588748,0.0685241465459,0.0680040919545,0.128751173335,0.00758730002213,0.156745299325,0.0273436840549,0.207498636213,0.043073631118,0.0565301840526,0.150781364515,1,0.4,47,15,10,3,20,0.000262033865105,5.65993148628e-05,0.000262033865105,0.00392811365383,0.00153180633648,0.00210327189359,0.000262033865105,5.65993148628e-05,0.000262033865105,0.250757432689,0.48976060935,0.250757431987
17,0.0026216133999,0.141389889784,0.0245381504123,0.141782508373,0.0370857934698,0.0259135754957,0.046728671523,0.0926004972459,0.33301801692,0.0107798311642,0.0766870103304,0.0668544418809,1,0.4,47,15,10,3,20,0.000244394624404,5.27892388713e-05,0.000244394624404,0.0202983439084,0.000672671262423,0.00210876384843,0.000244394624404,5.27892388713e-05,0.000244394624404,0.246852064138,0.48213293642,0.246852063447
18,0.028807898451,0.031909387723,0.334109326196,0.0923404398972,0.139435826761,0.106008267741,0.12884727959,0.0142177231303,0.00258097889533,0.00297422924434,0.103104188448,0.0156644539217,1,0.4,47,15,10,3,20,0.00141562683788,0.000305775396982,0.00141562683788,0.0756876150723,0.0105097230611,0.00446524349158,0.00141562683788,0.000305775396982,0.00141562683788,0.228442905832,0.446177549204,0.228442905193
19,0.00721454732965,0.04795296493,0.395615561747,0.0608006166285,0.149000998724,0.114648975317,0.0309393603186,0.00172896111221,0.0418345609157,0.0625614473195,0.065254499967,0.0224475056907,1,0.4,47,15,10,3,20,0.000688160237468,0.000148642611293,0.000688160237468,0.0513395002152,0.00276451129638,0.0134405801596,0.000688160237468,0.000148642611293,0.000688160237468,0.235106525622,0.45919243157,0.235106524964
20,0.0495463613945,0.0768972159639,0.166005961692,0.0950726649126,0.0086439459085,0.148044938848,0.0293992784857,0.0136187131538,0.0148969486611,0.180750093514,0.080335289335,0.13678858813,1,0.4,47,15,10,3,20,0.000154609630438,3.33956801747e-05,0.000154609630438,0.00209334023097,0.000957581614266,0.000172866638491,0.000154609630438,3.33956801747e-05,0.000154609630438,0.251975584814,0.492139812712,0.251975584108
21,0.190551349576,0.122574914782,0.12230905258,0.120885348969,0.104957533968,0.0356168877022,0.017723713684,0.0107284668496,0.146346519334,0.00169570502479,0.0122117706891,0.11439873684,1,0.4,47,15,10,3,20,0.000687658726919,0.000148534285015,0.000687658726919,0.0167305324205,0.004818143208,0.00990336267482,0.000687658726919,0.000148534285015,0.000687658726919,0.244237219981,0.47702581894,0.244237219297
22,0.0376656456592,0.0531923330296,0.163818607055,0.00944310796685,0.0181896103394,0.12234997801,0.0340972403676,0.0622479921588,0.197672619362,0.0262643067422,0.0612216238666,0.213836935443,1,0.4,47,15,10,3,20,0.000146879664189,3.17260074649e-05,0.000146879664189,0.00854769437549,0.00183900897046,0.000560075265321,0.000146879664189,3.17260074649e-05,0.000146879664189,0.2500306094,0.488341032617,0.2500306087
23,0.0671080063438,0.00615660035647,0.00170751281744,0.104181633731,0.225857721773,0.0457316720075,0.0896133998064,0.167932084679,0.0950806166834,0.0228647132047,0.150277003524,0.0234890350739,1,0.4,47,15,10,3,20,0.000850639626991,0.00018373815943,0.000850639626991,0.0313669766618,0.00238077087593,0.00300573097612,0.000850639626991,0.00018373815943,0.000850639626991,0.242713420058,0.474049647223,0.242713419378
24,0.0455362332471,0.112033407987,0.0501534482974,0.22371974955,0.0937560463823,0.000188317092925,0.117378424486,0.0956218665995,0.00268194718019,0.167468105776,0.00329357337519,0.088168880026,1,0.4,47,15,10,3,20,0.000265062569104,5.72535149265e-05,0.000265062569104,0.0214020712948,0.0033891784563,0.00402242071366,0.000265062569104,5.72535149265e-05,0.000265062569104,0.245378421947,0.479254729023,0.24537842126
25,0.19590826437,0.0699639511477,0.225423797246,0.0328689075748,0.0431765642423,0.0652070911704,0.120841890894,0.0432302857893,0.0834030628697,0.00827091701251,0.106699363618,0.00500590406558,1,0.4,47,15,10,3,20,0.00102589186587,0.000221592643029,0.00102589186587,0.0654036687704,0.00680958678244,0.0110042702955,0.00102589186587,0.000221592643029,0.00102589186587,0.230763186924,0.4507093482,0.230763186278
26,0.00776969593595,0.0919482614855,0.169738388453,0.142447061979,0.172098900962,0.118864892818,0.0057772233501,0.00690531688702,0.0780796311744,0.0139666654694,0.180516239099,0.0118877223865,1,0.4,47,15,10,3,20,0.000134112902712,2.89683869858e-05,0.000134112902712,0.00484580834182,0.00519766779256,0.00255526912729,0.000134112902712,2.89683869858e-05,0.000134112902712,0.249627033908,0.487552799236,0.249627033209
27,0.0218699022765,0.00086579076623,0.0461227386752,0.215579799492,0.0322836685628,0.0982784850072,0.0432513857056,0.0156682108091,0.124861764436,0.0237888172092,0.0484739761079,0.328955460953,1,0.4,47,15,10,3,20,0.000159977042884,3.4555041263e-05,0.000159977042884,0.0139502668936,0.00168110384972,0.0010277157862,0.000159977042884,3.4555041263e-05,0.000159977042884,0.248570914725,0.485490066463,0.248570914029
28,0.0180611897803,0.0509798441569,0.00943387348503,0.12068053379,0.098598675492,0.105867882289,0.321097788862,0.0110842079766,0.0842704709982,0.0134362370276,0.162624907679,0.00386438846246,1,0.4,47,15,10,3,20,0.000399173295899,8.62214319143e-05,0.000399173295899,0.0299354442337,0.00977180932477,0.00211273663813,0.000399173295899,8.62214319143e-05,0.000399173295899,0.241937929045,0.472535016343,0.241937928368
29,0.028791941106,0.0532827620517,0.0587045940077,0.141557745674,0.0918765593549,0.149953210642,0.0445277476189,0.017858561526,0.131062827977,0.0278941760847,0.149432009289,0.105057864668,1,0.4,47,15,10,3,20,0.000272585584836,5.88784863245e-05,0.000272585584836,0.00351153210703,0.0019988068844,0.000659955722073,0.000272585584836,5.88784863245e-05,0.000272585584836,0.251097956187,0.490425694304,0.251097955484
30,0.0107153421817,0.035806178956,0.000228792023858,0.0656006589072,0.151502241012,0.301653989914,0.0779307831102,0.00596438331333,0.0407484327383,0.0456748546557,0.0818474349716,0.182326908216,1,0.4,47,15,10,3,20,0.00034108200383,7.36737128273e-05,0.00034108200383,0.0218023663017,0.00178808925808,0.00151890737083,0.00034108200383,7.36737128273e-05,0.00034108200383,0.246230251678,0.480918458962,0.246230250988
31,0.0165043395808,0.176170084716,0.160435471449,0.0326655387902,0.156162278429,0.0446548669904,0.0940290618674,0.0424336910344,0.00869065454097,0.0823733284558,0.184428780671,0.00145190347486,1,0.4,47,15,10,3,20,1.13970995642e-06,2.46177350586e-07,1.13970995642e-06,2.71147246815e-05,1.18558230715e-05,4.65492424875e-06,1.13970995642e-06,2.46177350586e-07,1.13970995642e-06,0.252952113942,0.494047096159,0.252952113233
32,0.0219447643047,0.0768600437497,0.102171933063,0.0995282794584,0.092793407029,0.00634739687354,0.201338394301,0.120103513331,0.136036334903,0.0671497576715,0.00201440342275,0.0737117718921,1,0.4,47,15,10,3,20,0.000614727721399,0.000132781187822,0.000614727721399,0.0768637043719,0.0129816172354,0.00136325754738,0.000614727721399,0.000132781187822,0.000614727721399,0.229202706588,0.44766153505,0.229202705946
33,0.0863585413483,0.00308758211208,0.152700866327,0.393048819045,0.152041968183,0.0187538224359,0.0899375464358,0.00393848482474,0.000318214003581,0.0033411624636,0.0349851990841,0.0614877937371,1,0.4,47,15,10,3,20,0.00133208694158,0.000287730779381,0.00133208694158,0.0235475433133,0.0115137325976,0.00694735221989,0.00133208694158,0.000287730779381,0.00133208694158,0.2408442851,0.470398993019,0.240844284426
34,0.0120404711819,0.323871487295,0.0131299420261,0.061248509329,0.037267510978,0.0465757403613,0.0212504134838,0.0590336929856,0.0134703494733,0.163084271244,0.0825913064629,0.166436305179,1,0.4,47,15,10,3,20,4.77115418066e-05,1.03056930302e-05,4.77115418066e-05,0.00322306590372,0.00195771844766,0.000681382401721,4.77115418066e-05,1.03056930302e-05,4.77115418066e-05,0.251428016512,0.491070343374,0.251428015808
35,0.0182074056903,0.121281995557,0.0495296537727,0.0124183832004,0.0502773168626,0.209837907498,0.00722664633029,0.205791900412,0.121382186847,0.171178657675,0.0138464756438,0.0190214705114,1,0.4,47,15,10,3,20,0.000386711006356,8.35295773729e-05,0.000386711006356,0.0186666843189,0.00361950106858,0.00291416525622,0.000386711006356,8.35295773729e-05,0.000386711006356,0.246156078599,0.480773589667,0.24615607791
36,0.154979688694,0.193994940408,0.00915929930973,0.163369191507,0.0863252076494,0.0520682254474,0.0647632443962,0.0126528995064,0.109571693653,0.051147114391,0.0352777235623,0.0666907714762,1,0.4,47,15,10,3,20,0.000448525719766,9.68815554694e-05,0.000448525719766,0.0227088141262,0.0120423487902,0.00175568306273,0.000448525719766,9.68815554694e-05,0.000448525719766,0.243226634635,0.475052019442,0.243226633954
37,0.054401587145,0.175418406226,0.0990321608853,0.076835258015,0.214754296329,0.0107474706588,0.0123025430239,0.0366718345546,0.0329992353501,0.0581339584784,0.0205218970817,0.208181352252,1,0.4,47,15,10,3,20,0.000224370031697,4.84639268465e-05,0.000224370031697,0.00619622237209,0.0007525592115,0.00311293926404,0.000224370031697,4.84639268465e-05,0.000224370031697,0.250167620108,0.488608631656,0.250167619408
38,0.0243689308099,0.180113574334,0.118753277388,0.0532426546563,0.116862524359,0.0831569261914,0.0126817198148,0.117319682375,0.0318506637929,0.0688770601396,0.19200075965,0.000772226490087,1,0.4,47,15,10,3,20,8.5215336149e-05,1.84065126082e-05,8.5215336149e-05,0.000561699569703,0.00156574167226,0.000272262660222,8.5215336149e-05,1.84065126082e-05,8.5215336149e-05,0.252261849502,0.49269892343,0.252261848796
39,0.0104739729327,0.143758476492,0.0532910197993,0.02673564942,0.0111657096504,0.0688581634646,0.0302927724871,0.0242630638801,0.131506480802,0.14856894541,0.330046894036,0.0210388516252,1,0.4,47,15,10,3,20,6.27287245406e-05,1.35494045008e-05,6.27287245406e-05,0.0011752780359,0.000538083093754,0.000225504691627,6.27287245406e-05,1.35494045008e-05,6.27287245406e-05,0.252403635746,0.492975849686,0.252403635039
40,0.13274494732,0.00280225423519,0.0716617804163,0.145303705962,0.0882368508849,0.188345756602,0.0176041315122,0.0783134335544,0.0204667831166,0.0024061500624,0.235340443845,0.0167737624893,1,0.4,47,15,10,3,20,0.000368010682173,7.94903073494e-05,0.000368010682173,0.00834584752916,0.00270231563577,0.00257075499065,0.000368010682173,7.94903073494e-05,0.000368010682173,0.249106734687,0.486536589824,0.24910673399
41,0.024889619323,0.0600378155665,0.0302959112811,0.0504367088264,0.125746660396,0.0208981743866,0.0592433187491,0.00787001829602,0.0329719017648,0.0386129324126,0.450250224582,0.0987467144159,1,0.4,47,15,10,3,20,2.96666171317e-05,6.40798930045e-06,2.96666171317e-05,0.00321047212833,0.00111036050085,0.000325931526791,2.96666171317e-05,6.40798930045e-06,2.96666171317e-05,0.251755700991,0.49171035212,0.251755700286
42,0.230995264034,0.116015179373,0.0123987464848,0.0558519158106,0.00491519588904,0.168399072979,0.0189467508159,0.0522521240507,0.0140737933216,0.147543026866,0.0776123822594,0.100996548117,1,0.4,47,15,10,3,20,5.32250061839e-05,1.14966013357e-05,5.32250061839e-05,0.000988574639567,0.00190849446374,0.000265805358876,5.32250061839e-05,1.14966013357e-05,5.32250061839e-05,0.252104660084,0.492391912848,0.252104659378
43,0.0609481688728,0.0807053199137,0.0165791821662,0.0330304350281,0.034300631166,0.0156195178471,0.0755982798938,0.174098237531,0.0177937210395,0.322081532346,0.0980131454475,0.071231828748,1,0.4,47,15,10,3,20,6.82535140749e-05,1.47427590402e-05,6.82535140749e-05,0.00355434906684,0.000487067343759,0.000812023706073,6.82535140749e-05,1.47427590402e-05,6.82535140749e-05,0.251660158075,0.491523744864,0.25166015737
44,0.0610387753536,0.135254104558,0.202670606165,0.182175377055,0.0797025760085,0.0858322894474,0.0426359791469,0.0676603714594,0.0181560006878,0.11961902152,0.00401979594806,0.00123510264938,1,0.4,47,15,10,3,20,0.000604412230231,0.00013055304173,0.000604412230231,0.0822939501564,0.00942691420092,0.00763977866693,0.000604412230231,0.00013055304173,0.000604412230231,0.227152089512,0.443656423585,0.227152088875
45,0.257466997277,0.077008268731,0.0555428801423,0.00630002453178,0.000997787613727,0.00059638204999,0.059529146618,0.244557899791,0.0075066059657,0.154087596129,0.122554168329,0.0138522428206,1,0.4,47,15,10,3,20,0.000135158246232,2.91941811862e-05,0.000135158246232,0.00310165037121,0.00264759613202,0.00071651662052,0.000135158246232,2.91941811862e-05,0.000135158246232,0.251177288248,0.490580639736,0.251177287545
46,0.138794200762,0.0274191321319,0.0795987395608,0.153002275042,0.0562129796383,0.0234597385709,0.0428464330492,0.0176575419418,0.132907743497,0.146904722517,0.158784040855,0.0224124524338,1,0.4,47,15,10,3,20,0.000127376053557,2.75132275683e-05,0.000127376053557,0.00292007603987,0.00245107147131,0.000490111365924,0.000127376053557,2.75132275683e-05,0.000127376053557,0.251338931234,0.49089634869,0.25133893053
47,0.152419402038,0.176249295122,0.063890114144,0.14890143981,0.0164748188776,0.148817686338,0.0116982543977,0.0362074242769,0.048890546636,0.025578628687,0.0609029662384,0.109969423433,1,0.4,47,15,10,3,20,7.46255599375e-05,1.61191209465e-05,7.46255599375e-05,0.00161111079309,0.00622147425693,0.000361288570996,7.46255599375e-05,1.61191209465e-05,7.46255599375e-05,0.250808003281,0.489859380037,0.250808002579
48,0.118735052319,0.00140407952068,0.0951223624077,0.11831610373,0.0456237186713,0.0178172271075,0.0104762642594,0.296429928583,0.0084943951744,0.267142639108,0.0159326640642,0.00450556505455,1,0.4,47,15,10,3,20,0.000155487870783,3.35853800891e-05,0.000155487870783,0.0140475877457,0.00116047117776,0.00335999218358,0.000155487870783,3.35853800891e-05,0.000155487870783,0.248093047577,0.484556732191,0.248093046882
49,0.0175419501399,0.0196549613603,0.0364048372407,0.0659239188082,0.0753722359634,0.14849417658,0.0555697322469,0.0778120914991,0.139273439689,0.0608907213939,0.184883125362,0.118178809716,1,0.4,47,15,10,3,20,0.000132910699098,2.87087110051e-05,0.000132910699098,0.00765979486719,0.000592337257611,0.00253335501738,0.000132910699098,2.87087110051e-05,0.000132910699098,0.250087071547,0.488451310247,0.250087070846
50,0.00698865843339,0.0453460865107,0.168388175827,0.0480862486425,0.111600293138,0.00822691964622,0.137342248342,0.033816388039,0.0978653338642,0.107884465786,0.130959191032,0.103495990738,1,0.4,47,15,10,3,20,0.000178884545355,3.86390617967e-05,0.000178884545355,0.00445891688725,0.00129509192728,0.00111170684674,0.000178884545355,3.86390617967e-05,0.000178884545355,0.251027091253,0.490287286231,0.25102709055
51,0.0245893089376,0.271817280704,0.0370233730799,0.055756112543,0.00821892748502,0.0668244828392,0.0334002141344,0.0197266217999,0.0997731476177,0.134100787711,0.0308871772908,0.217882565857,1,0.4,47,15,10,3,20,5.23731091476e-05,1.13125915759e-05,5.23731091476e-05,0.000252351592148,0.000301950461732,0.000103745575977,5.23731091476e-05,1.13125915759e-05,5.23731091476e-05,0.252739247264,0.49363134093,0.252739246556
52,0.0951584905256,0.0886029698359,0.0519359118649,0.275219419757,0.0346528572163,0.104948575094,0.183406864583,0.0105270559728,0.0517555992365,0.0609254174848,0.034822689418,0.00804414901192,1,0.4,47,15,10,3,20,0.000944872542647,0.000204092469212,0.000944872542647,0.026539018826,0.0117037237628,0.0105457337704,0.000944872542647,0.000204092469212,0.000944872542647,0.239563345584,0.467897158034,0.239563344913
53,0.000881393513014,0.093315796096,0.222048554767,0.0843584471423,0.0535578235193,0.0690876769475,0.114482285956,0.0260030807779,0.0975052805718,0.0195347189338,0.119139417512,0.100085524264,1,0.4,47,15,10,3,20,0.000335701806332,7.25115901678e-05,0.000335701806332,0.0198735774256,0.00454138096048,0.0011680785964,0.000335701806332,7.25115901678e-05,0.000335701806332,0.246116460939,0.480696211424,0.246116460249
54,0.152037773069,0.0674124570353,0.120394008237,0.0462368212711,0.0425136329781,0.0985824300416,0.19867885569,0.0743943327207,0.022723927396,0.0646671821083,0.110721838543,0.0016367409101,1,0.4,47,15,10,3,20,0.00067926860958,0.000146722019669,0.00067926860958,0.0400970212728,0.00715534534659,0.00304443295286,0.00067926860958,0.000146722019669,0.00067926860958,0.23947957222,0.467733538182,0.239479571549
55,0.00514095309713,0.172458604959,0.0395358362905,0.107011804244,0.0472905318855,0.0234397445924,0.0429171443043,0.0300483160288,0.136501538897,0.199281050045,0.0987325505621,0.0976419250936,1,0.4,47,15,10,3,20,0.000126047907105,2.72263479346e-05,0.000126047907105,0.005214895205,0.00091133377188,0.00155270690983,0.000126047907105,2.72263479346e-05,0.000126047907105,0.250880612645,0.490001195201,0.250880611943
56,0.0413717647093,0.377762634081,0.0230402974434,0.067543176262,0.0821046740828,0.120596901821,0.0340767368954,0.020201715152,0.0828880766705,0.0657474163111,0.035460255371,0.0492063512007,1,0.4,47,15,10,3,20,0.000430050239696,9.28908517744e-05,0.000430050239696,0.0489313334073,0.00497828794119,0.00444596726774,0.000430050239696,9.28908517744e-05,0.000430050239696,0.237720393534,0.46429764232,0.237720392868
57,0.00909260160423,0.158756091756,0.230777113863,0.029987955902,0.00589531283651,0.0407946667543,0.066626806585,0.00855478784623,0.122438563086,0.0733844195742,0.250760663729,0.00293101646373,1,0.4,47,15,10,3,20,0.00018501782665,3.99638505563e-05,0.00018501782665,0.0109870921665,0.00188513447168,0.00171407668003,0.00018501782665,3.99638505563e-05,0.00018501782665,0.24906718096,0.486459336451,0.249067180263
58,0.151186252058,0.00785266486874,0.255778748587,0.034371544909,0.161142327534,0.146709701833,0.0584108645317,0.0900641537703,0.00237265114431,0.0236375804192,0.0493776279839,0.0190958823611,1,0.4,47,15,10,3,20,0.0011320740917,0.000244528003807,0.0011320740917,0.058471457373,0.0194357395828,0.0120137645952,0.0011320740917,0.000244528003807,0.0011320740917,0.228948411186,0.447164864345,0.228948410544
59,0.0549977240534,0.0866285204056,0.0317444611365,0.0943157536144,0.00779334293784,0.154647666515,0.115830890756,0.0107535740074,0.16774333159,0.00110773412333,0.221026515091,0.0534104857703,1,0.4,47,15,10,3,20,0.000230119929396,4.97059047496e-05,0.000230119929396,0.00383274654697,0.00203124684564,0.00141739938046,0.000230119929396,4.97059047496e-05,0.000230119929396,0.250864497777,0.489969720848,0.250864497074
60,0.226948358852,0.0104822676673,0.11001861604,0.063281785304,0.0850591247287,0.0999765663467,0.0582634800297,0.0455861668561,0.0140080283214,0.128756742678,0.0622660409827,0.095352822194,1,0.4,47,15,10,3,20,9.92301941227e-05,2.14337219305e-05,9.92301941227e-05,0.036431315177,0.00142798624081,0.00161054707069,9.92301941227e-05,2.14337219305e-05,9.92301941227e-05,0.242868709009,0.474352945954,0.242868708328
61,0.0173993920174,0.494084014306,0.123337878825,0.00554646861002,0.11432588412,0.0307740278459,0.0234291583257,0.024390243713,0.0461249580227,0.0401761416576,0.0270008194372,0.0534110131199,1,0.4,47,15,10,3,20,1.08558195201e-07,2.34485701634e-08,1.08558195201e-07,1.58449330969e-06,6.079788538e-07,6.07994758196e-07,1.08558195201e-07,2.34485701634e-08,1.08558195201e-07,0.252963597279,0.494069524553,0.252963596571
62,0.00622009465435,0.0972601586399,0.246392335386,0.0987445489393,0.0578676238388,0.163723804145,0.0778800664375,0.0696516211746,0.0677005542773,0.00803020642695,0.0934757237066,0.0130532623735,1,0.4,47,15,10,3,20,0.000792054919406,0.000171083862592,0.000792054919406,0.0513731567015,0.0196896345996,0.00200697863584,0.000792054919406,0.000171083862592,0.000792054919406,0.233592371755,0.456235099805,0.2335923711
63,0.0188893146151,0.0477527737833,0.0803310191445,0.0221232776315,0.0506838181741,0.159808076794,0.114357443863,0.0409681894819,0.00295174599476,0.368625495865,0.0686888253934,0.0248200192598,1,0.4,47,15,10,3,20,2.80666675378e-06,6.06240018817e-07,2.80666675378e-06,5.13209234921e-06,5.43992823697e-05,4.00911563346e-06,2.80666675378e-06,6.06240018817e-07,2.80666675378e-06,0.252945207261,0.494033606548,0.252945206553
64,0.21026668531,0.0012134040054,0.0831251928808,0.0308072624846,0.0211530476289,0.0447940235357,0.224829973897,0.0588584427493,0.0776865192812,0.12284646444,0.0982159680718,0.0262030157143,1,0.4,47,15,10,3,20,0.000268847036837,5.80709599567e-05,0.000268847036837,0.0548571670225,0.00125221084387,0.00203383281866,0.000268847036837,5.80709599567e-05,0.000268847036837,0.237954848687,0.46475556254,0.237954848021
65,0.0154763292781,0.156556010731,0.0518805531011,0.0878444061997,0.0565492276132,0.0459669282791,0.0959022884059,0.397764348668,0.0162973399945,0.0222626826476,0.0503936089963,0.00310627608551,1,0.4,47,15,10,3,20,0.00163518919839,0.000353200866852,0.00163518919839,0.0324354461038,0.0214425021155,0.0112276252225,0.00163518919839,0.000353200866852,0.00163518919839,0.234661759993,0.458323748702,0.234661759336
66,0.0220651825106,0.0133021777716,0.0843927043872,0.150553252877,0.0275211702654,0.0881422928578,0.241536829491,0.0590851988615,0.153636230658,0.0294224743705,0.018314119263,0.112028366686,1,0.4,47,15,10,3,20,0.000542860101878,0.000117257782006,0.000542860101878,0.0379508444723,0.00814011564435,0.00491144004307,0.000542860101878,0.000117257782006,0.000542860101878,0.239454013179,0.467683618181,0.239454012509
67,0.0468552506029,0.119738442161,0.0982161049086,0.0467957215822,0.204573280199,0.0708256938387,0.0129058297117,0.0388671686345,0.147635800769,0.135493634866,0.0589150033451,0.0191780693827,1,0.4,47,15,10,3,20,0.000553394617246,0.000119533237325,0.000553394617246,0.0342229087099,0.00578742205997,0.00108218768343,0.000553394617246,0.000119533237325,0.000553394617246,0.241949050082,0.472556737117,0.241949049404
68,0.047865594965,0.0477413373932,0.173440499723,0.000322296691514,0.0370055471147,0.120217759605,0.0182100973364,0.165611969366,0.0718889629215,0.128552307136,0.103520102548,0.0856235252004,1,0.4,47,15,10,3,20,9.08098583311e-05,1.96149293995e-05,9.08098583311e-05,0.00169887536142,0.00189751907974,0.000718034378624,9.08098583311e-05,1.96149293995e-05,9.08098583311e-05,0.251771219977,0.49174066264,0.251771219272
69,0.134726173481,0.0920702383924,0.022956720268,0.0108274923595,0.0255144775885,0.23006923688,0.0135008712942,0.0654806706773,0.16785810731,0.0529092166941,0.00815768089106,0.175929114164,1,0.4,47,15,10,3,20,0.000319091915426,6.89238537319e-05,0.000319091915426,0.00872930665229,0.00118999199204,0.00413828609303,0.000319091915426,6.89238537319e-05,0.000319091915426,0.249050612352,0.486426975887,0.249050611654
70,0.161506829279,0.05879387279,0.0648609077447,0.0232344215393,0.0893769382194,0.0527234627621,0.034632109149,0.185936607962,0.176262325311,0.000891803760759,0.0901083623847,0.0616723590983,1,0.4,47,15,10,3,20,0.000617455645119,0.000133370419346,0.000617455645119,0.0654278181621,0.00561808594859,0.00633689027938,0.000617455645119,0.000133370419346,0.000617455645119,0.232697079934,0.454486482974,0.232697079283
71,0.0405797363589,0.0660327520999,0.0561723593986,0.0275621151851,0.0363656510728,0.222430900806,0.00661861558238,0.116726514625,0.218051581329,0.119978495358,0.0480630003056,0.0414182778791,1,0.4,47,15,10,3,20,0.00020420856977,4.41090510703e-05,0.00020420856977,0.00332316187086,0.00419610871492,0.00155342890325,0.00020420856977,4.41090510703e-05,0.00020420856977,0.250440411118,0.489141426595,0.250440410417
72,0.141644571336,0.267412801947,0.0518017814459,0.277684012738,0.00899705186933,0.0242165369814,0.0298672112233,0.0010616448874,0.0241636893825,0.109261676169,0.00894403521883,0.054944986801,1,0.4,47,15,10,3,20,0.000349281662129,7.54448390199e-05,0.000349281662129,0.0378735669355,0.0100087341708,0.00214771648437,0.000349281662129,7.54448390199e-05,0.000349281662129,0.23991701959,0.468587927575,0.239917018918
73,0.0690459838188,0.00268584614043,0.0126538161084,0.0641497462728,0.0772871209745,0.0614445652915,0.399596886145,0.0105535110611,0.0575312309143,0.0844363987812,0.0894176433685,0.0711972511236,1,0.4,47,15,10,3,20,0.000375871330543,8.11882073974e-05,0.000375871330543,0.0475744282479,0.00139719766817,0.00369281241247,0.000375871330543,8.11882073974e-05,0.000375871330543,0.23922079416,0.467228112285,0.23922079349
74,0.153838283341,0.00299610587854,0.264223308004,0.0245052944356,0.024335431101,0.0621252861726,0.278104368138,0.0751536625428,0.0148746860288,0.020437957978,0.0329785559631,0.046427060416,1,0.4,47,15,10,3,20,0.00134139122606,0.00028974050483,0.00134139122606,0.0169752177084,0.0115328086585,0.00746507398898,0.00134139122606,0.00028974050483,0.00134139122606,0.242360627538,0.473360599334,0.242360626859
75,0.163710981319,0.26723497376,0.00243635204402,0.0452814090037,0.0356772580111,0.0743477802259,0.120747845112,0.000876319570925,0.203134618067,0.0140820512421,0.0200912472122,0.0523791644323,1,0.4,47,15,10,3,20,0.00170278966658,0.000367802567982,0.00170278966658,0.076784163281,0.00862670739798,0.023080530483,0.00170278966658,0.000367802567982,0.00170278966658,0.223610899449,0.436740036764,0.223610898823
76,0.00186815652086,0.124801512409,0.151400982708,0.000946740882114,0.0388736042651,0.0802916733645,0.00827993896221,0.120254522516,0.0812301191092,0.356702100704,0.0311331738774,0.00421747468301,1,0.4,47,15,10,3,20,8.58463550358e-05,1.85428126877e-05,8.58463550358e-05,0.00195242118783,0.00114987850557,0.000668304058395,8.58463550358e-05,1.85428126877e-05,8.58463550358e-05,0.251914353148,0.492020219613,0.251914352442
77,0.0751487048335,0.029601605371,0.111193500175,0.0565247067701,0.0524624193579,0.3212190117,0.109106953728,0.0669121002382,0.0443312313087,0.0363789225036,0.085028258728,0.0120925852859,1,0.4,47,15,10,3,20,0.000816775615179,0.000176423532879,0.000816775615179,0.0722020940317,0.00455056738849,0.00549905370976,0.000816775615179,0.000176423532879,0.000816775615179,0.231241950926,0.451644434138,0.231241950279
78,0.141418612629,0.174433232647,0.0612468420811,0.102643935276,0.0277344369974,0.0360009619729,0.11594811288,0.0106628723445,0.250417791242,0.00134707435956,0.0775243993791,0.000621728190647,1,0.4,47,15,10,3,20,0.00120302236421,0.000259852830669,0.00120302236421,0.0593279259958,0.0112976597125,0.0171793733275,0.00120302236421,0.000259852830669,0.00120302236421,0.229404141722,0.448054963045,0.229404141079
79,0.137688299481,0.12664178846,0.074700962414,0.0324034927144,0.144744601564,0.0145915925236,0.0128737201041,0.147555765248,0.197002909072,0.0223626536068,0.0830487065994,0.0063855082126,1,0.4,47,15,10,3,20,0.000839971996139,0.000181433951166,0.000839971996139,0.0649534694505,0.0187607906155,0.00457830092433,0.000839971996139,0.000181433951166,0.000839971996139,0.22968782546,0.448609032846,0.229687824817
80,0.0252025114047,0.0378719235323,0.0608210485481,0.102403486318,0.0156542324976,0.0300110608777,0.0849999627291,0.0544803197173,0.169873628163,0.173834273412,0.168623336933,0.0762242158666,1,0.4,47,15,10,3,20,0.000117403352686,2.53591241802e-05,0.000117403352686,0.00345796456684,0.000625966223139,0.00141152064442,0.000117403352686,2.53591241802e-05,0.000117403352686,0.251442648281,0.491098921049,0.251442647577
81,0.089342059542,0.280352149928,0.0274427951986,0.0788126047052,0.0415985246624,0.160673188123,0.0185182305347,0.0359834088009,0.0761853684168,0.149013656921,0.0228369947103,0.0192410184576,1,0.4,47,15,10,3,20,0.000362062354052,7.82054684753e-05,0.000362062354052,0.00992554343829,0.00654444065932,0.00238122848884,0.000362062354052,7.82054684753e-05,0.000362062354052,0.247789819221,0.483964489311,0.247789818527
82,0.0478567987578,0.104109864503,0.0301587865955,0.107704953482,0.0203424655491,0.069465320347,0.300271866009,0.105455360369,0.15387358832,0.0432828152626,0.00289031674846,0.0145878640569,1,0.4,47,15,10,3,20,0.0019223232351,0.000415221818782,0.0019223232351,0.0764295851293,0.0325914146444,0.0159331789727,0.0019223232351,0.000415221818782,0.0019223232351,0.219200274843,0.428125535604,0.219200274229
83,0.0848819897666,0.0033770993765,0.00432355722472,0.0142086840635,0.231019838283,0.00891958714517,0.118864828854,0.127393019497,0.0226807355167,0.0101063446701,0.13109768623,0.243126629373,1,0.4,47,15,10,3,20,0.000105632677831,2.28166584115e-05,0.000105632677831,0.00190884281803,0.00154807006386,0.000246762765208,0.000105632677831,2.28166584115e-05,0.000105632677831,0.251909100372,0.492009960286,0.251909099667
84,0.0578091693253,0.124107199633,0.0336560633824,0.0205596043516,0.18369784899,0.0458337618446,0.13048533326,0.0512089301145,7.37693937435e-06,0.0799206225148,0.164926318623,0.107787771022,1,0.4,47,15,10,3,20,0.000128901094825,2.78426364823e-05,0.000128901094825,0.00942320406821,0.0033541509011,0.000461212308157,0.000128901094825,2.78426364823e-05,0.000128901094825,0.249471024856,0.487248094057,0.249471024157
85,0.175238710189,0.0266911180415,0.00403424795791,0.0809862934317,0.0142806529135,0.0992247108014,0.0553970296602,0.044610795463,0.0678882197314,0.378438790462,0.0379038127005,0.0153056186477,1,0.4,47,15,10,3,20,8.37594481082e-05,1.80920407914e-05,8.37594481082e-05,0.00523006387964,0.0019317970191,0.000588514355753,8.37594481082e-05,1.80920407914e-05,8.37594481082e-05,0.25090995224,0.490058499095,0.250909951537
86,0.0681514972126,0.0407226799697,0.0844635128974,0.0671728345509,0.0273466705536,0.01752974102,0.0896152812502,0.0373269328089,0.0905302315593,0.309136301755,0.0463787526157,0.121625563807,1,0.4,47,15,10,3,20,2.76479785628e-05,5.97196336956e-06,2.76479785628e-05,0.000121706585951,0.000311668818376,2.96537324282e-05,2.76479785628e-05,5.97196336956e-06,2.76479785628e-05,0.252816300297,0.493781835135,0.252816299589
87,0.179069009766,0.0080813099865,0.000318040784048,0.14169346201,0.190296927437,0.00391696271575,0.0359892482279,0.181694399466,0.0363025100025,0.101585739422,0.00170859450179,0.11934379568,1,0.4,47,15,10,3,20,0.000319465504855,6.90045490486e-05,0.000319465504855,0.0214390364193,0.00227621520714,0.00611240558339,0.000319465504855,6.90045490486e-05,0.000319465504855,0.245060926153,0.478634620053,0.245060925467
88,0.0626953220193,0.059908790766,0.063058223834,0.0440247991891,0.00334596515194,0.0404865126328,0.0283079226719,0.232109256181,0.370989197245,0.0354489329405,0.0187923320119,0.0408327453562,1,0.4,47,15,10,3,20,0.000973595133806,0.000210296548902,0.000973595133806,0.0910976000437,0.0266856933551,0.00177900273123,0.000973595133806,0.000210296548902,0.000973595133806,0.221627884792,0.432866961273,0.221627884172
89,0.111433408681,0.139730049186,0.168224929592,0.111426627494,0.10314029944,0.0234879142177,0.138789876902,0.0234696220381,0.0118532259589,0.0833762828167,0.00445388745816,0.080613876215,1,0.4,47,15,10,3,20,0.000393987040694,8.51012007898e-05,0.000393987040694,0.00437926446122,0.0027601451435,0.00225484699122,0.000393987040694,8.51012007898e-05,0.000393987040694,0.250146300688,0.488566992164,0.250146299988
90,0.0854786067802,0.003816122421,0.103487644187,0.106854102146,0.137239036929,0.0993416808696,0.0184740673295,0.0156655150043,0.00315204013914,0.023562167991,0.284353383442,0.118575632761,1,0.4,47,15,10,3,20,0.000103454262089,2.23461206112e-05,0.000103454262089,0.0014714606845,0.000695785506655,0.000535265437061,0.000103454262089,2.23461206112e-05,0.000103454262089,0.25216480156,0.492509376668,0.252164800854
91,0.0417445309464,0.0499380142025,0.0508326285629,0.0379060114756,0.0274809556661,0.00434331473373,0.0243971993405,0.103110162439,0.172217330584,0.0402818635002,0.271516947762,0.176231040786,1,0.4,47,15,10,3,20,5.1855021142e-05,1.12006845667e-05,5.1855021142e-05,0.00434418824507,0.00130363667941,0.000474792853775,5.1855021142e-05,1.12006845667e-05,5.1855021142e-05,0.251357486254,0.490932588964,0.25135748555
92,0.0352057659101,0.0781580522093,0.0771859099874,0.0242256274977,0.117719317293,0.0424469529272,0.12688944669,0.196139607523,0.00393083487841,0.0741447336948,0.210082932184,0.0138708192047,1,0.4,47,15,10,3,20,0.000157866769588,3.4099222231e-05,0.000157866769588,0.0212435557264,0.00249352825301,0.00161366891261,0.000157866769588,3.4099222231e-05,0.000157866769588,0.246374598229,0.481200385818,0.246374597539
93,0.0695552247855,0.0551021969126,0.059425199979,0.115458370358,0.0718155966295,0.0546759579285,0.163399359733,0.06834424936,0.0192816943,0.25809744728,0.00265694303609,0.0621877596978,1,0.4,47,15,10,3,20,4.71908375902e-07,1.01932209195e-07,4.71908375902e-07,1.37773787961e-06,1.68244093297e-06,2.65164228619e-06,4.71908375902e-07,1.01932209195e-07,4.71908375902e-07,0.252962453445,0.4940672905,0.252962452736
94,0.171852285157,0.0474239613411,0.0141279421412,0.0731885283161,0.0230026248373,0.0145042080508,0.0223354751356,0.115414607329,0.0113016514277,0.158336687719,0.0640522285864,0.284459799959,1,0.4,47,15,10,3,20,9.70973857101e-05,2.09730353134e-05,9.70973857101e-05,0.00362758172537,0.000943327408543,0.000244640941628,9.70973857101e-05,2.09730353134e-05,9.70973857101e-05,0.251637404937,0.491479305141,0.251637404232
