run_ID,t1_initial,t2_initial,t3_initial,t4_initial,t5_initial,t6_initial,t7_initial,t8_initial,t9_initial,t10_initial,t11_initial,t12_initial,alpha,prior_cost_c,lambda,k,sample_amount,learning_parameter,generations,t1_final,t2_final,t3_final,t4_final,t5_final,t6_final,t7_final,t8_final,t9_final,t10_final,t11_final,t12_final
0,0.0230550955614,0.188437831569,0.117391371914,0.213245760313,0.0263474688144,0.034987544446,0.00716646864525,0.00608669572845,0.165037865794,0.00608239748829,0.102085170197,0.110076329529,1,0.4,48,18,10,3,20,0.000468799720079,0.000101260739537,0.000468799720079,0.0309185969961,0.00267064344469,0.00514979713532,0.000468799720079,0.000101260739537,0.000468799720079,0.242639239469,0.473904763621,0.242639238974
1,0.135007475718,0.168891917738,0.0327858930387,0.0681607775662,0.109555156933,0.139790981967,0.0272394294405,0.0299235043512,0.0393131079683,0.00943981357059,0.013007801213,0.226884140495,1,0.4,48,18,10,3,20,0.000169519407912,3.6616192109e-05,0.000169519407912,0.010315356792,0.00423527301241,0.00244237474722,0.000169519407912,3.6616192109e-05,0.000169519407912,0.248475746891,0.485304192157,0.248475746384
2,0.0341706456679,0.25536437935,0.300488592773,0.019790767798,0.0501456135015,0.0599251018235,0.12145212848,0.0290156153057,0.0182751542245,0.0276785086393,0.0824285766104,0.00126491582592,1,0.4,48,18,10,3,20,0.000601743648962,0.000129976628176,0.000601743648962,0.057468962031,0.0106073888688,0.00549663171688,0.000601743648962,0.000129976628176,0.000601743648962,0.233678441976,0.456403206055,0.2336784415
3,0.0172123094433,0.0033633431333,0.0155782842536,0.257999712031,0.138555317866,0.106572341004,0.209548134548,0.0390505014878,0.0415433198941,0.09749899904,0.0636275929748,0.00945014432334,1,0.4,48,18,10,3,20,0.000185271787334,4.00187060642e-05,0.000185271787334,0.0019906183884,0.00117199651178,0.00617261462048,0.000185271787334,4.00187060642e-05,0.000185271787334,0.250395230969,0.48905318449,0.250395230459
4,0.127054690424,0.153242696148,0.0147077543554,0.0730297257116,0.0259798234137,0.0624966347784,0.221560141169,0.0119242748625,0.00616573896222,0.0539745700821,0.186511893592,0.0633520565007,1,0.4,48,18,10,3,20,9.73987136508e-05,2.10381221486e-05,9.73987136508e-05,0.00253898449429,0.00230240798215,0.00107572201646,9.73987136508e-05,2.10381221486e-05,9.73987136508e-05,0.251358410352,0.490934394217,0.251358409839
5,0.00789986801057,0.049479229837,0.0350126484054,0.109059482817,0.127779068432,0.0375710526583,0.0149930475616,0.000685596078453,0.104724770482,0.17821139789,0.184794870117,0.149788967711,1,0.4,48,18,10,3,20,2.07217275091e-05,4.47589314197e-06,2.07217275091e-05,0.00375126655322,0.0017269201324,0.000445121877595,2.07217275091e-05,4.47589314197e-06,2.07217275091e-05,0.251442808981,0.49109923529,0.251442808469
6,0.00227624009838,0.0504346879236,0.0975609308927,0.0582085930861,0.0343018345226,0.145401854999,0.0532112898392,0.184043327022,0.0851595507242,0.103568634817,0.0984752365816,0.0873578194941,1,0.4,48,18,10,3,20,0.000231613200893,5.00284513928e-05,0.000231613200893,0.00709525625341,0.00315800045266,0.000686514980454,0.000231613200893,5.00284513928e-05,0.000231613200893,0.249937383744,0.488158951629,0.249937383234
7,0.149717972449,0.0951967115358,0.157732026201,0.000175968179083,0.0826759802677,0.0198550033756,0.0366403368683,0.125163815597,0.0372273213125,0.0900875022801,0.00790115643456,0.197626205499,1,0.4,48,18,10,3,20,8.97469490806e-05,1.93853410014e-05,8.97469490806e-05,0.0124134720584,0.000492692120926,0.00341594123925,8.97469490806e-05,1.93853410014e-05,8.97469490806e-05,0.248734896468,0.485810343674,0.248734895961
8,0.0316939692511,0.0443444733842,0.162669047908,0.204537196503,0.0979857363453,0.0509367175801,0.0316577508782,0.140296097748,0.042203498129,0.106356797999,0.0182524614722,0.0690662528025,1,0.4,48,18,10,3,20,0.000233839818218,5.05094007352e-05,0.000233839818218,0.078201425931,0.00194546448553,0.00383055804309,0.000233839818218,5.05094007352e-05,0.000233839818218,0.231458953324,0.45206826729,0.231458952852
9,0.0823866097721,0.155122913349,0.119846437532,0.0109204851055,0.045439973372,0.00242099734436,0.0173856128085,0.137716813822,0.0592433615175,0.00717322236999,0.295779281096,0.0665642919112,1,0.4,48,18,10,3,20,0.000137066670108,2.96064007432e-05,0.000137066670108,0.0103259770248,0.000701710273829,0.00210719537359,0.000137066670108,2.96064007432e-05,0.000137066670108,0.249488098491,0.487281441372,0.249488097983
10,0.170332761068,0.0201855832025,0.178220738426,0.0834176818425,0.133051195304,0.0248329182805,0.0144116145456,0.000346723171045,0.251209277533,0.0814801740966,0.0283758359149,0.014135496616,1,0.4,48,18,10,3,20,0.000433682331401,9.36753835826e-05,0.000433682331401,0.007950910593,0.0116547493167,0.00245442748713,0.000433682331401,9.36753835826e-05,0.000433682331401,0.246897791999,0.482222249015,0.246897791496
11,0.0463372187821,0.0406062212465,0.308657817853,0.117082116439,0.00983836794128,0.215401243573,0.0848487223581,0.0314399984932,0.00314404136381,0.0169024224409,0.101667269475,0.0240745600343,1,0.4,48,18,10,3,20,0.000790913783309,0.000170837377195,0.000790913783309,0.0581819355108,0.00736128205277,0.00456532611734,0.000790913783309,0.000170837377195,0.000790913783309,0.234342735897,0.457700655115,0.234342735419
12,0.122438714541,0.187984288088,0.0797122731194,0.0478561823967,0.0103905943066,0.148452531303,0.0510433536138,0.0987869971139,0.0190691932509,0.0320742476593,0.070834948131,0.131356676476,1,0.4,48,18,10,3,20,0.000150606900774,3.25310905672e-05,0.000150606900774,0.0094630469104,0.000709360683542,0.00587849576123,0.000150606900774,3.25310905672e-05,0.000150606900774,0.248735268517,0.485811070333,0.24873526801
13,0.118659712128,0.304947626889,0.112202681396,0.0393603915283,0.0663297862404,0.0527056007411,0.0282439165174,0.0581846272039,0.00412091076892,0.00829113658398,0.0412094616616,0.165744148341,1,0.4,48,18,10,3,20,0.000148691672637,3.21174012896e-05,0.000148691672637,0.0517585064804,0.00410732867383,0.00217325782726,0.000148691672637,3.21174012896e-05,0.000148691672637,0.238115897413,0.465070111186,0.238115896927
14,0.103874691611,0.0187271403704,0.0233477082872,0.00901886672754,0.0475008498011,0.0346617037131,0.0714395034772,0.0999725903714,0.0315394026146,0.0205232601177,0.344524254358,0.194870028551,1,0.4,48,18,10,3,20,3.83764627389e-05,8.28931595161e-06,3.83764627389e-05,0.00284724694129,0.000332565666678,0.000950299757,3.83764627389e-05,8.28931595161e-06,3.83764627389e-05,0.25187663043,0.491946542806,0.251876629917
15,0.0772914189033,0.125287718856,0.112504603599,0.00315629696411,0.0449074518132,0.0636423046988,0.144017042224,0.093590721696,0.0803529491137,0.174912554038,0.0206905624145,0.0596463756798,1,0.4,48,18,10,3,20,0.000181346585657,3.9170862502e-05,0.000181346585657,0.0270191086048,0.00132928118424,0.00286943216969,0.000181346585657,3.9170862502e-05,0.000181346585657,0.2448641142,0.478250222072,0.244864113701
16,0.0105295074082,0.0157666385464,0.0604852048197,0.0194282514697,0.0285100267771,0.510476081111,0.0987482030301,0.00243381138656,0.0438898605662,0.0528310623884,0.0413217270733,0.115579625423,1,0.4,48,18,10,3,20,0.000145412896702,3.14091856876e-05,0.000145412896702,0.0431236842242,0.00212463728789,0.00150611324049,0.000145412896702,3.14091856876e-05,0.000145412896702,0.24097419048,0.470652714821,0.240974189988
17,0.00109072018748,0.0552245962102,0.0326659903377,0.0513425228055,0.0340520018661,0.146424520786,0.0913947039563,0.0717254636586,0.116941286098,0.0920582331138,0.267881487433,0.0391984735468,1,0.4,48,18,10,3,20,1.67542631161e-05,3.61892083307e-06,1.67542631161e-05,0.0324685006632,0.000214936348175,0.000814831564649,1.67542631161e-05,3.61892083307e-06,1.67542631161e-05,0.244471773091,0.477483930846,0.244471772593
18,0.0746651346593,0.134987019203,0.00699688352911,0.0648639740403,0.0195847148605,0.249422805454,0.148562881321,0.0201778873399,0.113016004412,0.122665873605,0.0307228346981,0.0143339868776,1,0.4,48,18,10,3,20,0.000191563228551,4.13776573669e-05,0.000191563228551,0.0577279010617,0.00493945026801,0.00263894724904,0.000191563228551,4.13776573669e-05,0.000191563228551,0.236229487966,0.461385717742,0.236229487484
19,0.134005496469,0.0673766754462,0.0328857271962,0.131635762165,0.151448446921,0.138989065624,0.161809427295,0.0230138581237,0.101473196583,0.00962102462574,0.0405753267947,0.00716599275647,1,0.4,48,18,10,3,20,0.000759512192275,0.000164054633531,0.000759512192275,0.227245401383,0.00394058972876,0.0319411096293,0.000759512192275,0.000164054633531,0.000759512192275,0.185551112687,0.362404516228,0.185551112309
20,0.097700790409,0.0951780326921,0.053548165633,0.00346185022808,0.0222954783136,0.0895522589583,0.154297244066,0.229954879519,0.0481000770368,0.0834371162478,0.0720449251243,0.0504291817716,1,0.4,48,18,10,3,20,0.000197459596765,4.26512729013e-05,0.000197459596765,0.0572990894155,0.00262623013694,0.00276877952757,0.000197459596765,4.26512729013e-05,0.000197459596765,0.236883670871,0.462663418727,0.236883670388
21,0.200121730345,0.155463553848,0.0401914930587,0.211417463931,0.0265862073568,0.0190036507672,0.0234279027424,0.0429077497206,0.0272979910461,0.0944653560632,0.134333563516,0.0247833376052,1,0.4,48,18,10,3,20,0.000121357932325,2.62133133822e-05,0.000121357932325,0.000649221436657,0.000914525415929,0.000762399202665,0.000121357932325,2.62133133822e-05,0.000121357932325,0.252239936027,0.492656124049,0.252239935513
22,0.0920122594264,0.00332348834011,0.237730428659,0.0493150735098,0.0395836413645,0.0579051790393,0.195861824682,0.0411126122382,0.00674854290135,0.0681261651037,0.136408919198,0.0718718655378,1,0.4,48,18,10,3,20,6.0457502825e-05,1.30588206102e-05,6.0457502825e-05,0.0286427672704,0.00223215959479,0.00143341856503,6.0457502825e-05,1.30588206102e-05,6.0457502825e-05,0.244723783941,0.477976139535,0.244723783442
23,0.0197847292837,0.110211208036,0.12423088026,0.102851028741,0.142453063183,0.0720518979022,0.0322247025075,0.00364449727106,0.130752814559,0.0163327137911,0.228984619398,0.0164778450677,1,0.4,48,18,10,3,20,0.000142165327211,3.07077106776e-05,0.000142165327211,0.0429030916838,0.0017104362934,0.00305534589004,0.000142165327211,3.07077106776e-05,0.000142165327211,0.240746510887,0.470208028118,0.240746510397
24,0.0806221243626,0.0423109793746,0.117318522732,0.000704680032276,0.161151311644,0.10863336152,0.226503466471,0.0372272877281,0.144410502618,0.00939486923103,0.0592978527422,0.0124250415431,1,0.4,48,18,10,3,20,0.000382833433496,8.26920216351e-05,0.000382833433496,0.22863006631,0.00925614583844,0.00224831712586,0.000382833433496,8.26920216351e-05,0.000382833433496,0.191789724358,0.374589304623,0.191789723967
25,0.133392838626,0.0445706032125,0.0678127408122,0.023586883919,0.135188352141,0.0250686050998,0.00987228576713,0.030854578734,0.188421514077,0.0973298468638,0.169752366696,0.0741493840524,1,0.4,48,18,10,3,20,6.52001424154e-05,1.40832307617e-05,6.52001424154e-05,0.00258316630133,0.00170245294186,0.00124042169305,6.52001424154e-05,1.40832307617e-05,6.52001424154e-05,0.251493437103,0.49119811834,0.25149343659
26,0.00754934923292,0.0516479980027,0.263810171033,0.0488987457502,0.267141843994,0.0124619178548,0.0480668929074,0.0654457591356,0.0160936205842,0.0794001983827,0.11383872509,0.0256447780326,1,0.4,48,18,10,3,20,0.00027479796521,5.93563604853e-05,0.00027479796521,0.00767838466486,0.00336418488667,0.00216018077194,0.00027479796521,5.93563604853e-05,0.00027479796521,0.249316514554,0.486946316495,0.249316514046
27,0.0615814296598,0.0686499442364,0.0747521067727,0.0714675945228,0.0738819090156,0.109667905913,0.0784432702687,0.312166652443,0.0459216919639,0.0751112830753,0.0104019319743,0.0179542801545,1,0.4,48,18,10,3,20,0.00085785067841,0.000185295746537,0.00085785067841,0.0668025319905,0.0205354849236,0.00452280165357,0.00085785067841,0.000185295746537,0.00085785067841,0.228765138619,0.446806910454,0.228765138153
28,0.274072679837,0.0232050180243,0.067187928235,0.0670127942654,0.00315175215076,4.80542374519e-05,0.0442294115014,0.108317442837,0.24812159163,0.0438683984319,0.00690073534029,0.113884193509,1,0.4,48,18,10,3,20,0.000376932550467,8.14174309009e-05,0.000376932550467,0.049128136399,0.00141373622698,0.00682045519682,0.000376932550467,8.14174309009e-05,0.000376932550467,0.238031205324,0.464904696951,0.238031204839
29,0.00342452740947,0.00322117770478,0.0547887772426,0.00798293276495,0.495541168418,0.000862304748216,0.0198863901887,0.0228706608217,0.147974334725,0.0049151249632,0.0300115414198,0.208521059594,1,0.4,48,18,10,3,20,0.000148862884423,3.21543830353e-05,0.000148862884423,0.0506248702206,0.00136149396838,0.000869712742783,0.000148862884423,3.21543830353e-05,0.000148862884423,0.239426824147,0.467630514959,0.239426823659
30,0.0618790790248,0.126090602868,0.0204070723082,0.0297430012994,0.000922606153939,0.0984993556981,0.0972869468314,0.127772137137,0.065522048123,0.0785002840745,0.0165494474383,0.276827419044,1,0.4,48,18,10,3,20,0.000101300794763,2.18809716687e-05,0.000101300794763,0.00818554885764,0.00255619396008,0.000308710817654,0.000101300794763,2.18809716687e-05,0.000101300794763,0.250055483383,0.488389614986,0.250055482873
31,0.0373912343376,0.0537960575009,0.0780531044576,0.0693295996292,0.076589384205,0.0646024249239,0.0469896003567,0.203295271684,0.0881382805015,0.0988185123564,0.160115754946,0.0228807751017,1,0.4,48,18,10,3,20,0.000100994953865,2.18149100348e-05,0.000100994953865,0.000318720975413,0.000188309754059,0.000719815220312,0.000100994953865,2.18149100348e-05,0.000100994953865,0.252540849565,0.4932438458,0.25254084905
32,0.247587077614,0.104351236493,0.0935664612907,0.0242534740442,0.0902843872096,0.0416690850227,0.159808953678,0.0714376836789,0.0113348402216,0.0183712531752,0.134236590088,0.00309895748497,1,0.4,48,18,10,3,20,0.000332827474416,7.18907344739e-05,0.000332827474416,0.0821525727644,0.00393190676977,0.00363784659337,0.000332827474416,7.18907344739e-05,0.000332827474416,0.229894724778,0.449013133418,0.22989472431
33,0.00210883629124,0.151260709113,0.0619318166521,0.308676284172,0.0260688402452,0.0206955658772,0.114644810269,0.00838763778389,0.00478098388717,0.106167819338,0.174864430845,0.0204122655267,1,0.4,48,18,10,3,20,0.000171137630808,3.69657282545e-05,0.000171137630808,0.0045996160221,0.000946656201144,0.00338975127893,0.000171137630808,3.69657282545e-05,0.000171137630808,0.250512062236,0.489281370557,0.250512061725
34,0.0620095176557,0.096663281844,0.15456066843,0.0465323877578,0.157268893625,0.0605754731498,0.0244656691327,0.0765889358537,0.121726502789,0.0997447947002,0.00349195081384,0.0963719242482,1,0.4,48,18,10,3,20,0.00013174571079,2.84570735307e-05,0.00013174571079,0.0621156961967,0.00190684103528,0.00623323094029,0.00013174571079,2.84570735307e-05,0.00013174571079,0.235044511937,0.459071311442,0.235044511458
35,0.0678448894955,0.0380156563318,0.0144257914242,0.0706560903303,0.0810868224329,0.261305786921,0.0143736389928,0.295316184218,0.033797705573,0.0620247823865,0.0423634913569,0.0187891605366,1,0.4,48,18,10,3,20,0.000269025817522,5.81095765847e-05,0.000269025817522,0.0736606367292,0.00356083363703,0.00744536339519,0.000269025817522,5.81095765847e-05,0.000269025817522,0.231245114993,0.4516506143,0.231245114522
36,0.0841709276175,0.174960592186,0.20950000741,0.0336852768086,0.0407305772747,0.00123105330646,0.0164656094435,0.0289349989176,0.0789837909682,0.0658951681934,0.011309852303,0.254132145571,1,0.4,48,18,10,3,20,0.000132403502258,2.85991564877e-05,0.000132403502258,0.0120522029185,0.00298402055473,0.000889109932848,0.000132403502258,2.85991564877e-05,0.000132403502258,0.248787441776,0.485912971228,0.248787441269
37,0.29117357586,0.0109511061847,0.0666158861947,0.0642179971936,0.0726039481727,0.19582372206,0.0027587954876,0.120914641167,0.0627189527354,0.00805983733103,0.0365122510408,0.0676492865729,1,0.4,48,18,10,3,20,0.00050660533106,0.000109426751509,0.00050660533106,0.127810792179,0.00236422046907,0.00887856266056,0.00050660533106,0.000109426751509,0.00050660533106,0.217220844565,0.424259461177,0.217220844122
38,0.04595580363,0.0463437903381,0.112069274858,0.0819391309591,0.00632724082909,0.0932292501058,0.155578712684,0.0281913278444,0.00933287673616,0.141725318368,0.128314847734,0.150992425913,1,0.4,48,18,10,3,20,9.131390684e-05,1.97238038774e-05,9.131390684e-05,0.018835382885,0.00137874523964,0.00112589940123,9.131390684e-05,1.97238038774e-05,9.131390684e-05,0.2474637839,0.483327701944,0.247463783395
39,0.373987507853,0.0126077296525,0.00206639456729,0.0334917254909,0.00739678921577,0.078720748527,0.12973026035,0.129573184873,0.0287929548053,0.0460628688666,0.0344732252011,0.123096610598,1,0.4,48,18,10,3,20,5.60262241462e-07,1.21016644156e-07,5.60262241462e-07,3.80353721734e-06,3.77981861244e-06,4.57114667841e-06,5.60262241462e-07,1.21016644156e-07,5.60262241462e-07,0.252960724474,0.494063913982,0.252960723959
40,0.121010948153,0.0386834121296,0.135034006282,0.00420411317836,0.00488426726238,0.00242570439298,0.304711009391,0.0234646489306,0.0318838654735,0.0110856883705,0.0476447488535,0.274967587582,1,0.4,48,18,10,3,20,2.93274381746e-07,6.33472664572e-08,2.93274381746e-07,1.64247416898e-06,2.44828400889e-06,7.04730005446e-07,2.93274381746e-07,6.33472664572e-08,2.93274381746e-07,0.252962885374,0.494068134488,0.252962884858
41,0.0188636505385,0.013642046006,0.177322360652,0.113840244407,0.00577443851899,0.000537850772533,0.0974374134772,0.0269340831729,0.129209794157,0.114946999817,0.138483035098,0.163008083383,1,0.4,48,18,10,3,20,8.80181459227e-05,1.90119195193e-05,8.80181459227e-05,0.00804973615007,0.00162698307123,0.000581758546091,8.80181459227e-05,1.90119195193e-05,8.80181459227e-05,0.250270716792,0.488809992737,0.250270716281
42,0.0118832002554,0.0217722937562,0.215336346736,0.135728494991,0.0607473560041,0.0970631285798,0.0596113462623,0.201608508789,0.0853079862561,0.0840889814182,0.0184851492116,0.00836720774024,1,0.4,48,18,10,3,20,0.000421322344331,9.10056263756e-05,0.000421322344331,0.038106218511,0.0255235110397,0.00208703812468,0.000421322344331,9.10056263756e-05,0.000421322344331,0.235868062132,0.460679807912,0.235868061651
43,0.0827660389681,0.0445781593901,0.0566604847993,0.0426019220196,0.246418349014,0.0584463500771,0.0440291878218,0.0233231173278,0.0547712474877,0.186746818847,0.0202040517571,0.13945427249,1,0.4,48,18,10,3,20,5.1246764093e-05,1.10693010441e-05,5.1246764093e-05,0.0127972275389,0.000784676215861,0.00181709906657,5.1246764093e-05,1.10693010441e-05,5.1246764093e-05,0.249011572621,0.486350726785,0.249011572114
44,0.00375232630947,0.476044528869,0.0278822628798,0.00242238928078,0.135434683655,0.168753480328,0.00224834645614,0.0115153773144,0.0344341541223,0.0246355749643,0.0702111995201,0.0426656763001,1,0.4,48,18,10,3,20,0.000476675584441,0.000102961926239,0.000476675584441,0.0721909009752,0.00452867218339,0.00351357313194,0.000476675584441,0.000102961926239,0.000476675584441,0.23213387609,0.453386475813,0.232133875616
45,0.0934467383371,0.0926562442828,0.134774315046,0.0379908126058,0.0918831462614,0.0219562952796,0.167506510107,0.0449406195811,0.118771501115,0.0492920827794,0.0608276458193,0.0859540887852,1,0.4,48,18,10,3,20,0.000349505730435,7.54932377739e-05,0.000349505730435,0.0456119250652,0.00510298538934,0.00445502358935,0.000349505730435,7.54932377739e-05,0.000349505730435,0.23861655222,0.466047952605,0.238616551734
46,0.0214964239474,0.112157227309,0.0595545507322,0.01382820129,0.0779036402001,0.0106938483865,0.0459722827555,0.0728427938264,0.00738736392084,0.0499544283669,0.366296819178,0.161912420087,1,0.4,48,18,10,3,20,2.6238936235e-05,5.66761022675e-06,2.6238936235e-05,0.00278311180874,0.00039754696052,0.000917473740296,2.6238936235e-05,5.66761022675e-06,2.6238936235e-05,0.251898328042,0.491988920954,0.251898327529
47,0.105768384772,0.0394682151258,0.0391042442537,0.38489249431,0.305166764499,0.016082804646,0.00418774685489,0.0173711224306,0.0256299916213,6.27368814746e-05,0.0314181871009,0.0308473075055,1,0.4,48,18,10,3,20,0.000911091455821,0.000196795754457,0.000911091455821,0.111267360223,0.0340796244047,0.0148615492163,0.000911091455821,0.000196795754457,0.000911091455821,0.211415907692,0.41292169387,0.211415907261
48,0.226846754426,0.0423069660695,0.124051197357,0.0208946814221,0.148106244506,0.0609467926321,0.0749221278014,0.0790320537017,0.183492356248,0.0103297909795,0.0168125506544,0.012258484203,1,0.4,48,18,10,3,20,0.00252297193629,0.000544961938238,0.00252297193629,0.170796073535,0.0596456113479,0.00912911894352,0.00252297193629,0.000544961938238,0.00252297193629,0.189532935511,0.370181513916,0.189532935125
49,0.148608378363,0.101811401424,0.00548451831361,0.172973383645,0.0617166422424,0.218563996725,0.0567688900011,0.0906448211903,0.0491730548971,0.00820806759764,0.0275055589214,0.0585412866796,1,0.4,48,18,10,3,20,0.00100804214759,0.000217737103879,0.00100804214759,0.0970489797558,0.0128332891775,0.00946788034311,0.00100804214759,0.000217737103879,0.00100804214759,0.221642930406,0.432896347566,0.221642929954
50,0.175988531275,0.1900202752,0.027249413635,0.0536710006139,0.0439214372039,0.144796884479,0.00144545362395,0.147661328598,0.0659774452081,0.0788790845154,0.0471475101643,0.0232416354829,1,0.4,48,18,10,3,20,0.00030886150577,6.67140852463e-05,0.00030886150577,0.0900880457145,0.0048104388766,0.00405728524378,0.00030886150577,6.67140852463e-05,0.00030886150577,0.227585861146,0.444503634144,0.227585860682
51,0.0215422532428,0.161999729218,0.123002583303,0.0038638272938,0.033852997262,0.00127488695731,0.159543904934,0.311625419923,0.087626903344,0.017536715815,0.00716069273737,0.0709700859699,1,0.4,48,18,10,3,20,0.000977812315875,0.000211207460229,0.000977812315875,0.0824519027676,0.0177735876451,0.00271267157252,0.000977812315875,0.000211207460229,0.000977812315875,0.225828471194,0.441071231902,0.225828470734
52,0.114497608211,0.193888762235,0.0521794057174,0.110588387788,0.0725798642399,0.131093370253,0.0733609621536,0.0277433757326,0.147660378871,0.0603333919927,0.0151440264735,0.000930466331896,1,0.4,48,18,10,3,20,0.000832415115511,0.00017980166495,0.000832415115511,0.165311978247,0.0203091535399,0.00782115646944,0.000832415115511,0.00017980166495,0.000832415115511,0.203097157103,0.396674134159,0.203097156689
53,0.108784292938,0.0298212499709,0.0555549224892,0.0214972520937,0.0119836938465,0.00515172514687,0.103408832585,0.00113558881026,0.107220838511,0.247116641666,0.0782206163198,0.230104345623,1,0.4,48,18,10,3,20,3.48749931229e-05,7.53299851456e-06,3.48749931229e-05,0.00426495413138,0.000301547807981,0.000896238993345,3.48749931229e-05,7.53299851456e-06,3.48749931229e-05,0.251543448439,0.491295796732,0.251543447927
54,0.122338666174,0.0826743345112,0.0109570169876,0.141365023818,0.0267070865593,0.0309505489383,0.0503128414539,0.0212209908926,0.346284542595,0.0126895879139,0.0999718620102,0.0545274981462,1,0.4,48,18,10,3,20,0.000468153405199,0.000101121135523,0.000468153405199,0.0656347283246,0.00991287427131,0.00104356010278,0.000468153405199,0.000101121135523,0.000468153405199,0.233064722925,0.455204536035,0.23306472245
55,0.123301703627,0.189227832301,0.0716269688937,0.00740722902472,0.171846687948,0.0255380930337,0.230857761832,0.0367009727769,0.0936822695649,0.0144903767081,0.0322720422552,0.00304806203417,1,0.4,48,18,10,3,20,0.0034210367169,0.00073894393085,0.0034210367169,0.0578194518689,0.0494868227277,0.00927920038204,0.0034210367169,0.00073894393085,0.0034210367169,0.219636993926,0.428978502888,0.219636993478
56,0.0328324174354,0.200475908523,0.0541165109514,0.0948014794905,0.0152786005289,0.041812746223,0.0430633255598,0.0662260963339,0.180218838358,0.252650025942,0.0153983091988,0.00312574145618,1,0.4,48,18,10,3,20,0.000104874802261,2.26529572885e-05,0.000104874802261,0.0376729100127,0.00191076663648,0.000788758673668,0.000104874802261,2.26529572885e-05,0.000104874802261,0.242634058122,0.473894643804,0.242634057628
57,0.19516603348,0.0935415981011,0.0127080633425,0.128651251704,0.157690267611,0.0426875998081,0.0237947411391,0.0276935297793,0.256598220741,0.0537792243069,0.00588194523435,0.00180752475238,1,0.4,48,18,10,3,20,0.000756212966127,0.000163342000683,0.000756212966127,0.183101825122,0.0270788742369,0.0146231907671,0.000756212966127,0.000163342000683,0.000756212966127,0.1952492206,0.381346133207,0.195249220202
58,0.0438909195264,0.00740381252832,0.0298345914031,0.332883128277,0.1609632888,0.0874846747053,0.152695930272,0.012002248574,0.0135924299542,0.0108253896002,0.0315022926345,0.116921293725,1,0.4,48,18,10,3,20,0.000456003093856,9.8496668273e-05,0.000456003093856,0.0302204262638,0.013085146945,0.00212293344072,0.000456003093856,9.8496668273e-05,0.000456003093856,0.240961388544,0.470627711041,0.240961388053
59,0.0690715338059,0.135257606699,0.42124349212,0.0243282424723,0.0539163709497,0.00413643143093,0.0376117791466,0.0708632396224,0.11414316287,0.0515984729266,0.0142813096063,0.00354835835042,1,0.4,48,18,10,3,20,0.00179327158502,0.000387346662365,0.00179327158502,0.152193741161,0.0114840183667,0.0150465139356,0.00179327158502,0.000387346662365,0.00179327158502,0.205743038257,0.401841870777,0.205743037838
60,0.0667508431063,0.467906780729,0.0300802653668,0.00325612756148,0.0077374360339,0.072843320041,0.00898710930801,0.188512166486,0.00943152599038,0.0242311530582,0.104740897184,0.0155223751352,1,0.4,48,18,10,3,20,0.000628731821108,0.000135806073359,0.000628731821108,0.0728316685411,0.00500938524579,0.00735233842017,0.000628731821108,0.000135806073359,0.000628731821108,0.230708634245,0.450602800342,0.230708633775
61,0.00910684758744,0.00771159889678,0.038036404353,0.157272398324,0.00100832103635,0.0429707546926,0.0732339305135,0.210037151215,0.0678859477577,0.234491734331,0.113837006607,0.0444079046847,1,0.4,48,18,10,3,20,1.574060035e-06,3.39996967561e-07,1.574060035e-06,2.06434314114e-06,4.24913279589e-05,2.88434405356e-06,1.574060035e-06,3.39996967561e-07,1.574060035e-06,0.252950661887,0.494044260492,0.252950661372
62,0.0726654585385,0.151757779184,0.048054775416,0.0758525293833,0.161222911491,0.181187464649,0.0370248809573,0.0462245497305,0.206865821211,0.00690001500983,0.0113673481012,0.000876466328372,1,0.4,48,18,10,3,20,0.00733639089544,0.00158466043342,0.00733639089544,0.266281900764,0.0504790423275,0.0747250934496,0.00733639089544,0.00158466043342,0.00733639089544,0.145707277126,0.284584525056,0.145707276829
63,0.0138202035097,0.116535600552,0.124603663175,0.0047253644884,0.136145197769,0.159960973544,0.191824738211,0.123358219116,0.0186147903771,0.0335850574323,0.0528969404394,0.0239292513868,1,0.4,48,18,10,3,20,0.000721581219716,0.000155861543459,0.000721581219716,0.0714968117702,0.0166453774262,0.00257936591138,0.000721581219716,0.000155861543459,0.000721581219716,0.229206108662,0.447668180069,0.229206108195
64,0.101357495694,0.178455626092,0.059223187602,0.0173898609789,0.0112229183795,0.209954549679,0.137713325709,0.0323834173745,0.0276833668752,0.021732087697,0.198519323544,0.0043648403744,1,0.4,48,18,10,3,20,0.000212184970766,4.58319536856e-05,0.000212184970766,0.00884222328363,0.00231916431112,0.00473375545924,0.000212184970766,4.58319536856e-05,0.000212184970766,0.248705632798,0.485753188067,0.248705632291
65,0.181237757977,0.000762868309126,0.195441722643,0.152352258864,0.0529743890792,0.03843552009,0.0610705534267,0.0599727404045,0.154854562181,0.0390533211186,0.0623544258851,0.00148988002325,1,0.4,48,18,10,3,20,0.00047947284971,0.000103566135537,0.00047947284971,0.0268108521822,0.0252796117315,0.00304536850779,0.00047947284971,0.000103566135537,0.00047947284971,0.238479467597,0.465780209201,0.238479467111
66,0.0163514268635,0.0280345335008,0.0414508359857,0.0467595481026,0.186160160963,0.0156126688179,0.177327930561,0.0401286107349,0.0892542587052,0.143452949544,0.151924820044,0.0635422561773,1,0.4,48,18,10,3,20,4.46675667593e-05,9.64819442001e-06,4.46675667593e-05,0.00645314952272,0.00443192923711,0.000208876818621,4.46675667593e-05,9.64819442001e-06,4.46675667593e-05,0.250107972622,0.488492133032,0.250107972112
67,0.0290372202799,0.10622486975,0.288032673636,0.164723445248,0.0878130520365,0.0330160242431,0.0478012281854,0.0483689083111,0.0394875316804,0.0149722205623,0.0781649527806,0.0623578732868,1,0.4,48,18,10,3,20,0.00028753391412,6.21073254499e-05,0.00028753391412,0.0305655918198,0.00770486983453,0.00595850526918,0.00028753391412,6.21073254499e-05,0.00028753391412,0.241453706681,0.4715892699,0.241453706189
68,0.0267658722235,0.0286534196611,0.0506785210121,0.0644025102296,0.103714600195,0.241529777917,0.0275758945011,0.133626720487,0.0853619197274,0.0496959503125,0.0984699991389,0.089524814595,1,0.4,48,18,10,3,20,0.000299405094564,6.46715004257e-05,0.000299405094564,0.0443262340441,0.00278554051854,0.003482995755,0.000299405094564,6.46715004257e-05,0.000299405094564,0.239830075636,0.468418115521,0.239830075147
69,0.278734250709,0.0876192253003,0.084784442954,0.0370407549575,0.153925632411,0.0374889708077,0.144582375426,0.0338809395286,0.0234483210801,0.0308621366296,0.0112419300145,0.0763910201816,1,0.4,48,18,10,3,20,0.000632844620063,0.000136694437934,0.000632844620063,0.112791879588,0.00476927197872,0.00940232591928,0.000632844620063,0.000136694437934,0.000632844620063,0.220137677529,0.429956400548,0.220137677081
70,0.0287666029659,0.196440309123,0.0399606812191,0.018732430225,0.0665259476712,0.226273879104,0.00307420661318,0.0587044454249,0.00217104031098,0.0222888472134,0.26135031875,0.0757112913793,1,0.4,48,18,10,3,20,6.46223074578e-05,1.39584184109e-05,6.46223074578e-05,0.0137638162624,0.00333920190054,0.000864972132523,6.46223074578e-05,1.39584184109e-05,6.46223074578e-05,0.248346714342,0.48505217546,0.248346713836
71,0.0443898771925,0.00887920219972,0.061732981103,0.0972762243212,0.166678906704,0.150539801899,0.0679836844475,0.0871138864344,0.168121802981,0.0832309553772,0.00939556192003,0.0546571154201,1,0.4,48,18,10,3,20,0.000395681969018,8.5467305308e-05,0.000395681969018,0.0524696670027,0.0095824846814,0.00680837273019,0.000395681969018,8.5467305308e-05,0.000395681969018,0.235101549917,0.459182713745,0.235101549437
72,0.0271312375116,0.303859052955,0.0921981146469,0.0839205579629,0.0695869764847,0.0808007618867,0.0466130609741,0.119686480841,0.0531642767505,0.0211601769011,0.0538964083641,0.0479828947213,1,0.4,48,18,10,3,20,0.000815592669723,0.00017616801666,0.000815592669723,0.0131732171768,0.011018257109,0.00320155855523,0.000815592669723,0.00017616801666,0.000815592669723,0.245120572186,0.478751116575,0.245120571686
73,0.0761320679742,0.0886747808806,0.0599961631588,0.294820218051,0.0232352670362,0.0835357203265,0.0145689364058,0.0530994376653,0.0596418147662,0.0529170552997,0.123389088597,0.0699894498386,1,0.4,48,18,10,3,20,0.000265285152464,5.73015929322e-05,0.000265285152464,0.00493244728224,0.00380396394505,0.00111171416919,0.000265285152464,5.73015929322e-05,0.000265285152464,0.250175780506,0.488624570305,0.250175779996
74,0.0832896370975,0.0490766014096,0.138897632185,0.00234976156736,0.0109694089373,0.0604069820946,0.0925224674139,0.0743790046744,0.0204248559839,0.0758538961787,0.235889434406,0.155940318052,1,0.4,48,18,10,3,20,1.62859906944e-06,3.51777398999e-07,1.62859906944e-06,4.9488619673e-06,6.03477212711e-05,3.98592777986e-06,1.62859906944e-06,3.51777398999e-07,1.62859906944e-06,0.252945075367,0.494033349319,0.252945074851
75,0.0173044663285,0.0760772204279,0.0592436160124,0.0206739887242,0.285162284311,0.045791365925,0.262461098375,0.0127360841513,0.0279670392457,0.0600291761394,0.0787578540752,0.053795806284,1,0.4,48,18,10,3,20,0.000239775517703,5.17915118239e-05,0.000239775517703,0.0252634035988,0.0018362785081,0.00594287496429,0.000239775517703,5.17915118239e-05,0.000239775517703,0.244337014212,0.477220729909,0.244337013714
76,0.141532633693,0.185913573501,0.00182528872809,0.0996990934447,0.190032805885,0.00187185598164,0.114542366054,0.0465478047025,0.168561920772,0.0141603312322,0.0322990613461,0.00301326465849,1,0.4,48,18,10,3,20,0.000725901393175,0.000156794700926,0.000725901393175,0.0979043870911,0.0127844509355,0.0684051346967,0.000725901393175,0.000156794700926,0.000725901393175,0.206846187142,0.403996458439,0.206846186721
77,0.0113116111113,0.260041590084,0.016401906931,0.113272667323,0.0635812560562,0.0831087338131,0.0283949140705,0.0360663152046,0.00185113290963,0.0653462341926,0.257942715972,0.0626809223325,1,0.4,48,18,10,3,20,0.000102080627939,2.20494156349e-05,0.000102080627939,0.00619001959776,0.00194315853415,0.000393079610954,0.000102080627939,2.20494156349e-05,0.000102080627939,0.25069314085,0.489635039725,0.250693140339
78,0.00715573909686,0.0786598073659,0.183350638878,0.00763984761921,0.125551955188,0.0266077011997,0.0099194932282,0.0486670284877,0.0352105029653,0.11860949602,0.298486124593,0.0601416653579,1,0.4,48,18,10,3,20,8.80648381427e-05,1.90220050388e-05,8.80648381427e-05,0.0133595632334,0.000402227255102,0.000971497246472,8.80648381427e-05,1.90220050388e-05,8.80648381427e-05,0.249138696703,0.486599016005,0.249138696195
79,0.0133684655949,0.0513155504048,0.0851108339875,0.00448639556671,0.15830376342,0.264289587262,0.0280011099502,0.167627875452,0.0561229837359,0.0152021259801,0.131210994267,0.0249603143786,1,0.4,48,18,10,3,20,1.13550554567e-07,2.45269197865e-08,1.13550554567e-07,4.09705197166e-07,6.33071600755e-07,1.04087082002e-07,1.13550554567e-07,2.45269197865e-08,1.13550554567e-07,0.252964009841,0.494070330714,0.252964009325
80,0.029779695692,0.139501185965,0.158748314959,0.024344131938,0.178527767417,8.40262324742e-05,0.00140232040391,0.109509161964,0.0202956520803,0.0374664597506,0.29552592626,0.00481535733769,1,0.4,48,18,10,3,20,8.99692140198e-05,1.94333502283e-05,8.99692140198e-05,0.0246897623442,0.001576950341,0.000696014455249,8.99692140198e-05,1.94333502283e-05,8.99692140198e-05,0.246042948499,0.480552632807,0.246042947997
81,0.0233573310373,0.191692117191,0.0537914132755,0.0205379913358,0.00891569176556,0.10459844282,0.00654575836836,0.338649158808,0.149516009737,0.0220485641549,0.00573666859171,0.0746108529139,1,0.4,48,18,10,3,20,0.00162904580482,0.000351873893842,0.00162904580482,0.0447552669912,0.0122085151989,0.00950440740164,0.00162904580482,0.000351873893842,0.00162904580482,0.234323954039,0.4576639718,0.234323953562
82,0.0614660726042,0.12400506143,0.0103669342056,0.0427804932264,0.0362034008183,0.173586412347,0.1191963915,0.0796013741078,0.169877775733,0.0280266960333,0.139585962428,0.0153034255654,1,0.4,48,18,10,3,20,0.000278950799087,6.02533726027e-05,0.000278950799087,0.0319456915233,0.0101566705282,0.00180616452367,0.000278950799087,6.02533726027e-05,0.000278950799087,0.241544389549,0.471766384877,0.241544389057
83,0.0225801261468,0.250421419151,0.23220742037,0.0109150507355,0.0686471160983,0.0322674877548,0.0315906905221,0.0629287568852,0.0720996505674,0.0690130253237,0.12760579658,0.0197234598652,1,0.4,48,18,10,3,20,0.000249560174351,5.39049976599e-05,0.000249560174351,0.0406536524591,0.000704250365241,0.00362714506202,0.000249560174351,5.39049976599e-05,0.000249560174351,0.241305018909,0.471298864095,0.241305018417
84,0.0014388565245,0.0443473927493,0.160843493151,0.019449022501,0.00660072699934,0.0594258949923,0.333007911697,0.0859247799998,0.0990876307177,0.0164149119859,0.127282430924,0.046176947758,1,0.4,48,18,10,3,20,0.000111401014759,2.40626191879e-05,0.000111401014759,0.0355482958253,0.00886049282082,0.00139249980867,0.000111401014759,2.40626191879e-05,0.000111401014759,0.241253434612,0.471198113516,0.24125343412
85,0.00805414984191,0.0519828491803,0.0755522018356,0.15315311205,0.0913683810791,0.0293024810308,0.188291853047,0.0793053040144,0.0356038502569,0.0846656358405,0.0695984820494,0.133121699775,1,0.4,48,18,10,3,20,0.000167381302439,3.61543613268e-05,0.000167381302439,0.014699053518,0.00337498609331,0.00289207412072,0.000167381302439,3.61543613268e-05,0.000167381302439,0.247473088715,0.483345875411,0.24747308821
86,0.0169684634774,0.207034926682,0.0141239090172,0.140310429995,0.0298544310973,0.0172784456558,0.0347758870959,0.0267810030527,0.144949746086,0.107305110815,0.15929273459,0.101324912436,1,0.4,48,18,10,3,20,5.94431887712e-05,1.28397287746e-05,5.94431887712e-05,0.00213817803762,0.00236412642415,0.000254324535516,5.94431887712e-05,1.28397287746e-05,5.94431887712e-05,0.251694525295,0.491590868714,0.251694524782
87,0.075831221909,0.170965764609,0.0387795063978,0.103908086303,0.0101732176304,0.233135423013,0.017151544341,0.0556586757834,0.0685785421419,0.0388613880813,0.0852630763384,0.101693553452,1,0.4,48,18,10,3,20,0.00013882244044,2.99856471351e-05,0.00013882244044,0.0365850727456,0.00347913183694,0.00591720341008,0.00013882244044,2.99856471351e-05,0.00013882244044,0.241177127564,0.471049076314,0.241177127073
88,0.0258318489422,0.0689122459243,0.0647485865247,0.132998148517,0.0941766548589,0.0214894470995,0.0137457941381,0.154134972409,0.144854063842,0.0882076348697,0.0295062977847,0.161394305089,1,0.4,48,18,10,3,20,7.95412824554e-05,1.71809170104e-05,7.95412824554e-05,0.0400477257499,0.00377909459576,0.000856976955717,7.95412824554e-05,1.71809170104e-05,7.95412824554e-05,0.241571839289,0.471819997649,0.241571838796
89,0.0719786920414,0.0328461266247,0.0988108095818,0.115796350203,0.100283225386,0.108646321593,0.0109330068157,0.101583898654,0.153567534908,0.130844547497,0.00173258054144,0.0729769061541,1,0.4,48,18,10,3,20,0.000136284014606,2.94373471548e-05,0.000136284014606,0.0182926220389,0.00600624578299,0.00277312563211,0.000136284014606,2.94373471548e-05,0.000136284014606,0.24596338271,0.480397230875,0.245963382208
90,0.0986932743154,0.0705975932787,0.0527063719088,0.174740976736,0.0134207471183,0.0562942471805,0.113446669522,0.0540288274329,0.180051980022,0.0733575326027,0.0394772390008,0.0731845408824,1,0.4,48,18,10,3,20,0.000217255949489,4.69272850896e-05,0.000217255949489,0.00210482509047,0.00461632452088,0.00059261890245,0.000217255949489,4.69272850896e-05,0.000217255949489,0.250870730025,0.48998189358,0.250870729513
91,0.0335464728432,0.0529637589771,0.177249361676,0.0191281352451,0.0640042433651,0.152443644871,0.198567469899,0.0091675468263,0.00482151910007,0.015695584161,0.122397342463,0.150014920574,1,0.4,48,18,10,3,20,8.85916634496e-05,1.91357993051e-05,8.85916634496e-05,0.0113844551243,0.0023956817394,0.00324145236458,8.85916634496e-05,1.91357993051e-05,8.85916634496e-05,0.248559247182,0.485467278662,0.248559246675
92,0.0763235879663,0.0493366069996,0.0788830208534,0.0940824560184,0.0684059520555,0.0194507064968,0.00215138854381,0.134345465429,0.188904399,0.149324752951,0.106053577364,0.0327380863216,1,0.4,48,18,10,3,20,8.31073927115e-05,1.79511968257e-05,8.31073927115e-05,0.0217732745868,0.000762919375628,0.0026017510763,8.31073927115e-05,1.79511968257e-05,8.31073927115e-05,0.246512246509,0.481469230481,0.246512246006
93,0.109519783242,0.0678378426967,0.0280180966136,0.10720010316,0.121102259943,0.0253748490738,0.0929642944068,0.0195101700494,0.116646824409,0.110084153782,0.0696609912797,0.132080631344,1,0.4,48,18,10,3,20,4.99804312504e-05,1.07957731501e-05,4.99804312504e-05,0.00221526523868,0.000918933070915,0.00277324867608,4.99804312504e-05,1.07957731501e-05,4.99804312504e-05,0.251414018342,0.491043003572,0.251414017829
94,0.0841701384162,0.0386596073897,0.0388314850111,0.0405274769631,0.0262537939977,0.0803535124811,0.0530643822469,0.201987001737,0.280830406737,0.0912956781649,0.0584011222754,0.00562539457949,1,0.4,48,18,10,3,20,0.00062954464418,0.000135981643143,0.00062954464418,0.0447120948879,0.00571509101124,0.00757814747603,0.00062954464418,0.000135981643143,0.00062954464418,0.237585334689,0.464033855868,0.237585334205
