run_ID,t1_initial,t2_initial,t3_initial,t4_initial,t5_initial,t6_initial,t7_initial,t8_initial,t9_initial,t10_initial,t11_initial,t12_initial,alpha,prior_cost_c,lambda,k,sample_amount,learning_parameter,generations,t1_final,t2_final,t3_final,t4_final,t5_final,t6_final,t7_final,t8_final,t9_final,t10_final,t11_final,t12_final
0,0.0530387178322,0.104478595749,0.000116494664865,0.0424970442941,0.104726861344,0.205863912451,0.0944364940696,0.136606912596,0.00681058395495,0.1025813042,0.104054491898,0.0447885869461,1,0.4,42,19,10,3,20,0.000120287573074,2.5982115784e-05,0.000120287573074,0.0113960330174,0.0037721610696,0.00274070149471,0.000120287573074,2.5982115784e-05,0.000120287573074,0.248299262378,0.484959475871,0.248299251646
1,0.0628232591422,0.000503983052493,0.10775795482,0.0398909784566,0.0822346894542,0.0126477440334,0.0653542004591,0.0853259875034,0.126924734054,0.18486404268,0.104325603234,0.12734682311,1,0.4,42,19,10,3,20,7.06541330519e-05,1.52612927392e-05,7.06541330519e-05,0.00901575212956,0.000950911444952,0.00122945321055,7.06541330519e-05,1.52612927392e-05,7.06541330519e-05,0.250053002628,0.488384749649,0.25005299182
2,0.0316752282725,0.0327266779284,0.0784025940554,0.118607633665,0.193106687112,0.144589871621,0.128133746704,0.0301849261096,0.128788033859,0.0792404471256,0.0225051535216,0.0120390000257,1,0.4,42,19,10,3,20,0.000319270815362,6.89624961182e-05,0.000319270815362,0.111707073542,0.0141247391595,0.00165144171296,0.000319270815362,6.89624961182e-05,0.000319270815362,0.220357758851,0.430386229154,0.220357749327
3,0.0123134285815,0.0605785840081,0.0842789571801,0.040395884991,0.164001217399,0.0033191987834,0.0893280136812,0.031979734281,0.0413842396174,0.27841050036,0.0326953713326,0.161314869785,1,0.4,42,19,10,3,20,1.82249895859e-05,3.93659775055e-06,1.82249895859e-05,0.00326472685744,0.000420795107939,0.000718768223755,1.82249895859e-05,3.93659775055e-06,1.82249895859e-05,0.25182987353,0.491855200481,0.251829862646
4,0.185363446694,0.0282836793482,0.0959889192651,0.0938527776662,0.1478105644,0.0197185602071,0.118916846947,0.135520100107,0.0264185419588,0.0736689810188,0.0209783754598,0.0534792069283,1,0.4,42,19,10,3,20,0.000394235563808,8.51548817825e-05,0.000394235563808,0.0161717648771,0.0070125725141,0.00798038555024,0.000394235563808,8.51548817825e-05,0.000394235563808,0.244638875893,0.477810283827,0.24463886532
5,0.0568218762522,0.0111510165799,0.0207998583172,0.0616148789525,0.0415933364171,0.0181303224666,0.0618819254457,0.0711028176341,0.0743465451502,0.0766080166316,0.187091019018,0.318858387135,1,0.4,42,19,10,3,20,2.22793439421e-05,4.81233829149e-06,2.22793439421e-05,0.006858441562,0.000883957117356,9.58779985852e-05,2.22793439421e-05,4.81233829149e-06,2.22793439421e-05,0.250956651586,0.490149688944,0.250956640739
6,0.124742446711,0.00156888900396,0.086629116594,0.0110335473335,0.0597644568025,0.0986679421951,0.00683952211121,0.123912724515,0.136393449868,0.0783600182376,0.0927232998749,0.179364586753,1,0.4,42,19,10,3,20,8.77514972329e-05,1.89543234023e-05,8.77514972329e-05,0.00494236894286,0.00235015369478,0.00028493329223,8.77514972329e-05,1.89543234023e-05,8.77514972329e-05,0.250949226616,0.49013518705,0.250949215769
7,0.0287261898009,0.0343854797964,0.137051114312,0.00106491317434,0.0908734391806,0.0859462383522,0.0629653402363,0.186770042203,0.111194960207,0.0986969674762,0.0434091663198,0.118916148941,1,0.4,42,19,10,3,20,0.000262708260464,5.67449842602e-05,0.000262708260464,0.0118562126988,0.00433086478689,0.00145724076655,0.000262708260464,5.67449842602e-05,0.000262708260464,0.248206517734,0.484778333997,0.248206507006
8,0.0641557436104,0.00824938597043,0.0311152358131,0.148538621098,0.0282186589879,0.229941944163,0.0820932152171,0.0011150850368,0.0386740141903,0.019983600408,0.191849327054,0.156065168452,1,0.4,42,19,10,3,20,6.39792540038e-05,1.38195188648e-05,6.39792540038e-05,0.00229533989689,0.00279180919256,0.000406865000334,6.39792540038e-05,1.38195188648e-05,6.39792540038e-05,0.251502915278,0.491216610171,0.251502904408
9,0.00581035016842,0.270783274313,0.0961170429863,0.0127569349102,0.0181417991514,0.0964298162331,0.00888587501384,0.192033897043,0.0686505524813,0.0380620373416,0.0416040721874,0.15072434817,1,0.4,42,19,10,3,20,0.000110935393961,2.39620450955e-05,0.000110935393961,0.00294464537982,0.00295440903353,0.00143338339831,0.000110935393961,2.39620450955e-05,0.000110935393961,0.250985215129,0.490205477112,0.250985204281
10,0.012588006746,0.0573456637208,0.0498906679849,0.149850299609,0.192802986037,0.0141084574263,0.0237175726536,0.0659926343081,0.115758159542,0.00350959690793,0.0704551313156,0.243980823749,1,0.4,42,19,10,3,20,0.000137882159694,2.97825464938e-05,0.000137882159694,0.0214588509985,0.00334710011381,0.00175298175659,0.000137882159694,2.97825464938e-05,0.000137882159694,0.246091384616,0.480647214804,0.24609137398
11,0.0462992256266,0.22298289227,0.160763777539,0.0522245010951,0.0329461034079,0.133275393974,0.0106396480871,0.0418007216891,0.0789359520558,0.0422955373968,0.0961256024161,0.0817106444433,1,0.4,42,19,10,3,20,0.000136332354604,2.94477885945e-05,0.000136332354604,0.000820041082931,0.00149451570211,0.00118866547483,0.000136332354604,2.94477885945e-05,0.000136332354604,0.251925396971,0.492041769692,0.251925386082
12,0.132945650205,0.149870923051,0.0440197500979,0.0280321867172,0.0925894006902,0.106175196887,0.00860432107533,0.0832592709414,0.0571923026084,0.235645177337,0.0566998253142,0.00496599507616,1,0.4,42,19,10,3,20,0.000136688335318,2.95246804287e-05,0.000136688335318,0.0123112884052,0.00363723892017,0.00108600277339,0.000136688335318,2.95246804287e-05,0.000136688335318,0.248502058224,0.485355561491,0.248502047484
13,0.0734664998825,0.0381487814344,0.0891626684439,0.025975647276,0.319403913848,0.0207052172211,0.0126559506556,0.028919991558,0.0348070043607,0.0597542224751,0.115916980059,0.181083122785,1,0.4,42,19,10,3,20,2.26654226406e-05,4.89573129037e-06,2.26654226406e-05,0.0392807958541,0.000811423175737,0.000638327148394,2.26654226406e-05,4.89573129037e-06,2.26654226406e-05,0.242635644367,0.473897722422,0.24263563388
14,0.0370908505968,0.061413143568,0.0898699119047,0.00102339969279,0.0824410945678,0.11661668649,0.293923836311,0.10115057057,0.0272295119302,0.00233173326262,0.0485453285884,0.138363932518,1,0.4,42,19,10,3,20,0.000182634753899,3.94491068422e-05,0.000182634753899,0.0245486965213,0.00520379064094,0.000922786167364,0.000182634753899,3.94491068422e-05,0.000182634753899,0.244999923026,0.478515453978,0.244999912437
15,0.0706192302348,0.0300268943702,0.0146572138272,0.0312408722995,0.191689394024,0.123131225427,0.0198981485228,0.0884875038197,0.131465205401,0.0976068463803,0.0440808204676,0.157096645226,1,0.4,42,19,10,3,20,0.000146445491206,3.16322261004e-05,0.000146445491206,0.0197517516673,0.00179405567205,0.00256705295607,0.000146445491206,3.16322261004e-05,0.000146445491206,0.246700553303,0.481836997344,0.24670054264
16,0.0900649417222,0.0687779751051,0.133393977098,0.0918324932212,0.0454222387539,0.132383220331,0.290020698012,0.0199581592751,0.000459148666822,0.0557772074059,0.048812375296,0.0230975651125,1,0.4,42,19,10,3,20,0.000436316670651,9.42444008606e-05,0.000436316670651,0.0483238877397,0.002655309651,0.0128992263992,0.000436316670651,9.42444008606e-05,0.000436316670651,0.236316294296,0.461555242348,0.236316284082
17,0.080642173229,0.0669964975086,0.229555089603,0.0866896828848,0.00905354435285,0.0741720402626,0.0825150644296,0.0843892765442,0.0877874763693,0.0063817886304,0.075860656644,0.115956709541,1,0.4,42,19,10,3,20,0.00040107691886,8.66326144738e-05,0.00040107691886,0.0281288272217,0.00466632090321,0.00364842133739,0.00040107691886,8.66326144738e-05,0.00040107691886,0.243295845359,0.47518717743,0.243295834844
18,0.346525399998,0.127200511317,0.0268982845413,0.0227414356179,0.0107513735161,0.0220816592535,0.135012763456,0.018805641669,0.129318767196,0.0708371996405,0.0642667916862,0.0255601721096,1,0.4,42,19,10,3,20,0.000582517282688,0.000125823733061,0.000582517282688,0.0435487669051,0.00863152923603,0.0033912133982,0.000582517282688,0.000125823733061,0.000582517282688,0.238253737049,0.465339310062,0.238253726752
19,0.0663995817076,0.303820208375,0.00557865770709,0.141387242853,0.191281394813,0.0521028420202,0.034642042842,0.0239956111167,0.0647162369061,0.0313047302217,0.023773370277,0.0609980811611,1,0.4,42,19,10,3,20,0.00109907708472,0.000237400650299,0.00109907708472,0.050507807831,0.0136276819566,0.00389209211241,0.00109907708472,0.000237400650299,0.00109907708472,0.234523658724,0.458054001148,0.234523648588
20,0.0789806702199,0.284869883025,0.0461454724218,0.00697767760983,0.184413718272,0.0496373038155,0.0742874951418,0.0342212879417,0.0936700796933,0.052482303621,0.00633792660238,0.0879761816356,1,0.4,42,19,10,3,20,0.000304838947307,6.58452126184e-05,0.000304838947307,0.0340162736683,0.0112451790012,0.001360239897,0.000304838947307,6.58452126184e-05,0.000304838947307,0.240829038282,0.470369195064,0.240829027873
21,0.158746021717,0.174426119767,0.0750084307904,0.0691096579759,0.0466402416277,0.111366726489,0.026048267432,0.0682441429118,0.0319448298096,0.00740330588448,0.14083200786,0.0902302477352,1,0.4,42,19,10,3,20,0.000170215242248,3.67664923255e-05,0.000170215242248,0.0219448824928,0.00524933141301,0.00134376281251,0.000170215242248,3.67664923255e-05,0.000170215242248,0.245554507047,0.479598625847,0.245554496434
22,0.00233385540851,0.351646985868,0.075614018649,0.0772047911778,0.112947357087,0.0075080959739,0.0678402436134,0.0947681084276,0.166978245861,0.00135623258316,0.00194286024769,0.0398592051035,1,0.4,42,19,10,3,20,0.00197022834827,0.000425569323226,0.00197022834827,0.216530098985,0.0419914495778,0.0175040666273,0.00197022834827,0.000425569323226,0.00197022834827,0.18093087263,0.353380595331,0.18093086481
23,0.15096917112,0.0809090671926,0.0269662479769,0.00670540919287,0.0705251008305,0.0691157347245,0.228025158915,0.179489284696,0.0181925627425,0.0247541359917,0.0513480475991,0.0930000790181,1,0.4,42,19,10,3,20,0.000651010576039,0.000140618284424,0.000651010576039,0.0217243489452,0.00250756341467,0.00682070309169,0.000651010576039,0.000140618284424,0.000651010576039,0.244379354781,0.477303406677,0.244379344218
24,0.0555211417771,0.140128898652,0.122070016587,0.00564981602183,0.0957681267784,0.104793524081,0.0945722136987,0.0366885789267,0.0122787876636,0.0163886823957,0.302064415929,0.0140757974898,1,0.4,42,19,10,3,20,0.000114509746699,2.47341052869e-05,0.000114509746699,0.0043722178239,0.00210922726477,0.00107941374995,0.000114509746699,2.47341052869e-05,0.000114509746699,0.250923425389,0.490084794031,0.250923414544
25,0.0232574076856,0.0300506477177,0.00916476615988,0.055532201525,0.120694175101,0.0156840110001,0.0639026013795,0.0117581424531,0.397713972415,0.0175234490567,0.00644839350451,0.248270232002,1,0.4,42,19,10,3,20,0.000110237317042,2.38112604812e-05,0.000110237317042,0.000585150231002,0.00134368047477,0.000180409138053,0.000110237317042,2.38112604812e-05,0.000110237317042,0.252307281093,0.492787637086,0.252307270188
26,0.0394581823785,0.0219129092263,0.155518061079,0.137774419597,0.0536690320484,0.11110582157,0.0468067730055,0.0177976560711,0.283300610327,0.106226097239,0.010150721317,0.0162797161416,1,0.4,42,19,10,3,20,0.000194377365803,4.19855110135e-05,0.000194377365803,0.121171498383,0.0108109481553,0.00255646990918,0.000194377365803,4.19855110135e-05,0.000194377365803,0.21871295013,0.42717371226,0.218712940677
27,0.00209339058406,0.036737261625,0.0702141447384,0.0625732224458,0.08999220178,0.210348754864,0.00200521528061,0.0722405125439,0.11913738197,0.0520063970882,0.27402083991,0.00863067717034,1,0.4,42,19,10,3,20,0.000198813183818,4.29436477046e-05,0.000198813183818,0.00825824314385,0.00215943549681,0.00115953409461,0.000198813183818,4.29436477046e-05,0.000198813183818,0.249812914876,0.487915828279,0.249812904079
28,0.111306465348,0.104900258121,0.0259210294626,0.0171698823188,0.178551763225,0.0301395844155,0.0932916349777,0.0357954841729,0.0283673565946,0.110266365092,0.129058626649,0.135231549624,1,0.4,42,19,10,3,20,4.36166017084e-05,9.42118596901e-06,4.36166017084e-05,0.00910790271572,0.00266802338399,0.000915588601873,4.36166017084e-05,9.42118596901e-06,4.36166017084e-05,0.249705032953,0.487705121407,0.24970502216
29,0.14830726484,0.106939044392,0.0617942416993,0.167359940008,0.205408996441,0.088355751805,0.125209056418,0.00597217315159,0.0016093296424,0.00645546401345,0.0822754219564,0.000313315633136,1,0.4,42,19,10,3,20,0.000394349088131,8.51794030363e-05,0.000394349088131,0.159251019679,0.014857765637,0.00376023312413,0.000394349088131,8.51794030363e-05,0.000394349088131,0.207527779387,0.405327676597,0.207527770418
30,0.0147068878376,0.0719465908422,0.0703166908512,0.231187407695,0.0193247165603,0.0127293396011,0.327851756097,0.0429638572796,0.0952067438924,0.0537054913616,0.000383629627286,0.0596768883547,1,0.4,42,19,10,3,20,0.000432710277847,9.3465420015e-05,0.000432710277847,0.0272757709458,0.0210695025726,0.00242052260601,0.000432710277847,9.3465420015e-05,0.000432710277847,0.239637366011,0.46804171026,0.239637355653
31,0.150833737639,0.137055227807,0.0346155112174,0.0190364417494,0.0395343338063,0.100441727099,0.00109021432852,0.0465527326217,0.0737857821237,0.142853748935,0.224245616036,0.0299549266373,1,0.4,42,19,10,3,20,5.54973570552e-05,1.19874291239e-05,5.54973570552e-05,0.0203401214364,0.00101655036406,0.000396356541221,5.54973570552e-05,1.19874291239e-05,5.54973570552e-05,0.247399472303,0.483202073458,0.247399461611
32,0.208317938132,0.0264831245905,0.0761506181126,0.128735183161,0.0318306844413,0.00977788816983,0.0664375786256,0.0630581563325,0.289307886517,0.0340879714277,0.00138068429164,0.0644322861983,1,0.4,42,19,10,3,20,0.000380806283351,8.22541572038e-05,0.000380806283351,0.149057049789,0.00754408699611,0.00555077431918,0.000380806283351,8.22541572038e-05,0.000380806283351,0.211518831923,0.413122700744,0.211518822781
33,0.0815982623191,0.124511412263,0.0569021050388,0.176822515274,0.102135587492,0.0175139444408,0.0744073961643,0.124954580189,0.0463884406813,0.0638431028101,0.0217872711311,0.109135382196,1,0.4,42,19,10,3,20,0.000274380762352,5.92662446679e-05,0.000274380762352,0.0233581475868,0.00738049758729,0.00335848724889,0.000274380762352,5.92662446679e-05,0.000274380762352,0.244031454403,0.47662391378,0.244031443855
34,0.163482515462,0.0266122558463,0.0674761711891,0.0722177909309,0.00654705087709,0.012506078037,0.0811813501222,0.00183083930397,0.156805165621,0.0118322526483,0.388645226914,0.0108633030476,1,0.4,42,19,10,3,20,4.77822675837e-05,1.03209697981e-05,4.77822675837e-05,0.0180221005381,0.000552420150027,0.00140245818745,4.77822675837e-05,1.03209697981e-05,4.77822675837e-05,0.247857399336,0.484096462155,0.247857388623
35,0.112997213819,0.135045575227,0.0706519093265,0.227860332311,0.0272724763088,0.0819934946053,0.0262025429345,0.159582310258,0.067308472851,0.0617784983306,0.00719540341956,0.0221117706088,1,0.4,42,19,10,3,20,0.000423454265663,9.14661213832e-05,0.000423454265663,0.00802794338066,0.0104031953928,0.014417508277,0.000423454265663,9.14661213832e-05,0.000423454265663,0.244180144774,0.476914324649,0.244180134221
36,0.0954350026355,0.0416477391875,0.165427829818,0.00224321715055,0.0316544474317,0.0195998937533,0.126018260852,0.036874012988,0.153968078951,0.222136491298,0.0130342573266,0.0919607686074,1,0.4,42,19,10,3,20,5.49074144961e-05,1.18600015312e-05,5.49074144961e-05,0.015403324531,0.00152708125146,0.00187990418667,5.49074144961e-05,1.18600015312e-05,5.49074144961e-05,0.248144536801,0.484657277493,0.248144526076
37,0.104584226982,0.109377883865,0.00846050493804,0.0111160982854,0.0521517430733,0.202322239253,0.22028265111,0.136547488962,0.0599232678949,0.0334508695941,0.0386975875362,0.0230854385057,1,0.4,42,19,10,3,20,0.000637276579061,0.000137651741077,0.000637276579061,0.0666602852303,0.0239300906027,0.0048788484649,0.000637276579061,0.000137651741077,0.000637276579061,0.228099641427,0.445507092908,0.228099631569
38,0.0636829660545,0.254656107909,0.256076868328,0.123499664243,0.0034312984368,0.0754855294627,0.00319249381711,0.0110372818919,0.0235021843573,0.0146718880894,0.164988398642,0.00577531876788,1,0.4,42,19,10,3,20,0.000683035489885,0.000147535665815,0.000683035489885,0.0267518574619,0.00659046149953,0.000979592224601,0.000683035489885,0.000147535665815,0.000683035489885,0.243516434872,0.475618016303,0.243516424347
39,0.164921529321,0.0107023802951,0.0576123118398,0.0117903404725,0.0644693957584,0.0445129860491,0.0200074475505,0.0175508980762,0.0690642363155,0.3687046686,0.0109911739093,0.159672631813,1,0.4,42,19,10,3,20,2.76282333714e-05,5.96769840823e-06,2.76282333714e-05,0.00589070812222,0.00064464318402,0.000221213341505,2.76282333714e-05,5.96769840823e-06,2.76282333714e-05,0.251224289413,0.490672419053,0.251224278555
40,0.0169823499705,0.0293351018285,0.192591969229,0.0754133164242,0.0205077898107,0.0237236744262,0.0593685961335,0.216231344491,0.222444352761,0.107054456857,0.021579085748,0.0147679623209,1,0.4,42,19,10,3,20,0.000275785434014,5.95696537469e-05,0.000275785434014,0.0894091626393,0.0111747559325,0.0013159801056,0.000275785434014,5.95696537469e-05,0.000275785434014,0.226878191111,0.443121447862,0.226878181305
41,0.0568679628613,0.0589926566312,0.0805115492922,0.0176096466429,0.00735753638668,0.118842003379,0.0449405643054,0.00725271866918,0.394584950927,0.0528597351508,0.134346074224,0.0258346015308,1,0.4,42,19,10,3,20,0.000107640083791,2.32502580989e-05,0.000107640083791,0.0668993265952,0.00394067075431,0.00120651496431,0.000107640083791,2.32502580989e-05,0.000107640083791,0.234618550332,0.458239336312,0.234618540191
42,0.0440872963551,0.0643842371725,0.00034125725946,0.00404555824075,0.0258911744252,0.0420858619266,0.13578747378,0.0983834215643,0.19151281989,0.0622072245997,0.202853528658,0.128420146128,1,0.4,42,19,10,3,20,8.29322801175e-05,1.79133725054e-05,8.29322801175e-05,0.0109491889078,0.000325520047051,0.00127640207936,8.29322801175e-05,1.79133725054e-05,8.29322801175e-05,0.249696471771,0.48768840035,0.249696460979
43,0.0563687291618,0.0440911115051,0.0263258218486,0.192019269288,0.121966451639,0.0837734578443,0.133788991437,0.0457708498937,0.0630208431888,0.0130181356331,0.199334638806,0.0205216997535,1,0.4,42,19,10,3,20,0.000243460618131,5.25874935163e-05,0.000243460618131,0.0187760119024,0.00542774426352,0.00310891247887,0.000243460618131,5.25874935163e-05,0.000243460618131,0.24578234821,0.480043628099,0.245782337587
44,0.0607565892668,0.209329259134,0.0073491969194,0.180399817743,0.0122272884111,0.096198865748,0.106546454038,0.0867181055711,0.0539596440232,0.00827471862152,0.157664494172,0.0205755663518,1,0.4,42,19,10,3,20,0.00034540955489,7.46084638562e-05,0.00034540955489,0.0325405071353,0.00889578957656,0.00289480380888,0.00034540955489,7.46084638562e-05,0.00034540955489,0.241362991339,0.471412072085,0.241362980908
45,0.048239491279,0.0271392769765,0.0318089786086,0.0519043243841,0.0639574435005,0.00516398836884,0.0205376345958,0.0766070015889,0.271157759574,0.17008421216,0.224898561416,0.00850132754836,1,0.4,42,19,10,3,20,0.0001370709855,2.9607332868e-05,0.0001370709855,0.00696167740466,0.00188952970147,0.000320184186562,0.0001370709855,2.9607332868e-05,0.0001370709855,0.250490723686,0.489239673554,0.25049071286
46,0.139892328831,0.0701025764428,0.0317432123546,0.00413902653202,0.054948829308,0.117076083551,0.240116222444,0.220436207465,0.00361824492312,0.00618136445127,0.0968908988921,0.0148550048054,1,0.4,42,19,10,3,20,0.000299208332186,6.46289997522e-05,0.000299208332186,0.0751811951251,0.00805070233622,0.00804234371138,0.000299208332186,6.46289997522e-05,0.000299208332186,0.229539844249,0.448319988922,0.229539834328
47,0.0470507057714,0.214965169737,0.0089662181621,0.0932486173323,0.0232566673399,0.036208743642,0.00524639927362,0.0917417024869,0.257314891744,0.0493688951993,0.111519196235,0.0611127930758,1,0.4,42,19,10,3,20,0.000165522177062,3.57527902454e-05,0.000165522177062,0.0499814004423,0.0021601685858,0.00179850014935,0.000165522177062,3.57527902454e-05,0.000165522177062,0.239133942654,0.46705846156,0.239133932319
48,0.0179669146169,0.0498826704764,0.232511752019,0.0144631835766,0.00852535857732,0.164237452036,0.00207046853138,0.10431009499,0.132221837599,0.0978236683422,0.00848635157244,0.167500247663,1,0.4,42,19,10,3,20,0.000225362440668,4.86782871843e-05,0.000225362440668,0.0228177343715,0.00196563838763,0.00243541839485,0.000225362440668,4.86782871843e-05,0.000225362440668,0.245826386437,0.480129640259,0.245826375813
49,0.0531634132208,0.0757560934432,0.0452070751495,0.177392084945,0.0297706112302,0.0699848251953,0.023195866778,0.057370887816,0.302136906323,0.0964812849543,0.0371109512399,0.0324299997045,1,0.4,42,19,10,3,20,3.08960980378e-07,6.67355717616e-08,3.08960980378e-07,3.5007349769e-06,8.02974105212e-06,3.07672828239e-07,3.08960980378e-07,6.67355717616e-08,3.08960980378e-07,0.252961094026,0.494064615416,0.252961083093
50,0.210609679251,0.254337332634,0.113442402019,0.0184694878698,0.0462267804142,0.015394406726,0.0401801867173,0.0272351060084,0.015546355437,0.0414949540663,0.0352020305351,0.181861278322,1,0.4,42,19,10,3,20,0.000105720052815,2.28355314081e-05,0.000105720052815,0.030907421784,0.0011274993508,0.00102026050642,0.000105720052815,2.28355314081e-05,0.000105720052815,0.244484122887,0.477508031876,0.244484112321
51,0.00173183009135,0.015365563376,0.122703008792,0.0431672307337,0.0301983824077,0.0240712352615,0.161187703397,0.192901328204,0.074387684869,0.178726820808,0.0298486788082,0.125710533251,1,0.4,42,19,10,3,20,9.76328023247e-05,2.10886853021e-05,9.76328023247e-05,0.00173016331982,0.00196832402458,0.000421713019358,9.76328023247e-05,2.10886853021e-05,9.76328023247e-05,0.251812711006,0.491821679927,0.251812700123
52,0.242999634603,0.0425592243767,0.0813063267914,0.036579584479,0.186722001521,0.0682064186993,0.0536165586406,0.0436761990166,0.0403718650224,0.0104748304023,0.0465687930818,0.146918563366,1,0.4,42,19,10,3,20,0.000276269915822,5.96743018176e-05,0.000276269915822,0.0239622409276,0.00715325092434,0.00162743111773,0.000276269915822,5.96743018176e-05,0.000276269915822,0.244371903229,0.477288852866,0.244371892668
53,0.0189195799875,0.0798026508493,0.0562357501489,0.0343327673262,0.0668422088301,0.181920505603,0.0273294771055,0.221968291336,0.175936024391,0.0425893678133,0.0937798994047,0.000343477204507,1,0.4,42,19,10,3,20,0.000777349493619,0.000167907490622,0.000777349493619,0.0314525700006,0.00608322649433,0.00806843726579,0.000777349493619,0.000167907490622,0.000777349493619,0.240556669467,0.469837224746,0.24055665907
54,0.229315760877,0.0623522037671,0.0854271154827,0.0136336453445,0.0240552971277,0.175239484223,0.0612490403603,0.0664955409668,0.0113718804621,0.110961905514,0.017662833772,0.142235292101,1,0.4,42,19,10,3,20,0.000191094241703,4.12763562078e-05,0.000191094241703,0.00972518991468,0.00427848229856,0.000990569362429,0.000191094241703,4.12763562078e-05,0.000191094241703,0.248957182108,0.486244475289,0.248957171348
55,0.120500530167,0.0456791486057,0.198909489444,0.0230894448253,0.135605831024,0.0644602140067,0.159057279863,0.0121079433327,0.0717435180499,0.0124559940046,0.0580754550005,0.0983151516761,1,0.4,42,19,10,3,20,0.000130007511656,2.80816225176e-05,0.000130007511656,0.044262001993,0.00116867513881,0.0140249677064,0.000130007511656,2.80816225176e-05,0.000130007511656,0.237778515028,0.464411142092,0.237778504751
56,0.10609636702,0.0155344007991,0.124258970049,0.135038123726,0.0428921196408,0.0089884273394,0.00187896181656,0.158684194554,0.00637566688581,0.0117883078784,0.348077832479,0.0403866278116,1,0.4,42,19,10,3,20,0.00012088789931,2.61117862509e-05,0.00012088789931,0.0129024324536,0.00110803676905,0.00179872895191,0.00012088789931,2.61117862509e-05,0.00012088789931,0.248829738097,0.485995561216,0.248829727343
57,0.0320534887091,0.0201445276502,0.000685233982304,0.095514368839,0.0444978701134,0.154963660966,0.0823218322351,0.225282575396,3.70211821115e-05,0.0706879628849,0.237899415896,0.0359120421462,1,0.4,42,19,10,3,20,5.26350408864e-05,1.13691688315e-05,5.26350408864e-05,0.0339444761215,0.000949928992693,0.00123971020544,5.26350408864e-05,1.13691688315e-05,5.26350408864e-05,0.243764777813,0.476103061089,0.243764767277
58,0.135467743779,0.0691513946671,0.172209266835,0.0281110723069,0.00281004206253,0.00986588512591,0.019334022285,0.198244775357,0.176311715,0.00431297381422,0.116607676288,0.0675734324789,1,0.4,42,19,10,3,20,0.000168828967115,3.64670568969e-05,0.000168828967115,0.0285823926898,0.00172989554068,0.00606946996915,0.000168828967115,3.64670568969e-05,0.000168828967115,0.243571863502,0.475726275341,0.243571852975
59,0.00863364870813,0.227896748775,0.0614378201678,0.194531244452,0.0652076870813,0.0828917862516,0.0362513613578,0.0336894208491,0.142322051572,0.116814676307,0.0225253599649,0.00779819451448,1,0.4,42,19,10,3,20,0.000330381565876,7.13624182292e-05,0.000330381565876,0.0294548681001,0.00526113638782,0.0100739025753,0.000330381565876,7.13624182292e-05,0.000330381565876,0.241263778057,0.471218296151,0.241263767629
60,0.00117462795028,0.184474358857,0.0291891087256,0.0162687798106,0.123389601447,0.0150480742929,0.174687150427,0.141350133034,0.164457865764,0.0946814141959,0.0495016240024,0.00577726149326,1,0.4,42,19,10,3,20,0.00042686392996,9.22026088713e-05,0.00042686392996,0.0189104152012,0.0115680317568,0.00246810074684,0.00042686392996,9.22026088713e-05,0.00042686392996,0.244151556685,0.47685848854,0.244151546133
61,0.0208670247691,0.0228904467263,0.000854389057661,0.0726934141842,0.0254345950602,0.0112105479275,0.0768621358663,0.133702512631,0.032696805304,0.275120457794,0.162862858629,0.164804812051,1,0.4,42,19,10,3,20,2.70092432084e-05,5.83399653302e-06,2.70092432084e-05,0.00785768136447,0.000341599945561,0.000364004394717,2.70092432084e-05,5.83399653302e-06,2.70092432084e-05,0.250767947216,0.489781125737,0.250767936377
62,0.095919661643,0.0341046148098,0.0801822036333,0.0167688788445,0.00692647909868,0.0537813276389,0.10810448432,0.151069154906,0.0516290903427,0.230224298962,0.0696758584629,0.101613947339,1,0.4,42,19,10,3,20,4.70936211702e-05,1.01722221728e-05,4.70936211702e-05,0.0106241739004,0.00096464943527,0.00135127543061,4.70936211702e-05,1.01722221728e-05,4.70936211702e-05,0.249638251805,0.487574689484,0.249638241016
63,0.0805569078631,0.0713067243441,0.0397953415329,0.0112404536926,0.107117661466,0.0970705335764,0.0459208360851,0.151128690447,0.0616561183089,0.0513497398467,0.219397094476,0.0634598983615,1,0.4,42,19,10,3,20,0.000157493483872,3.40185925164e-05,0.000157493483872,0.0105466349491,0.000933542718362,0.00136958589527,0.000157493483872,3.40185925164e-05,0.000157493483872,0.249537329876,0.48737757635,0.249537319091
64,0.0321857137791,0.0457425658428,0.0533371239514,0.0746472850746,0.213014658554,0.149279936676,0.045539882603,0.00203534311453,0.0341005911662,0.109285470772,0.0502499399824,0.190581488484,1,0.4,42,19,10,3,20,0.000106344441456,2.29703993545e-05,0.000106344441456,0.0326964887486,0.00306293606712,0.00093318065813,0.000106344441456,2.29703993545e-05,0.000106344441456,0.243563283997,0.475709518495,0.24356327347
65,0.128509130839,0.00929739380957,0.00960246641775,0.224170277254,0.138051685642,0.018770613794,0.101044022005,0.226861741644,0.0932028059229,0.00783047855132,0.0201185891718,0.0225407949484,1,0.4,42,19,10,3,20,0.00135474138153,0.00029262413841,0.00135474138153,0.201917482996,0.0295272231675,0.0187533787916,0.00135474138153,0.00029262413841,0.00135474138153,0.188154365282,0.367488978809,0.18815435715
66,0.095407435171,0.0335083458429,0.155846126577,0.0571530042476,0.023222322777,0.200522112903,0.0936869932335,0.0498385314557,0.0134161156784,0.157307809565,0.113437240183,0.00665396236557,1,0.4,42,19,10,3,20,0.000100353090327,2.16762675107e-05,0.000100353090327,0.0322595510932,0.00462507431193,0.000362315100215,0.000100353090327,2.16762675107e-05,0.000100353090327,0.243429774082,0.475448756955,0.243429763561
67,0.0219610914091,0.0537321989345,0.079751663901,0.0248336266233,0.125399894131,0.00317217700696,0.154657199994,0.0246420587305,0.165692803038,0.0461188256756,0.106368896259,0.193669564297,1,0.4,42,19,10,3,20,5.16421004582e-05,1.1154693699e-05,5.16421004582e-05,0.000398825818138,0.000261522226489,0.000980653115027,5.16421004582e-05,1.1154693699e-05,5.16421004582e-05,0.252491422173,0.493147287618,0.25249141126
68,0.0365060111306,0.0142304641606,0.0307926909567,0.219775923342,0.173458197141,0.00267616750771,0.0318113718205,0.22801464509,0.00063720035717,0.0945171771567,0.0076462268551,0.159933924482,1,0.4,42,19,10,3,20,0.000266829387398,5.76351476779e-05,0.000266829387398,0.0306100619626,0.00434425377969,0.00138780334597,0.000266829387398,5.76351476779e-05,0.000266829387398,0.243472018755,0.475531266079,0.243472008232
69,0.0656504438956,0.246568750715,0.108491866221,0.0699140928775,0.0498219524606,0.0308714549553,0.0410299247401,0.0260747432598,0.136242449584,0.0701664637475,0.111624476652,0.0435433808918,1,0.4,42,19,10,3,20,0.00012079422953,2.60915535784e-05,0.00012079422953,0.0430255641497,0.00493607813848,0.00260203598621,0.00012079422953,2.60915535784e-05,0.00012079422953,0.24003819569,0.468824580695,0.240038185316
70,0.0706037589548,0.0562415391333,0.0577977876583,0.119792419455,0.00595656569167,0.0541333163827,0.107858615895,0.0511413749679,0.04688894736,0.0254146936279,0.0497354671044,0.354435513769,1,0.4,42,19,10,3,20,4.89382234723e-05,1.057065627e-05,4.89382234723e-05,0.0135635159028,0.00150167901573,0.00167926942063,4.89382234723e-05,1.057065627e-05,4.89382234723e-05,0.248673814563,0.485691023076,0.248673803815
71,0.10038581697,0.03448721263,0.145124785525,0.00582464559173,0.34358999737,0.0262840094627,0.0114952826061,0.0377772110109,0.0529326355241,0.062096685563,0.00589703279273,0.174104684954,1,0.4,42,19,10,3,20,0.000150924618498,3.25997175956e-05,0.000150924618498,0.0223329418414,0.00102566950821,0.0008622887808,0.000150924618498,3.25997175956e-05,0.000150924618498,0.246668201346,0.48177380993,0.246668190684
72,0.0191139597108,0.130653471927,0.115045750728,0.164170532013,0.0560974316602,0.084289982287,0.018266624183,0.0234802367977,0.00180577137267,0.0807684133587,0.173981434028,0.132326391934,1,0.4,42,19,10,3,20,0.000148044332202,3.19775757556e-05,0.000148044332202,0.00229510580721,0.000900790262516,0.000629353375998,0.000148044332202,3.19775757556e-05,0.000148044332202,0.251830804798,0.491857019362,0.251830793914
73,0.0117315239334,0.0398407988795,0.00204104579755,0.0304049586821,0.0692810952354,0.165234936131,0.378738678654,0.0273152561735,0.0770628414318,0.151625696177,0.0271036112618,0.0196195576425,1,0.4,42,19,10,3,20,0.000447909106079,9.67483669131e-05,0.000447909106079,0.0183038010687,0.00465250861283,0.00161551239,0.000447909106079,9.67483669131e-05,0.000447909106079,0.246246469869,0.480950115676,0.246246459226
74,0.300575690105,0.00526504312375,0.0941272348957,0.0540405147671,0.0278194629166,0.0753670725805,0.0842890684378,0.0627096459761,0.114819397756,0.0455214020577,0.110101607052,0.0253638603321,1,0.4,42,19,10,3,20,0.000331757735467,7.16596708609e-05,0.000331757735467,0.0406775911103,0.00428842695742,0.00128017639945,0.000331757735467,7.16596708609e-05,0.000331757735467,0.24089384626,0.470495773141,0.240893835848
75,0.0318482192006,0.0426353316237,0.0168164086754,0.112668677111,0.206230523172,0.108168497173,0.0531762421011,0.0130215730115,0.104304652121,0.0572469521835,0.0225034867791,0.231379436848,1,0.4,42,19,10,3,20,0.000137048161761,2.96024029403e-05,0.000137048161761,0.0432988190601,0.00128880814384,0.00257074449242,0.000137048161761,2.96024029403e-05,0.000137048161761,0.240881394238,0.470471452786,0.240881383827
76,0.0426142960254,0.0133154522198,0.350927413562,0.0331070375091,0.0061139848879,0.0945296116196,0.0843536035189,0.0176082076439,0.0784784291434,0.0470480396708,0.131751265865,0.100152658335,1,0.4,42,19,10,3,20,0.000213379381585,4.60899464223e-05,0.000213379381585,0.03410255016,0.00192336574007,0.00146160551174,0.000213379381585,4.60899464223e-05,0.000213379381585,0.243242197556,0.475082396569,0.243242187043
77,0.00780064985962,0.13973002277,0.022585667424,0.12033501463,0.0689071347396,0.0617526546377,0.116840743155,0.164837559314,0.0418481146411,0.170008112445,0.0396790501882,0.0456752761945,1,0.4,42,19,10,3,20,5.95248796078e-05,1.28573739953e-05,5.95248796078e-05,0.000911538677759,0.00328916991755,0.000457345549549,5.95248796078e-05,1.28573739953e-05,5.95248796078e-05,0.251719377383,0.491639387702,0.251719366504
78,0.123926372658,0.0214750635339,0.0367850353511,0.0433049671512,0.0500351412836,0.030417134572,0.0873408610199,0.0399313654865,0.0215138723934,0.204951740814,0.287142955942,0.0531754897946,1,0.4,42,19,10,3,20,2.87289307381e-05,6.20544903944e-06,2.87289307381e-05,0.0048296494884,0.000853696930337,0.00066044046596,2.87289307381e-05,6.20544903944e-06,2.87289307381e-05,0.251327473473,0.490873950411,0.25132746261
79,0.0480650290201,0.00138020079821,0.0113246402878,0.162386500096,0.0053302733274,0.0184094676438,0.14295386007,0.281237548581,0.0942429069765,0.206463702233,0.00195386775611,0.0262520032107,1,0.4,42,19,10,3,20,0.000100769918007,2.17663022896e-05,0.000100769918007,0.0432383738144,0.00247548078476,0.00239308067167,0.000100769918007,2.17663022896e-05,0.000100769918007,0.24068211432,0.470082234214,0.240682103918
80,0.0645635419747,0.0412170151192,0.230593475732,0.0333186207088,0.0209237768909,0.119781492692,0.0786589026498,0.0254323091164,0.244329555697,0.0692236693839,0.036270147775,0.0356874922594,1,0.4,42,19,10,3,20,0.000558915209419,0.000120725685235,0.000558915209419,0.0835711204984,0.0113950744836,0.000845322473833,0.000558915209419,0.000120725685235,0.000558915209419,0.228100907371,0.445509565453,0.228100897512
81,0.194508760485,0.0262306616909,0.0811645387699,0.0194782316597,0.0291110502755,0.12819884896,0.189109424305,0.149557581853,0.117394423175,0.00445734863047,0.01844463976,0.0423444904351,1,0.4,42,19,10,3,20,0.00138365088995,0.000298868592229,0.00138365088995,0.070028141862,0.0345447112015,0.00989741657413,0.00138365088995,0.000298868592229,0.00138365088995,0.222456263845,0.434484871543,0.22245625423
82,0.00589969068995,0.110514132963,0.0348447878555,0.0425969135437,0.533659542673,0.054931153988,0.118654686896,0.0132657537068,0.0197937007456,0.0243647757467,0.0295863286657,0.0118885325257,1,0.4,42,19,10,3,20,0.00145460500019,0.000314194680042,0.00145460500019,0.146452652988,0.0126592849799,0.0281528568021,0.00145460500019,0.000314194680042,0.00145460500019,0.203962288545,0.398363827596,0.203962279729
83,0.0354649251592,0.267121055824,0.0177993332693,0.0986812548579,0.0998943660634,0.0597541486245,0.0296240966549,0.0229845119559,0.138793172993,0.0243484805619,0.1983551644,0.00717948963656,1,0.4,42,19,10,3,20,0.000334711351122,7.22976518423e-05,0.000334711351122,0.0188373954789,0.00232211876704,0.00243004999374,0.000334711351122,7.22976518423e-05,0.000334711351122,0.246621856513,0.481683292684,0.246621845854
84,0.0628994673546,0.0432407621145,0.259821550063,0.124821792576,0.00204875129118,0.305274643365,0.019125940809,0.0277706024351,0.0565173602645,0.0754331764622,0.00550589678658,0.0175400564779,1,0.4,42,19,10,3,20,0.000396706799562,8.56886687053e-05,0.000396706799562,0.148244346594,0.0110113514505,0.00375418894616,0.000396706799562,8.56886687053e-05,0.000396706799562,0.211283967859,0.412663981888,0.211283958727
85,0.148525660221,0.0309287971085,0.00618960834635,0.0259127919538,0.118327297495,0.16764495464,0.159602900683,0.129685309296,0.0135382966398,0.166659896772,0.0079385186523,0.0250459681933,1,0.4,42,19,10,3,20,2.29797080002e-06,4.96361692803e-07,2.29797080002e-06,2.43959880454e-05,6.72830605962e-05,1.82883554943e-05,2.29797080002e-06,4.96361692803e-07,2.29797080002e-06,0.25293404086,0.494011777202,0.252934029928
86,0.014588383114,0.000160094686747,0.0621383118185,0.0273968488516,0.154038322869,0.040847986681,0.165574142466,0.0448477562601,0.374707048546,0.0294534696938,0.0861418815043,0.000105753508527,1,0.4,42,19,10,3,20,0.000254811970632,5.50393856566e-05,0.000254811970632,0.0205264249973,0.0172363245379,0.00811176455058,0.000254811970632,5.50393856566e-05,0.000254811970632,0.241074135027,0.470847899625,0.241074124608
87,0.0174148972128,0.174309635101,0.0310453817739,0.189306513036,0.0510461070824,0.0249129458546,0.219024678344,0.00257948715868,0.255172301536,0.0136459938122,0.000909213455032,0.0206328456335,1,0.4,42,19,10,3,20,0.00313774511582,0.000677752945017,0.00313774511582,0.170931228603,0.0699899347376,0.00585646399491,0.00313774511582,0.000677752945017,0.00313774511582,0.187020625501,0.365274643394,0.187020617417
88,0.154304450851,0.01750426699,0.112877857963,0.00117081330271,0.0320871074391,0.255843517987,0.0541029664533,0.0353628263938,0.0267196121172,0.214480025787,0.0176374334605,0.0779091212553,1,0.4,42,19,10,3,20,8.00647096116e-05,1.72939772761e-05,8.00647096116e-05,0.00758340110633,0.0029156927482,0.0011227675188,8.00647096116e-05,1.72939772761e-05,8.00647096116e-05,0.24993475383,0.488153794976,0.249934743028
89,0.0876531737076,0.0358395147736,0.00308823583737,0.124690061154,0.0312621796338,0.0469603603926,0.164509786847,0.052394073626,0.0441121944882,0.00875557779044,0.311400061595,0.0893347801552,1,0.4,42,19,10,3,20,0.000104591138621,2.25916859422e-05,0.000104591138621,0.0103443860279,0.000774457162423,0.0016562838588,0.000104591138621,2.25916859422e-05,0.000104591138621,0.249615521109,0.487530293595,0.249615510321
90,0.00384109644321,0.0403423015162,0.0839377690742,0.164862236363,0.105014759963,0.20394812466,0.144282992445,0.0038173715761,0.044494975096,0.0760077693911,0.0556835012801,0.0737671021917,1,0.4,42,19,10,3,20,0.000168105467364,3.63107809506e-05,0.000168105467364,0.0407319713513,0.00731240808831,0.00329586258272,0.000168105467364,3.63107809506e-05,0.000168105467364,0.239788710236,0.468337304438,0.239788699872
91,0.0805720108099,0.0318546628227,0.0362723307788,0.401110390389,0.0196646887002,0.0424933117653,0.105245241269,0.0154528632208,0.0550098288068,0.0193767980538,0.0620773683831,0.130870505001,1,0.4,42,19,10,3,20,0.00014825328577,3.20227097264e-05,0.00014825328577,0.0550801367308,0.010393135677,0.000413605281933,0.00014825328577,3.20227097264e-05,0.00014825328577,0.236131185805,0.461193702343,0.2361311756
92,0.192306919177,0.0067627662433,0.0151059078946,0.0405573121365,0.294290647275,0.0580492639504,0.205155833261,0.0289895723061,0.00784048086927,0.0719002128878,0.0484567863687,0.0305842976295,1,0.4,42,19,10,3,20,0.0001063325179,2.29678238665e-05,0.0001063325179,0.00304396389644,0.0097258873079,0.00154914228914,0.0001063325179,2.29678238665e-05,0.0001063325179,0.249223025479,0.486763700601,0.249223014708
93,0.0377637915523,0.109544485753,0.0387774779267,0.0298454742095,0.0612569282956,0.054119831006,0.34713123735,0.0627031436675,0.0329432125754,0.00697881839905,0.205297670133,0.0136379291323,1,0.4,42,19,10,3,20,9.42194598064e-05,2.03514033182e-05,9.42194598064e-05,0.0628625872331,0.00287118739669,0.00023374362957,9.42194598064e-05,2.03514033182e-05,9.42194598064e-05,0.236171366005,0.461272179292,0.236171355798
94,0.10266194188,0.0794690718786,0.135221337739,0.00185457619226,0.0955817325881,0.0640659165143,0.0281198796165,0.0149609467876,0.137741697608,0.0699289666326,0.218101778298,0.0522921542644,1,0.4,42,19,10,3,20,0.000105784334466,2.28494162446e-05,0.000105784334466,0.00895269823651,0.00104577793996,0.00204978894496,0.000105784334466,2.28494162446e-05,0.000105784334466,0.249798053588,0.487886802328,0.249798042792
