run_ID,t1_initial,t2_initial,t3_initial,t4_initial,t5_initial,t6_initial,t7_initial,t8_initial,t9_initial,t10_initial,t11_initial,t12_initial,alpha,prior_cost_c,lambda,k,sample_amount,learning_parameter,generations,t1_final,t2_final,t3_final,t4_final,t5_final,t6_final,t7_final,t8_final,t9_final,t10_final,t11_final,t12_final
0,0.000888239730566,0.130965991567,0.0278691609514,0.0118250673618,0.22225513791,0.0271201005262,0.0953407298178,0.0152954735494,0.305844538667,0.0316522422549,0.0151686225568,0.115774695107,1,0.4,46,19,10,3,20,0.000181294786424,3.91596738675e-05,0.000181294786424,0.0569068003773,0.00484007656441,0.00133162421778,0.000181294786424,3.91596738675e-05,0.000181294786424,0.236804554482,0.462508892768,0.236804553097
1,0.058547073929,0.0333686654999,0.107299733507,0.00409572984659,0.145534812569,0.080083136028,0.0243695670009,0.0849547326855,0.0127876876995,0.148819123784,0.293416111392,0.00672362605886,1,0.4,46,19,10,3,20,2.26109421453e-05,4.88396350338e-06,2.26109421453e-05,0.000142050795328,0.00036501490684,0.000114067464556,2.26109421453e-05,4.88396350338e-06,2.26109421453e-05,0.252781953392,0.493714749832,0.252781951914
2,0.206621625733,0.0752178345132,0.00626626632443,0.0221228540957,0.0305858640378,0.0303683011627,0.00988048550571,0.196030325026,0.255772934308,0.00789680628477,0.0479707451386,0.11126595787,1,0.4,46,19,10,3,20,0.000285739966683,6.17198328035e-05,0.000285739966683,0.0353850308361,0.00882426052316,0.00436798572919,0.000285739966683,6.17198328035e-05,0.000285739966683,0.240355750838,0.469444823109,0.240355749432
3,0.0611219330339,0.213874949067,0.0471407459745,0.00452404103,0.078254335837,0.160709732821,0.0287642511601,0.114595866544,0.00137947238898,0.157647632993,0.105504130327,0.0264829088234,1,0.4,46,19,10,3,20,8.09689696954e-05,1.74892974542e-05,8.09689696954e-05,0.026301628427,0.00124582982234,0.00086725359,8.09689696954e-05,1.74892974542e-05,8.09689696954e-05,0.245685739239,0.479854956645,0.245685737802
4,0.0267541061811,0.0295547367913,0.071611622241,0.00967546884457,0.210389144736,0.0149930480177,0.0437251907027,0.0580471094435,0.0594286962568,0.349862335425,0.0494310690885,0.0765274722712,1,0.4,46,19,10,3,20,6.13273556106e-05,1.32467088119e-05,6.13273556106e-05,0.00512268179036,0.000430907241933,0.000737538489752,6.13273556106e-05,1.32467088119e-05,6.13273556106e-05,0.251304240058,0.490828590992,0.251304238588
5,0.0819376381859,0.0897569607245,0.00943005344905,0.0419904812216,0.257705802294,0.0231142131717,0.040409257924,0.104048624619,0.0381104319719,0.105932615319,0.206634917984,0.000929003135998,1,0.4,46,19,10,3,20,7.34980135284e-05,1.58755709221e-05,7.34980135284e-05,0.00176747105237,0.00231631377591,0.000628069535193,7.34980135284e-05,1.58755709221e-05,7.34980135284e-05,0.251690094998,0.491582213917,0.251690093526
6,0.00788486844162,0.0926464154324,0.0793809485609,0.102322294224,0.00476641661601,0.0314168811707,0.0387189023545,0.0114293595359,0.0138378173474,0.465931859451,0.0493623111359,0.102301925729,1,0.4,46,19,10,3,20,1.85169198501e-05,3.99965468761e-06,1.85169198501e-05,0.0131833440239,0.000369476063767,0.000104297165116,1.85169198501e-05,3.99965468761e-06,1.85169198501e-05,0.2494889031,0.487283011017,0.249488901641
7,0.0864635193806,0.0865771250737,0.0781185112432,0.0299348590636,0.0066444135491,0.14166690955,0.18534484354,0.0399778081255,0.0487607424999,0.0506768369276,0.190769878347,0.0550645527,1,0.4,46,19,10,3,20,0.000173103838063,3.73904290216e-05,0.000173103838063,0.0242187158446,0.00295362342972,0.000382216591827,0.000173103838063,3.73904290216e-05,0.000173103838063,0.245800032169,0.480078185023,0.245800030732
8,0.0912418810012,0.172895705743,0.20425232421,0.123425108332,0.0897421931928,0.0555178703131,0.022275737697,0.0475695613749,0.080717446733,0.0394538801521,0.0123202565064,0.060588034744,1,0.4,46,19,10,3,20,2.15198815866e-06,4.6482944227e-07,2.15198815866e-06,3.27370722177e-06,8.41421785755e-06,1.27880393678e-06,2.15198815866e-06,4.6482944227e-07,2.15198815866e-06,0.252958735185,0.494060026769,0.252958733706
9,0.00622348854286,0.186204698082,0.00857429005011,0.0140799361241,0.0179089003043,0.0787745563218,0.112036324579,0.234483542569,0.174724819382,0.0474010264287,0.0824670243677,0.0371213932489,1,0.4,46,19,10,3,20,0.000373045111519,8.05777440882e-05,0.000373045111519,0.0180488297797,0.00641354461248,0.00359512914188,0.000373045111519,8.05777440882e-05,0.000373045111519,0.245448642472,0.479391877024,0.245448641036
10,0.249407093117,0.0854446692343,0.0734792688665,0.0187313810085,0.00683285418479,0.0247087703109,0.221988280423,0.0306655676689,0.00747568308538,0.0525191366588,0.17421895124,0.0545283442027,1,0.4,46,19,10,3,20,0.000169334305369,3.65762099597e-05,0.000169334305369,0.00652835304829,0.00106107968929,0.0036474426788,0.000169334305369,3.65762099597e-05,0.000169334305369,0.249932051038,0.488148534328,0.249932049576
11,0.212697939562,0.0505368638386,0.0811674147394,0.127923817917,0.122711868985,0.0782557927046,0.0478868199901,0.0128943463841,0.0538682243406,0.115254919407,0.0843834081575,0.0124185839747,1,0.4,46,19,10,3,20,0.000143822631573,3.10656884198e-05,0.000143822631573,0.0554162067782,0.00305740041509,0.00115660093412,0.000143822631573,3.10656884198e-05,0.000143822631573,0.237718861426,0.464294648507,0.237718860036
12,0.00494266756457,0.11176185749,0.0128495710019,0.152436556652,0.000497991115475,0.139440361042,0.03131792468,0.0645132922883,0.155135135657,0.136471818063,0.0976843387283,0.0929484857175,1,0.4,46,19,10,3,20,0.000101052448963,2.1827328976e-05,0.000101052448963,0.0139690045714,0.00393837702182,0.000596499809471,0.000101052448963,2.1827328976e-05,0.000101052448963,0.248170310433,0.484707634729,0.248170308981
13,0.00260730505613,0.214338050751,0.00497783718974,0.00843990765609,0.103607978817,0.136461309766,0.137567409607,0.12601664446,0.169376044548,0.0104528499759,0.035641327189,0.0505133349857,1,0.4,46,19,10,3,20,0.000743617077822,0.00016062128881,0.000743617077822,0.0792654476558,0.0171360869724,0.00719267041899,0.000743617077822,0.00016062128881,0.000743617077822,0.225925081541,0.441259922304,0.225925080219
14,0.0663477737118,0.143589513739,0.219733406242,0.0571109861839,0.014218528787,0.141227476193,0.0475108192663,0.0243671170002,0.106792961992,0.0123605591018,0.153038486804,0.0137023709796,1,0.4,46,19,10,3,20,0.000360725865569,7.7916786963e-05,0.000360725865569,0.0294380447054,0.0111766244939,0.00174313856001,0.000360725865569,7.7916786963e-05,0.000360725865569,0.241844985773,0.472353485074,0.241844984358
15,0.008972031494,0.0440422443753,0.0268940057609,0.0890697311814,0.169020170403,0.00204947686114,0.246546028267,0.0401336407618,0.164155410765,0.00914648434348,0.186687819105,0.0132829566829,1,0.4,46,19,10,3,20,0.000534971090226,0.000115553755489,0.000534971090226,0.026730514654,0.00391587768413,0.00379274259985,0.000534971090226,0.000115553755489,0.000534971090226,0.24365277531,0.475884323995,0.243652773885
16,0.0634253439896,0.0185457228278,0.0763887540808,0.112351127859,0.133779322842,0.0946559812134,0.101532983806,0.101725836423,0.101632637447,0.0080021634164,0.0905353713525,0.0974247547431,1,0.4,46,19,10,3,20,0.000236370564232,5.1056041874e-05,0.000236370564232,0.0358780759558,0.007813125114,0.0029491755143,0.000236370564232,5.1056041874e-05,0.000236370564232,0.240901067696,0.470509895092,0.240901066287
17,0.112775332858,0.0230809517289,0.0304446706742,0.0660033878378,0.0295055731064,0.120432160443,0.117553234424,0.00691152654785,0.0904945887361,0.0132181344992,0.0742761289973,0.315304310147,1,0.4,46,19,10,3,20,0.00010122784678,2.18652149045e-05,0.00010122784678,0.00382969756752,0.0007338325508,0.00116727821456,0.00010122784678,2.18652149045e-05,0.00010122784678,0.25140124691,0.4910180575,0.25140124544
18,0.0453736284,0.107894788836,0.153868601002,0.0883757949111,0.061805081356,0.018417076065,0.0498995443771,0.134150336761,0.139260773571,0.037201050211,0.128398017202,0.0353553073086,1,0.4,46,19,10,3,20,0.000172339245259,3.7225276976e-05,0.000172339245259,0.0440554462602,0.00408225906148,0.00419828110997,0.000172339245259,3.7225276976e-05,0.000172339245259,0.239532068976,0.467836069482,0.239532067575
19,0.215054100549,0.0717408537373,0.0705500362827,0.0762289079844,0.0276625371478,0.165453903516,0.0935461934767,0.0596034526325,0.0274542855768,0.0171045491178,0.089928087905,0.0856730920743,1,0.4,46,19,10,3,20,0.000149577168362,3.23086683661e-05,0.000149577168362,0.00253389962653,0.00432832177324,0.00115613230544,0.000149577168362,3.23086683661e-05,0.000149577168362,0.250768373025,0.4897819757,0.250768371559
20,0.198876437988,0.0436196526992,0.0807327125745,0.115786589181,0.0866759104166,0.07012517491,0.0317856859044,0.306935967745,0.00466318407068,0.0110577437372,0.0275225877181,0.0222183530557,1,0.4,46,19,10,3,20,0.0005540598644,0.00011967693071,0.0005540598644,0.176433311704,0.027928350773,0.00448608091524,0.0005540598644,0.00011967693071,0.0005540598644,0.199512200281,0.389672263894,0.199512199114
21,0.0959667857142,0.00955062364064,0.199224605999,0.0323980431223,0.103813018457,0.0159163747941,0.0557713550051,0.152577210122,0.0217481473153,0.110870820818,0.106373927962,0.0957890870495,1,0.4,46,19,10,3,20,5.17569800357e-05,1.11795076877e-05,5.17569800357e-05,0.000932273182266,0.0014142044028,0.00058771151475,5.17569800357e-05,1.11795076877e-05,5.17569800357e-05,0.252164155781,0.492508113878,0.252164154306
22,0.216285256263,0.123952804579,0.266788861071,0.0581935010859,0.0208104799864,0.0761251361639,0.0429732047003,0.019712269004,0.00317011489022,0.031911377901,0.0757053144654,0.0643716798898,1,0.4,46,19,10,3,20,0.000254482672663,5.49682572952e-05,0.000254482672663,0.0140059775766,0.00946697740433,0.000949658766762,0.000254482672663,5.49682572952e-05,0.000254482672663,0.246501065184,0.481447390121,0.246501063742
23,6.45656910405e-05,0.000551146981772,0.058266291077,0.0557854371284,0.219613612591,0.14116865463,0.0647831702736,0.0413559090104,0.0389475358207,0.181832251869,0.124735922624,0.0728955023032,1,0.4,46,19,10,3,20,0.000182779285031,3.94803255668e-05,0.000182779285031,0.00571056093044,0.00140518123818,0.000456490757824,0.000182779285031,3.94803255668e-05,0.000182779285031,0.250844001547,0.489929687656,0.25084400008
24,0.238466248414,0.0145254482695,0.0646218156316,0.259141423291,0.00202871006043,0.132812075243,0.0664550216491,0.023296849827,0.0100151808427,0.111586443657,0.0394996513136,0.0375511318007,1,0.4,46,19,10,3,20,0.000314823177819,6.80018064089e-05,0.000314823177819,0.0651745837754,0.00113666197725,0.00671093101447,0.000314823177819,6.80018064089e-05,0.000314823177819,0.23413945447,0.457303619338,0.234139453101
25,0.0645946445742,0.218164571118,0.155495758207,0.11481768853,0.105246349686,0.00286865427658,0.0231384480651,0.0955207135798,0.0205306846476,0.11987742635,0.0553342994226,0.0244107615426,1,0.4,46,19,10,3,20,0.000413136768568,8.92375420106e-05,0.000413136768568,0.0278783002466,0.0053864495745,0.00335151302133,0.000413136768568,8.92375420106e-05,0.000413136768568,0.243238632525,0.475075451372,0.243238631102
26,0.157498847583,0.390237261732,0.00770500427358,0.00897759080155,0.00547488992188,0.0334758497633,0.0977584807149,0.130011614169,0.0375460136086,0.0540084101458,0.0447100956336,0.0325959416528,1,0.4,46,19,10,3,20,0.000606523425485,0.000131009059905,0.000606523425485,0.0387122193753,0.0170239386715,0.00502355908308,0.000606523425485,0.000131009059905,0.000606523425485,0.236914384225,0.462723403983,0.23691438284
27,0.0689813641584,0.0873658843762,0.00101216634555,0.00662660943993,0.145636465588,0.131625014308,0.0833066211142,0.151122140224,0.0169587233118,0.0473565608558,0.245260244163,0.0147482061152,1,0.4,46,19,10,3,20,0.00023479410688,5.0715527086e-05,0.00023479410688,0.0286077796128,0.00193228569308,0.00136513796979,0.00023479410688,5.0715527086e-05,0.00023479410688,0.24463030981,0.477793571053,0.244630308379
28,0.0386352680606,0.0256036219197,0.198485854456,0.0129968843636,0.0958313032469,0.0634388378696,0.166925071609,0.0426965053743,0.102437942601,0.0369332486574,0.19672959901,0.0192858628316,1,0.4,46,19,10,3,20,4.51686365866e-05,9.75642550271e-06,4.51686365866e-05,0.00336516450461,0.00558345194453,0.000257804141533,4.51686365866e-05,9.75642550271e-06,4.51686365866e-05,0.250584890774,0.48942361193,0.250584889308
29,0.0690742598722,0.0101568871554,0.227453783394,0.346109249043,0.0241362952809,0.0809697289911,0.016917040143,0.0992777709588,0.0621277864443,0.0315717075721,0.0230285101577,0.00917698098786,1,0.4,46,19,10,3,20,0.00156801567845,0.000338691386545,0.00156801567845,0.0378468737275,0.0198012706195,0.0210370335899,0.00156801567845,0.000338691386545,0.00156801567845,0.231301914453,0.451761549023,0.2313019131
30,0.327329365428,0.0053857800719,0.00862201546367,0.0108473850152,0.0018531969402,0.0814141753543,0.0670745457203,0.328436561444,0.0362021995521,0.122831466875,0.000309789548708,0.00969351858624,1,0.4,46,19,10,3,20,0.000635796241482,0.00013733198816,0.000635796241482,0.0138935104377,0.00920182123288,0.00525567328678,0.000635796241482,0.00013733198816,0.000635796241482,0.245079816685,0.478671514163,0.245079815252
31,0.0144242482515,0.058803562926,0.0949591760611,0.0395164450943,0.14096601057,0.0405469811357,0.36938022036,0.0164390625119,0.0179009300484,0.0701962818679,0.135388939882,0.00147814129161,1,0.4,46,19,10,3,20,0.000250101828452,5.40219949457e-05,0.000250101828452,0.0261037052545,0.00349012525867,0.00450108278651,0.000250101828452,5.40219949457e-05,0.000250101828452,0.244059228993,0.476678178838,0.244059227565
32,0.0891911032482,0.0514241142727,0.0352421101837,0.0780051739332,0.00731416347961,0.178492917527,0.0222210871567,0.164982041747,0.231714459737,0.0838994113716,0.0256678210836,0.0318455962598,1,0.4,46,19,10,3,20,0.000825691498249,0.000178349363622,0.000825691498249,0.0342473525604,0.0131330665702,0.00175733984333,0.000825691498249,0.000178349363622,0.000825691498249,0.239608608492,0.467985560723,0.23960860709
33,0.113062291905,0.212408709948,0.170882970188,0.0105633408266,0.0588333829984,0.108552792947,0.0562437050619,0.109868671479,0.0725728679034,0.00414552174702,0.0240859503834,0.0587797946123,1,0.4,46,19,10,3,20,0.000974651782049,0.000210524784923,0.000974651782049,0.00537656627652,0.012105743051,0.00963273061463,0.000974651782049,0.000210524784923,0.000974651782049,0.245012567928,0.478540168936,0.245012566495
34,0.0596847277575,0.00128693768168,0.221652751735,0.00339415334686,0.0275288222206,0.176864670832,0.0818934167028,0.153698939244,0.0192415896159,0.0134331345496,0.0560934060344,0.18522745028,1,0.4,46,19,10,3,20,0.000156120366978,3.37219992673e-05,0.000156120366978,0.0453523351859,0.00189210388963,0.00328840522017,0.000156120366978,3.37219992673e-05,0.000156120366978,0.240006383401,0.468762464839,0.240006381998
35,0.261748617887,0.032352617405,0.115946443285,0.207128363607,0.0863997598448,0.0146570518099,0.0933743910904,0.0769579235099,0.0359115079904,0.00696838662396,0.0486523598341,0.0199025771123,1,0.4,46,19,10,3,20,0.000502821354277,0.000108609412524,0.000502821354277,0.174380367247,0.0129663497993,0.0158399299752,0.000502821354277,0.000108609412524,0.000502821354277,0.201001701744,0.392581446423,0.201001700569
36,0.0333620853089,0.182335728947,0.227235807737,0.0355757922441,0.00517343971123,0.0173236535109,0.152161428217,0.000711636760542,0.167213085971,0.11782005134,0.0288142482703,0.0322730419817,1,0.4,46,19,10,3,20,0.000390510727954,8.43503172381e-05,0.000390510727954,0.035653814304,0.00353124924946,0.00675214523665,0.000390510727954,8.43503172381e-05,0.000390510727954,0.240906131687,0.470519785699,0.240906130278
37,0.0184028424683,0.0163167292255,0.0199046255518,0.0256079327965,0.0675695649751,0.00913610134088,0.0290375710071,0.134885757897,0.0484395446787,0.00477487271986,0.514355249985,0.111569207355,1,0.4,46,19,10,3,20,3.56487859482e-05,7.70013776482e-06,3.56487859482e-05,0.0052598375741,0.000144646015212,0.000446511810402,3.56487859482e-05,7.70013776482e-06,3.56487859482e-05,0.251444367058,0.491102276537,0.251444365587
38,0.0784148391413,0.144237275113,0.0552044819675,0.0513993910517,0.0402796071179,0.0515716633769,0.0388680185121,0.0923221999529,0.00985525870656,0.280668989626,0.0711809132126,0.0859973622218,1,0.4,46,19,10,3,20,7.6504207942e-05,1.65249089155e-05,7.6504207942e-05,0.00456045186013,0.000768847539813,0.00162861323961,7.6504207942e-05,1.65249089155e-05,7.6504207942e-05,0.251118551791,0.490465918598,0.251118550322
39,0.0720877712441,0.0966733756395,0.0143783213607,0.0304256782953,0.258016492177,0.14319648854,0.123298425844,0.0464046511033,0.0514420744517,0.0575033886339,0.0810065325388,0.0255668001717,1,0.4,46,19,10,3,20,0.000428820231092,9.26251699158e-05,0.000428820231092,0.00718353565246,0.00531431470205,0.00212997525189,0.000428820231092,9.26251699158e-05,0.000428820231092,0.248783341642,0.485904961301,0.248783340186
40,0.0868223680911,0.0822001222892,0.14839298887,0.177306382102,0.0250457039205,0.115375025355,0.013272655904,0.00851172952565,0.118078659309,0.0558469366581,0.118251316943,0.0508961110318,1,0.4,46,19,10,3,20,0.000124051087471,2.67950348937e-05,0.000124051087471,0.0745330902237,0.00128899292997,0.00129769560665,0.000124051087471,2.67950348937e-05,0.000124051087471,0.233316788832,0.455696850521,0.233316787467
41,0.114858466357,0.0969313945437,0.251016290878,0.0906351751091,0.0621396970982,0.00207220919297,0.0354771394138,0.0150069365727,0.064023179695,0.126629113698,0.0674755310159,0.073734866426,1,0.4,46,19,10,3,20,0.000156335478416,3.37684633379e-05,0.000156335478416,0.0283793929624,0.00318521880625,0.00325903974192,0.000156335478416,3.37684633379e-05,0.000156335478416,0.243980009199,0.476523452679,0.243980007772
42,0.0467624056457,0.142513818172,0.15185915843,0.0287868880286,0.0144753456005,0.138638171093,0.0268320036351,0.106161213902,0.0143095679206,0.211454547562,0.0794063470568,0.0388005329538,1,0.4,46,19,10,3,20,5.57043167233e-05,1.20321324122e-05,5.57043167233e-05,0.0117391150545,0.00171871499017,0.000676812899974,5.57043167233e-05,1.20321324122e-05,5.57043167233e-05,0.24932641387,0.486965649242,0.249326412412
43,0.069456164032,0.00772690295185,0.00961584321601,0.0869721049647,0.124028268448,0.0704310764744,0.0855107138888,0.12004109063,0.0284124605183,0.0424708461214,0.0122511198691,0.343083408885,1,0.4,46,19,10,3,20,7.89000304818e-05,1.70424065841e-05,7.89000304818e-05,0.00476242139441,0.00143369516956,0.00161722337198,7.89000304818e-05,1.70424065841e-05,7.89000304818e-05,0.250899473066,0.490038030465,0.250899471598
44,0.137800609273,0.0144623039161,0.00643639822111,0.0458817128342,0.0558609487731,0.118905786498,0.0289953336466,4.19457469933e-05,0.0829565224019,0.161457626279,0.241777668049,0.10542314436,1,0.4,46,19,10,3,20,6.9461843088e-05,1.5003758107e-05,6.9461843088e-05,0.00432315677388,0.00128645470035,0.000263961946565,6.9461843088e-05,1.5003758107e-05,6.9461843088e-05,0.251400746506,0.491017080148,0.251400745036
45,0.00632125003826,0.0399211802613,0.15583112102,0.104994582422,0.0397117137425,0.0108403875888,0.131090437398,0.0468345408604,0.027442429254,0.270973565816,0.0131900757923,0.152848715806,1,0.4,46,19,10,3,20,5.33141081136e-05,1.15158473525e-05,5.33141081136e-05,0.0102819476523,0.00110409881511,0.00117817032264,5.33141081136e-05,1.15158473525e-05,5.33141081136e-05,0.249726355579,0.487746785386,0.249726354118
46,0.0105240508359,0.0496803111035,0.0276599739054,0.117449925498,0.0542789061607,0.192484366427,0.0111714857766,0.241251149288,0.0490771084164,0.0321516491901,0.126621061655,0.0876500117426,1,0.4,46,19,10,3,20,9.47892209921e-05,2.04744717343e-05,9.47892209921e-05,0.0132412088717,0.00610393141799,0.000604199890538,9.47892209921e-05,2.04744717343e-05,9.47892209921e-05,0.247811682725,0.484007189992,0.247811681276
47,0.0953530029466,0.0620819462475,0.00418640275366,0.0954251859725,0.390799451434,0.0196106860149,0.0258264958538,0.00906357106894,0.00743550659511,0.0755165166854,0.0446330978558,0.170068136572,1,0.4,46,19,10,3,20,0.000150876105091,3.25892386997e-05,0.000150876105091,0.0303820504971,0.00443163870299,0.00127906194052,0.000150876105091,3.25892386997e-05,0.000150876105091,0.243665092849,0.475908381688,0.243665091424
48,0.10478734812,0.0871813274686,0.0224323049152,0.317805699257,0.0127927507906,0.125598881781,0.158784530443,0.0528874361851,0.00227031729194,0.0154560396863,0.0888538580139,0.0111495060467,1,0.4,46,19,10,3,20,0.000533250640023,0.000115182138245,0.000533250640023,0.0915272537032,0.0205742399915,0.000851707694634,0.000533250640023,0.000115182138245,0.000533250640023,0.223793438265,0.437096556554,0.223793436956
49,0.366117761123,0.0139695471934,0.032334515271,0.0114137163353,0.03228655162,0.0769870587686,0.151958936129,0.154265537376,0.036892101862,0.069386213506,0.0380036736456,0.0163843871694,1,0.4,46,19,10,3,20,0.000381169132357,8.23325325891e-05,0.000381169132357,0.0506941066323,0.0138234149185,0.00829936077282,0.000381169132357,8.23325325891e-05,0.000381169132357,0.234117003668,0.457259770115,0.234117002299
50,0.0633115602265,0.00255534491078,0.0687975531608,0.0243958959578,0.0595167487454,0.126273512099,0.115699933477,0.0263167806829,0.115249188546,0.190043076872,0.0436641241973,0.164176281125,1,0.4,46,19,10,3,20,0.000136473394661,2.94782532467e-05,0.000136473394661,0.0108430887648,0.00101845429669,0.00166871176876,0.000136473394661,2.94782532467e-05,0.000136473394661,0.249388749253,0.487087398037,0.249388747795
51,0.0772847980219,0.0160403540835,0.268169818577,0.0134085521228,0.0115763103051,0.0170425930628,0.0105390740319,0.151717680235,0.012454539168,0.0858964491735,0.145635584728,0.190234246491,1,0.4,46,19,10,3,20,3.42032491361e-05,7.3879018134e-06,3.42032491361e-05,0.0119402392721,0.0018333443641,0.000333846508064,3.42032491361e-05,7.3879018134e-06,3.42032491361e-05,0.249357403412,0.48702617569,0.249357401953
52,0.0569685813876,0.000816190308396,0.0487229512104,0.111699454546,0.106524079645,0.0937686177294,0.320910803526,0.14010164197,0.0123525375254,0.0178968123794,0.0138278866699,0.0764104431023,1,0.4,46,19,10,3,20,0.000287840127558,6.21734675525e-05,0.000287840127558,0.164214997077,0.00350911656499,0.0042741760203,0.000287840127558,6.21734675525e-05,0.000287840127558,0.20913227042,0.408461463275,0.209132269197
53,0.0787424876514,0.0622152281998,0.0530370253122,0.0628687505541,0.0409887028108,0.166510338767,0.0486263090463,0.0179290758846,0.0672281329688,0.179350664629,0.0255370195268,0.196966264649,1,0.4,46,19,10,3,20,6.51476847515e-05,1.40718999063e-05,6.51476847515e-05,0.0202411507188,0.0015926229926,0.000554972178209,6.51476847515e-05,1.40718999063e-05,6.51476847515e-05,0.247227832118,0.482866856781,0.247227830672
54,0.256845896384,0.0118767918054,0.0308051356442,0.13514951935,0.187203904362,0.00428721394542,0.0537812458886,0.0803749677354,0.00636118373137,0.0597245522046,0.0233839758557,0.150205613094,1,0.4,46,19,10,3,20,4.99958354252e-05,1.07991004518e-05,4.99958354252e-05,0.0235867268488,0.00909770822315,0.000193834566348,4.99958354252e-05,1.07991004518e-05,4.99958354252e-05,0.244591343063,0.477717464125,0.244591341632
55,0.0312930857636,0.0864974959333,0.0162647384001,0.0845888171868,0.00835963244,0.183397787882,0.198568613807,0.0201417156023,0.133890581046,0.111719180446,0.120746633132,0.00453171836166,1,0.4,46,19,10,3,20,0.000215015964983,4.64434484364e-05,0.000215015964983,0.0424409946968,0.00522883232478,0.00112116298752,0.000215015964983,4.64434484364e-05,0.000215015964983,0.240380980461,0.469494099717,0.240380979055
56,0.0221904504906,0.120321315881,0.0375330190791,0.00858688343153,0.0198387843082,0.0427873074535,0.0378993403225,0.21154714042,0.0761953381668,0.414072791599,0.00775960490543,0.00126802394268,1,0.4,46,19,10,3,20,3.95543631076e-05,8.54374243124e-06,3.95543631076e-05,0.0119789333595,0.00114557921047,0.000352823128168,3.95543631076e-05,8.54374243124e-06,3.95543631076e-05,0.249510795554,0.487325769716,0.249510794095
57,0.0921747305531,0.0136720746853,0.207187574048,0.110191837274,0.0215819558707,0.17817368319,0.0183756018543,0.0515012906301,0.00261505653564,0.0343837200734,0.126915849194,0.143226626091,1,0.4,46,19,10,3,20,7.85339544647e-05,1.69633341644e-05,7.85339544647e-05,0.0336580681809,0.00160675842757,0.00240206449234,7.85339544647e-05,1.69633341644e-05,7.85339544647e-05,0.243347996994,0.475289053849,0.243347995571
58,0.0178991104637,0.0400332579778,0.315460686521,0.0079217054693,0.129879886488,0.0905958728396,0.216311417687,0.0437486685271,0.0259012896363,0.00681852335736,0.0276509062411,0.0777786747917,1,0.4,46,19,10,3,20,0.000446875140626,9.65250303752e-05,0.000446875140626,0.0341435892296,0.0218284733986,0.00246493895011,0.000446875140626,9.65250303752e-05,0.000446875140626,0.23768093645,0.464220576289,0.23768093506
59,0.115202880416,0.0930110331741,0.156558390719,0.0390153885469,0.0103461173207,0.0958402059223,0.143221615527,0.0932222238735,0.0310312212022,0.0408642169493,0.0594419526396,0.122244753709,1,0.4,46,19,10,3,20,0.000192500627851,4.15801356159e-05,0.000192500627851,0.0207468985035,0.00359876137808,0.00456084289077,0.000192500627851,4.15801356159e-05,0.000192500627851,0.245436291209,0.479367753463,0.245436289773
60,0.0950197709347,0.0617787757106,0.0441759925337,0.00477793244107,0.198761016053,0.013488821952,0.018809314455,0.159208144336,0.149660438069,0.0426077152297,0.125572263203,0.086139815082,1,0.4,46,19,10,3,20,8.9950115908e-05,1.94292250361e-05,8.9950115908e-05,0.0547687760399,0.00380282564497,0.00114968221981,8.9950115908e-05,1.94292250361e-05,8.9950115908e-05,0.237756221037,0.464367616497,0.237756219647
61,0.171685445325,0.0962276661142,0.0701130891352,0.177908422868,0.00745162902404,0.0205137778299,0.129016109068,0.131716850639,0.0855591535822,0.0111291832989,0.000977528514814,0.0977011446008,1,0.4,46,19,10,3,20,0.000570027066625,0.000123125846391,0.000570027066625,0.052955930263,0.0169691214205,0.00965868350616,0.000570027066625,0.000123125846391,0.000570027066625,0.232193494732,0.453502916745,0.232193493374
62,0.113580971311,0.0597476987139,0.026752262721,0.15614717706,0.200756448056,0.0168516158468,0.0127740071396,0.0328409422222,0.0436322807605,0.262293702469,0.0344869720161,0.0401359216834,1,0.4,46,19,10,3,20,0.000131264437607,2.83531185231e-05,0.000131264437607,0.0177565416969,0.00238714334953,0.0014851925159,0.000131264437607,2.83531185231e-05,0.000131264437607,0.247345925748,0.483097508401,0.247345924301
63,0.0581994452477,0.0707000113027,0.071091198545,0.135448321188,0.00290849146707,0.0389635547356,0.0223648044766,0.116550364165,0.20585561025,0.201860028671,0.0125352860967,0.0635228838552,1,0.4,46,19,10,3,20,0.000126429831417,2.73088435861e-05,0.000126429831417,0.0318770150179,0.00153870879429,0.00229499596488,0.000126429831417,2.73088435861e-05,0.000126429831417,0.24378914085,0.476150662937,0.243789139424
64,0.0102327007378,0.124820827207,0.00583985526291,0.029614734458,0.111167486308,0.0415932938458,0.258867833496,0.0281871811106,0.0922800103484,0.18652879488,0.0507925626319,0.0600747197142,1,0.4,46,19,10,3,20,6.25044593848e-05,1.35009632271e-05,6.25044593848e-05,0.000495503886423,0.000787228849944,0.000761882702996,6.25044593848e-05,1.35009632271e-05,6.25044593848e-05,0.252377136862,0.49292409255,0.252377135385
65,0.0626687468337,0.0281714339276,0.0206878692261,0.0604059390566,0.00470059082974,0.0378233329498,0.226341952269,0.249777411169,0.118499884778,0.129515461097,0.0202204650915,0.041186912772,1,0.4,46,19,10,3,20,6.11983785297e-05,1.32188497624e-05,6.11983785297e-05,0.000509444172795,0.00449433753785,0.00075800518387,6.11983785297e-05,1.32188497624e-05,6.11983785297e-05,0.251438289008,0.491090405346,0.251438287537
66,0.00700807756004,0.00257579580231,0.0932450798704,0.107948903354,0.0149245116865,0.0610021906397,0.171670009117,0.0459369771309,0.127409561532,0.0497316243795,0.0816296770934,0.236917591834,1,0.4,46,19,10,3,20,4.7611740735e-05,1.02841359988e-05,4.7611740735e-05,0.0318959696155,0.000426207383346,0.000352478954374,4.7611740735e-05,1.02841359988e-05,4.7611740735e-05,0.244645522982,0.477823284279,0.244645521551
67,0.0443712044769,0.165565686184,0.0251072571126,0.0799168468363,0.21872397836,0.0525489068327,0.147011092635,0.00513265937637,0.0806385566585,0.0714428746981,0.0654396644277,0.0441012724007,1,0.4,46,19,10,3,20,0.000467823654364,0.000101049909343,0.000467823654364,0.0499253694026,0.00111255815236,0.00834502112106,0.000467823654364,0.000101049909343,0.000467823654364,0.237418159302,0.463707339673,0.237418157913
68,0.190918303085,0.0800708707449,0.117198205279,0.00776156483953,0.154487584734,0.0147231754888,0.0317730825459,0.0492524283813,0.068806567512,0.0775850022046,0.0287610880602,0.178662127125,1,0.4,46,19,10,3,20,0.000223525511555,4.8281510496e-05,0.000223525511555,0.018994041797,0.00328542965192,0.00250563378212,0.000223525511555,4.8281510496e-05,0.000223525511555,0.246444074994,0.481336081156,0.246444073552
69,0.0256343887437,0.126929425778,0.0687354581559,0.176063684231,0.057727319424,0.0199113905901,0.084901134225,0.015064666602,0.268127481042,0.125494157442,0.0303386747882,0.0010722189778,1,0.4,46,19,10,3,20,0.000325871660453,7.03882786579e-05,0.000325871660453,0.0811297805269,0.00919230512735,0.00126738236161,0.000325871660453,7.03882786579e-05,0.000325871660453,0.229430203383,0.448105863361,0.229430202041
70,0.0531866655911,0.105963461246,0.130544014285,0.0211566088617,0.0943439103917,0.0267615275668,0.0121317594046,0.025895580448,0.136064519645,0.100108836051,0.0162508135104,0.277592302999,1,0.4,46,19,10,3,20,5.12074335895e-09,1.10608056553e-09,5.12074335895e-09,3.68497842792e-08,1.09811381215e-08,2.17760029226e-08,5.12074335895e-09,1.10608056553e-09,5.12074335895e-09,0.252964404634,0.49407109991,0.252964403154
71,0.0583685843552,0.0602188389382,0.00594671793148,0.168870591231,0.0745410440174,0.283983151695,0.136991905483,0.0645361251562,0.0352121020613,0.0249980068908,0.0130372253017,0.0732957069386,1,0.4,46,19,10,3,20,0.000367873100702,7.94605897516e-05,0.000367873100702,0.123061129153,0.00922165662998,0.00185789533064,0.000367873100702,7.94605897516e-05,0.000367873100702,0.218619170677,0.42699056523,0.218619169398
72,0.0325663517557,0.017330115346,0.147222859667,0.00755997309695,0.240959614547,0.096145002412,0.062989139803,0.109685264802,0.10252487371,0.0306855921188,0.0898351827006,0.0624960300408,1,0.4,46,19,10,3,20,0.000574933344212,0.00012418560235,0.000574933344212,0.0613856332538,0.00476524177463,0.00109963405335,0.000574933344212,0.00012418560235,0.000574933344212,0.235307861603,0.459585664506,0.235307860227
73,0.0341254774923,0.0235397474404,0.0956851059622,0.203913328819,0.115608127527,0.00728400131736,0.0236508372862,0.207053629043,0.128920956109,0.0609023767791,0.0544251079137,0.0448913043108,1,0.4,46,19,10,3,20,0.000428890004268,9.26402409219e-05,0.000428890004268,0.0467891879835,0.0110417221242,0.00105808513166,0.000428890004268,9.26402409219e-05,0.000428890004268,0.237586761958,0.464036641735,0.237586760568
74,0.0182088356107,0.0555984629971,0.0130504434308,0.147454827438,0.0354924220304,0.0615691433595,0.00506666844906,0.00866683573404,0.0422254825935,0.210396333958,0.175026120047,0.227244424351,1,0.4,46,19,10,3,20,5.1209766257e-05,1.10613095115e-05,5.1209766257e-05,0.0046397682537,0.00158160908861,6.30239565165e-05,5.1209766257e-05,1.10613095115e-05,5.1209766257e-05,0.25131728477,0.490854068946,0.2513172833
75,0.0649405157743,0.0649918120279,0.0851786704384,0.0589247498616,0.17616172983,0.152357560649,0.0608877384292,0.211974316984,0.0636452083096,0.0255384201287,0.0337901021972,0.00160917536982,1,0.4,46,19,10,3,20,0.00134535750888,0.000290597221918,0.00134535750888,0.0402721828259,0.0071776996377,0.0425507360791,0.00134535750888,0.000290597221918,0.00134535750888,0.228689141104,0.446658476107,0.228689139767
76,0.194942028097,0.0839542228075,0.0332929126777,0.0242934749287,0.114222699215,0.266959795107,0.0042989193243,0.0574729549996,0.00537080791444,0.0221746092531,0.0580342242925,0.134983351383,1,0.4,46,19,10,3,20,0.000428436500556,9.25422841201e-05,0.000428436500556,0.0180231321162,0.00493192023298,0.00331426837384,0.000428436500556,9.25422841201e-05,0.000428436500556,0.245838887704,0.480154074737,0.245838886266
77,0.00548231982326,0.0297223319672,0.0770041980882,0.315868493797,0.04919163846,0.151990234407,0.0408572492444,0.0104060988118,0.198250706486,0.00696730012783,0.0918458444685,0.0224135843194,1,0.4,46,19,10,3,20,0.000714785516069,0.000154393671471,0.000714785516069,0.0285842408777,0.00425133854493,0.0133230078944,0.000714785516069,0.000154393671471,0.000714785516069,0.240486573895,0.469700336892,0.240486572489
78,0.142279637646,0.17425822754,0.0561775704998,0.245036610106,0.0746087023173,0.0360093986409,0.0015545995621,0.0198602843453,0.052636539387,0.0359752604872,0.0489938309781,0.11260933849,1,0.4,46,19,10,3,20,0.000361898580955,7.81700934862e-05,0.000361898580955,0.0702505890162,0.00438475775548,0.00107955242306,0.000361898580955,7.81700934862e-05,0.000361898580955,0.233405513442,0.455870140775,0.233405512077
79,0.166252151144,0.0627387220949,0.114994991489,0.057892709542,0.104480288084,0.237828185473,0.0978738244858,0.0174295019902,0.0450998410195,0.0596568698523,0.0157264700669,0.0200264447577,1,0.4,46,19,10,3,20,0.000944500776755,0.000204012167779,0.000944500776755,0.021138802424,0.014928517199,0.00953930938437,0.000944500776755,0.000204012167779,0.000944500776755,0.240368657126,0.469470030704,0.24036865572
80,0.147453705631,0.00061069292469,0.12740731222,0.0734629564722,0.0250770502826,0.0634386792394,0.0196849927852,0.0195890812196,0.122034418673,0.0502282085166,0.00360683755095,0.347406064484,1,0.4,46,19,10,3,20,3.67584262558e-05,7.93982007126e-06,3.67584262558e-05,0.0204858334773,0.000148206212791,0.000654034684025,3.67584262558e-05,7.93982007126e-06,3.67584262558e-05,0.247538091145,0.483472831439,0.247538089697
81,0.00735293088901,0.229534458011,0.135117028648,0.025112163199,0.224334528391,0.119795244822,0.0615332755127,0.0499111480016,0.0254787956979,0.0484752809337,0.00394533953344,0.0694098063599,1,0.4,46,19,10,3,20,0.000388734027715,8.39665499865e-05,0.000388734027715,0.0554447319522,0.00889530944962,0.011526889426,0.000388734027715,8.39665499865e-05,0.000388734027715,0.233336968599,0.455736264129,0.233336967234
82,0.156742708089,0.0939382812538,0.167976619183,0.103692146605,0.0178580975587,0.0292200361542,0.20522131814,0.0208715085655,0.0867293301447,0.0674642835419,0.00526519450297,0.0450204762621,1,0.4,46,19,10,3,20,0.000220025787694,4.75255701418e-05,0.000220025787694,0.114645577748,0.00324048278346,0.00505721344713,0.000220025787694,4.75255701418e-05,0.000220025787694,0.221617473659,0.432846625709,0.221617472363
83,0.0114333488269,0.00132491223722,0.216255319049,0.0561081160779,0.128464417517,0.103511895249,0.0986815499781,0.0539448519238,0.0951181539319,0.0581219783396,0.0551022463957,0.121933210474,1,0.4,46,19,10,3,20,0.000202629342036,4.37679378797e-05,0.000202629342036,0.0148813951305,0.0022418412234,0.00365249874804,0.000202629342036,4.37679378797e-05,0.000202629342036,0.247481730512,0.483362752078,0.247481729064
84,0.145129077495,0.0115736407537,0.0110515437215,0.0455721553842,0.00430691853246,0.0761305135227,0.0845447865602,0.0433391030208,0.00474101886874,0.155405170722,0.394912608922,0.0232934624961,1,0.4,46,19,10,3,20,2.13655849606e-05,4.6149663515e-06,2.13655849606e-05,0.00690571809641,0.000282954032278,0.000531799599653,2.13655849606e-05,4.6149663515e-06,2.13655849606e-05,0.250987469492,0.490209898484,0.250987468024
85,0.0372821469653,0.00227463820328,0.0110508554923,0.0383275147563,0.0193413707973,0.116589372685,0.0791878015759,0.0698097324169,0.370060754458,0.0857856196362,0.0925245890631,0.0777656039505,1,0.4,46,19,10,3,20,9.74453162902e-05,2.10481883187e-05,9.74453162902e-05,0.0230653073913,0.00286454114558,0.00204560692834,9.74453162902e-05,2.10481883187e-05,9.74453162902e-05,0.245778383213,0.480035901905,0.245778381775
86,0.028972718745,0.0496419600196,0.103966051959,0.094638379985,0.195684534267,0.0672360683097,0.0175918282542,0.0708257666785,0.24354957742,0.0048030587987,0.0860473784296,0.0370426771342,1,0.4,46,19,10,3,20,0.000341425578512,7.37479249586e-05,0.000341425578512,0.0289485859962,0.0176633433499,0.001790268865,0.000341425578512,7.37479249586e-05,0.000341425578512,0.240337608291,0.469409388448,0.240337606885
87,0.0467803487528,0.0754544680225,0.230598656108,0.00320566039397,0.0299567407288,0.161676374342,0.0150288627707,0.0337440858482,0.0951558284314,0.0430388901778,0.12413071048,0.141229373944,1,0.4,46,19,10,3,20,0.000118918553116,2.5686407473e-05,0.000118918553116,0.0154250052379,0.00230377592299,0.0030477659398,0.000118918553116,2.5686407473e-05,0.000118918553116,0.24757537648,0.48354565436,0.247575375032
88,0.1946421505,0.0360668474804,0.0612615467593,0.00562778495151,0.00450373315017,0.116223704878,0.154798817168,0.0874162020048,0.0566197866089,0.0838639119199,0.146076782157,0.0528987324218,1,0.4,46,19,10,3,20,0.000136857173262,2.95611494246e-05,0.000136857173262,0.00456066291612,0.00137875180778,0.00247761540587,0.000136857173262,2.95611494246e-05,0.000136857173262,0.250681782946,0.489612854453,0.25068178148
89,0.0188431067782,0.282349620467,0.0239558475333,0.185212197825,0.0565949455782,0.111818148449,0.0383702412638,0.0443669325903,0.101380299762,0.124264187168,0.00632767286536,0.00651679972005,1,0.4,46,19,10,3,20,0.00034191783172,7.38542516515e-05,0.00034191783172,0.0936692358588,0.00803048072347,0.00578206208393,0.00034191783172,7.38542516515e-05,0.00034191783172,0.225392024132,0.440218794558,0.225392022814
90,0.0696458326216,0.0381287241239,0.0237466511761,0.131975837581,0.0453543180981,0.147835201047,0.0665511406386,0.142765625477,0.194876917291,0.00309301885138,0.0166149445443,0.119411788549,1,0.4,46,19,10,3,20,0.000515016873228,0.000111243644617,0.000515016873228,0.0705511113838,0.00587959425309,0.00761898443783,0.000515016873228,0.000111243644617,0.000515016873228,0.231125441046,0.451416874403,0.231125439694
91,0.0717993112404,0.0174822691702,0.00231229369632,0.0494209422202,0.112880501569,0.0538600853002,0.115562880955,0.00849100964885,0.255371392588,0.0491172635379,0.0671638055054,0.196538244568,1,0.4,46,19,10,3,20,0.000106344856294,2.29704889595e-05,0.000106344856294,0.00921881237189,0.00143328482232,0.00381802265442,0.000106344856294,2.29704889595e-05,0.000106344856294,0.249184775096,0.486689011013,0.249184773639
92,0.0910854728728,0.0606093779489,0.0272384495433,0.258225159515,0.0702958232341,0.0296928185062,0.0102971444372,0.0863767134586,0.0316311636819,0.245385091825,0.0553967151057,0.0337660698717,1,0.4,46,19,10,3,20,5.62479519485e-05,1.21495576209e-05,5.62479519485e-05,0.052028967985,0.00112252211402,0.000151638964654,5.62479519485e-05,1.21495576209e-05,5.62479519485e-05,0.239417570694,0.467612440026,0.239417569293
93,0.00430386332234,0.0961710770511,0.239401903847,0.0194145365647,0.0347312722724,0.0629961623867,0.118307584554,0.121828007248,0.090349889535,0.0553242033362,0.0603199606244,0.0968515392578,1,0.4,46,19,10,3,20,0.000135578683226,2.92849955768e-05,0.000135578683226,0.0171996434221,0.00355682740339,0.000932656413688,0.000135578683226,2.92849955768e-05,0.000135578683226,0.247325847857,0.48305829377,0.24732584641
94,0.430035283992,0.0335207817575,0.0468886790302,0.0105034433721,0.0178715967744,0.00414703583338,0.101253055872,0.0491600335723,0.002690303446,0.074901278802,0.0941274985573,0.134901008991,1,0.4,46,19,10,3,20,7.29296769971e-05,1.57528102314e-05,7.29296769971e-05,0.00575710164336,0.00223527601391,0.000593768511027,7.29296769971e-05,1.57528102314e-05,7.29296769971e-05,0.250710674171,0.489669282627,0.250710672705
