run_ID,t1_initial,t2_initial,t3_initial,t4_initial,t5_initial,t6_initial,t7_initial,t8_initial,t9_initial,t10_initial,t11_initial,t12_initial,alpha,prior_cost_c,lambda,k,sample_amount,learning_parameter,generations,t1_final,t2_final,t3_final,t4_final,t5_final,t6_final,t7_final,t8_final,t9_final,t10_final,t11_final,t12_final
0,0.152955632078,0.127401476419,0.0276555246019,0.0239883595275,0.0579581433037,0.155825870352,0.0256541841222,0.0416015918141,0.169166153368,0.150075796104,0.00960267222569,0.0581145960845,1,0.4,50,11,10,3,20,0.000186598748868,4.03053297554e-05,0.000186598748868,0.00259150312518,0.00285033472352,0.000422724554189,0.000186598748868,4.03053297554e-05,0.000186598748868,0.251271698285,0.490765035488,0.25127169817
1,0.080876135438,0.0238553604008,0.0130249300969,0.256492020695,0.12896477311,0.01542120474,0.0798946674128,0.083789250449,0.0928839089698,0.0537519817692,0.165506227961,0.00553953895739,1,0.4,50,11,10,3,20,0.000264010612049,5.70262922026e-05,0.000264010612049,0.00192088647031,0.00237159499652,0.000256507166607,0.000264010612049,5.70262922026e-05,0.000264010612049,0.251517702242,0.491245511966,0.251517702126
2,0.123762669645,0.0762454912352,0.0371126004268,0.0203841451527,0.0831495236851,0.0810701205203,0.0222245119904,0.0327023947419,0.0799544257754,0.319460285148,0.0828850949861,0.0410487366934,1,0.4,50,11,10,3,20,1.06140001782e-06,2.29262403849e-07,1.06140001782e-06,1.76199924673e-05,1.18582921555e-05,3.08415279297e-06,1.06140001782e-06,2.29262403849e-07,1.06140001782e-06,0.25295499985,0.494052733855,0.252954999734
3,0.0151668397767,0.0539218462106,0.352409323818,0.0652219875027,0.0165221737199,0.0363632536413,0.0724230323897,0.00726194282626,0.00394050729789,0.00725813040987,0.148788416723,0.220722545685,1,0.4,50,11,10,3,20,0.000164378951445,3.55058535121e-05,0.000164378951445,0.00576788305784,0.00162934645617,0.000429068662557,0.000164378951445,3.55058535121e-05,0.000164378951445,0.250800360386,0.489844453654,0.250800360271
4,0.112142203372,0.0105736358738,0.0506206207236,0.155218013586,0.119817167358,0.00756932828958,0.0329587456913,0.163796738476,0.136720095442,0.0513157452865,0.132695571786,0.0265721341142,1,0.4,50,11,10,3,20,3.7724849184e-06,8.14856742374e-07,3.7724849184e-06,2.05314657737e-05,6.17782959205e-05,4.39340335206e-06,3.7724849184e-06,8.14856742374e-07,3.7724849184e-06,0.25293826467,0.494020047957,0.252938264554
5,0.0429580450411,0.106146000968,0.149534175485,0.0480931371533,0.00521992285928,0.302868174224,0.0270139615164,0.0850331726879,0.0680515901007,0.124057397931,0.00188213110709,0.0391422909273,1,0.4,50,11,10,3,20,0.000531843596369,0.000114878216816,0.000531843596369,0.0302912832505,0.00306102829892,0.00430323970069,0.000531843596369,0.000114878216816,0.000531843596369,0.242842641773,0.474302034496,0.242842641662
6,0.041258162796,0.0959969436545,0.0981916027818,0.00077843745069,0.328899772502,0.0175224636542,0.0948291460155,0.0522999894492,0.203122774374,0.0339220024961,0.0254038501229,0.00777485470309,1,0.4,50,11,10,3,20,0.00268280785623,0.000579486496945,0.00268280785623,0.0255164908863,0.0191569622759,0.00858542458106,0.00268280785623,0.000579486496945,0.00268280785623,0.236484026728,0.461882864491,0.236484026619
7,0.046586524018,0.0534555331317,0.0127230211827,0.223934350698,0.0634357867971,0.157999916008,0.0239402155695,0.0753907590833,0.0800018318746,0.0714476076989,0.00763870627323,0.183445747665,1,0.4,50,11,10,3,20,0.000139213769209,3.00701741491e-05,0.000139213769209,0.00319701437426,0.00106971518911,0.00147411859964,0.000139213769209,3.00701741491e-05,0.000139213769209,0.251356118704,0.490929919119,0.251356118589
8,0.374812415949,0.0362585881771,0.026470006515,0.00202108771777,0.192804000633,0.00166249395244,0.0408269442274,0.01232357945,0.139946605945,0.0398025127315,0.108312076425,0.0247596882762,1,0.4,50,11,10,3,20,0.000161102292253,3.47980951265e-05,0.000161102292253,0.00439251073069,0.000977104805144,0.000783080826681,0.000161102292253,3.47980951265e-05,0.000161102292253,0.251227395698,0.490678506998,0.251227395583
9,0.035381183109,0.354563939136,0.186311247691,0.0910528956552,0.0471606151199,0.0341591506783,0.0636769276229,0.0223586296537,0.0193547086148,0.0537551004747,0.0747490626233,0.0174765396212,1,0.4,50,11,10,3,20,0.000684942761614,0.000147947636509,0.000684942761614,0.0125910812308,0.00573639228186,0.00487013891214,0.000684942761614,0.000147947636509,0.000684942761614,0.246328340639,0.48111004009,0.246328340526
10,0.180351682691,0.0832375363408,0.178071904283,0.0695536776512,0.0927003298621,0.0172809044152,0.017293539244,0.218300172252,0.0162703038314,0.040954640096,0.058918564467,0.0270667448661,1,0.4,50,11,10,3,20,0.000840242916418,0.000181492469946,0.000840242916418,0.0124006869611,0.00884935117384,0.00465521057351,0.000840242916418,0.000181492469946,0.000840242916418,0.24546929202,0.479432210758,0.245469291908
11,0.000459292072218,0.017459368127,0.184397248987,0.16812672251,0.0904288477068,0.138972557031,0.140958109868,0.0731922709003,0.0285097597114,0.00522067627771,0.0723632178986,0.0799119289099,1,0.4,50,11,10,3,20,0.000608938945601,0.00013153081225,0.000608938945601,0.00648474274403,0.00124077453529,0.00500252152464,0.000608938945601,0.00013153081225,0.000608938945601,0.249061981123,0.486449181658,0.249061981009
12,0.0954533662656,0.0816435116262,0.00291221851054,0.0813592225,0.0355632980097,0.173639907785,0.0774311811908,0.113495721241,0.0545280269716,0.0366499032011,0.217691757731,0.0296318849679,1,0.4,50,11,10,3,20,1.15682839318e-06,2.49874932926e-07,1.15682839318e-06,1.56830117792e-05,4.92392280734e-06,9.95971298157e-07,1.15682839318e-06,2.49874932926e-07,1.15682839318e-06,0.252957665233,0.494057939681,0.252957665117
13,0.0396457238378,0.0774706348678,0.0103854412432,0.00769988786088,0.126088941033,0.180921467538,0.0631098862684,0.202226421201,0.160759048521,0.0397671003854,0.0272998533805,0.0646255938645,1,0.4,50,11,10,3,20,1.45236358386e-05,3.13710534113e-06,1.45236358386e-05,7.50028798845e-05,6.57786352715e-05,9.54256011404e-05,1.45236358386e-05,3.13710534113e-06,1.45236358386e-05,0.252888391961,0.493922640323,0.252888391845
14,0.144774530612,0.0244888613039,0.085715850737,0.0774231911839,0.00318664993511,0.174454971464,0.063629934305,0.12207481604,0.138909860908,0.101981094487,0.0272825517248,0.0360776872994,1,0.4,50,11,10,3,20,0.000325524691191,7.03133332973e-05,0.000325524691191,0.00112183531128,0.00167322549505,0.00113677856981,0.000325524691191,7.03133332973e-05,0.000325524691191,0.251604853257,0.491415728793,0.251604853142
15,0.106165986083,0.0837186940872,0.172077904955,0.110846946693,0.0414370191425,0.0125267309303,0.0256997419179,0.0550481363116,0.120074054489,0.0190570243623,0.175073353519,0.0782744075086,1,0.4,50,11,10,3,20,0.000283506881358,6.12374863734e-05,0.000283506881358,0.0138248954494,0.00270859882641,0.00253635408037,0.000283506881358,6.12374863734e-05,0.000283506881358,0.247822583268,0.484028482723,0.247822583154
16,0.10855648746,0.0405499252517,0.0646460098941,0.348707222288,0.00164890807656,0.0665476061063,0.127662528316,0.0724141070645,0.0135067387399,0.127405552862,0.00624836525218,0.0221065486898,1,0.4,50,11,10,3,20,0.000388891256961,8.40005115036e-05,0.000388891256961,0.00123312833558,0.00130537080503,0.000847823893272,0.000388891256961,8.40005115036e-05,0.000388891256961,0.2516718068,0.491546497431,0.251671806685
17,0.0814745910539,0.235607094922,0.0201915025371,0.0958434760112,0.0523293579933,0.013609516597,0.0559026770624,0.210943152275,0.0141563414228,0.0506202459472,0.0467358453595,0.122586198819,1,0.4,50,11,10,3,20,0.000364957630977,7.88308482911e-05,0.000364957630977,0.0229493605395,0.00317962373249,0.00560770667062,0.000364957630977,7.88308482911e-05,0.000364957630977,0.244527005133,0.477591806682,0.244527005021
18,0.188405608124,0.131729211844,0.00693096936839,0.217082848709,0.0822873750882,0.00426179849687,0.0614452409857,0.0210256825096,0.00287269324205,0.225154034424,0.0315368851897,0.027267652019,1,0.4,50,11,10,3,20,0.000357597725913,7.72411087973e-05,0.000357597725913,0.00917014128412,0.00353777583473,0.000452009047421,0.000357597725913,7.72411087973e-05,0.000357597725913,0.249234517262,0.486786166303,0.249234517147
19,0.172673224865,0.0999326225433,0.0544831495347,0.0141383679538,0.0812373762566,0.0264370803588,0.171991116303,0.0894777692775,0.0651972502983,0.19601419912,0.00013435991921,0.0282834835697,1,0.4,50,11,10,3,20,4.08635437934e-06,8.82652545937e-07,4.08635437934e-06,2.58904039822e-05,6.4495850482e-05,1.13004788455e-05,4.08635437934e-06,8.82652545937e-07,4.08635437934e-06,0.252934122469,0.494011957721,0.252934122353
20,0.194115070737,0.0900324038891,0.0109408042607,0.172906344688,0.00267758423899,0.0036334667171,0.0077570871442,0.0591967833152,0.0202011427139,0.264471750299,0.0234029191067,0.15066464289,1,0.4,50,11,10,3,20,9.97297422164e-07,2.15416243187e-07,9.97297422164e-07,1.42564693327e-05,8.59941007955e-06,4.57649098214e-06,9.97297422164e-07,2.15416243187e-07,9.97297422164e-07,0.252956369442,0.49405540884,0.252956369326
21,0.0608007679239,0.154248186313,0.243353067057,0.0154559347343,0.0181657073029,0.0603227991011,0.0154686890078,0.121493238645,0.0196515143071,0.0390786245507,0.000822976227787,0.251138494829,1,0.4,50,11,10,3,20,4.92097591612e-06,1.06293079788e-06,4.92097591612e-06,3.12379311997e-05,1.53309874261e-05,1.35640817474e-05,4.92097591612e-06,1.06293079788e-06,4.92097591612e-06,0.252943698359,0.494030660632,0.252943698243
22,0.303992408663,0.00820601860022,0.021627728612,0.0960421544436,0.202271823701,0.0888410700996,0.0973208433908,0.0118674256526,0.031993554998,0.0186464327464,0.0238525246397,0.0953380144531,1,0.4,50,11,10,3,20,8.12208705872e-06,1.75437080468e-06,8.12208705872e-06,5.00241932426e-05,7.63248130076e-05,2.4701098287e-05,8.12208705872e-06,1.75437080468e-06,8.12208705872e-06,0.252917110678,0.493978731566,0.252917110562
23,0.0751122524819,0.0899945434139,0.123764424741,0.0965817111609,0.0231186255623,0.0345195530197,0.0155856528822,0.0174807237523,0.0285584338138,0.366493719332,0.0756286643215,0.053161695518,1,0.4,50,11,10,3,20,9.57130022878e-05,2.06740084942e-05,9.57130022878e-05,0.00376259810767,0.00102414842742,0.000608756177905,9.57130022878e-05,2.06740084942e-05,9.57130022878e-05,0.251492249196,0.491195798985,0.25149224908
24,0.00587864113698,0.160630545786,0.128210768715,0.0273832044251,0.0474508424301,0.088195632486,0.100407779652,0.048327574492,0.131236815594,0.0623763483086,0.149769343088,0.050132503887,1,0.4,50,11,10,3,20,0.000119433113894,2.57975526012e-05,0.000119433113894,0.000426736550171,0.000837044401211,0.000235591098555,0.000119433113894,2.57975526012e-05,0.000119433113894,0.25245123813,0.493068824246,0.252451238014
25,0.0663083023949,0.00358640950465,0.0402720752287,0.190944085267,0.204371766069,0.0645859760049,0.0183018984497,0.0889724351357,0.0426436001221,0.216601650599,0.00703740048766,0.0563744007356,1,0.4,50,11,10,3,20,0.000274602971247,5.93142417893e-05,0.000274602971247,0.00395067512854,0.00208148777549,0.000615632310058,0.000274602971247,5.93142417893e-05,0.000274602971247,0.250974903338,0.490185357857,0.250974903223
26,0.0579877465179,0.035322206369,0.11173198067,0.043385334005,0.0817367004054,0.00662497995467,0.188759830359,0.114349747937,0.192446866634,0.0422065335444,0.016370270764,0.109077802839,1,0.4,50,11,10,3,20,0.00066609075851,0.000143875603838,0.00066609075851,0.0156600327158,0.00427227144273,0.00578068111857,0.00066609075851,0.000143875603838,0.00066609075851,0.24571317649,0.479908547613,0.245713176378
27,0.0586035715452,0.119291984506,0.0473247705282,0.0968486927957,0.0573498424512,0.0724297648443,0.0376902707035,0.106479031825,0.0188186747881,0.00721048447804,0.261877226787,0.116075684747,1,0.4,50,11,10,3,20,0.000107671520242,2.32570483723e-05,0.000107671520242,0.000863687271118,0.000571750799495,0.000192943387897,0.000107671520242,2.32570483723e-05,0.000107671520242,0.252431789712,0.493030839055,0.252431789596
28,0.20399837353,0.0354750056981,0.133495850792,0.0415654592202,0.0158948642042,0.0617312732054,0.184054762226,0.0394165778297,0.0927391362796,0.0536893201888,0.0258897494292,0.112049627397,1,0.4,50,11,10,3,20,0.000320726259468,6.9276872045e-05,0.000320726259468,0.00251732878795,0.00286624142475,0.00137575506677,0.000320726259468,6.9276872045e-05,0.000320726259468,0.250894979612,0.49002925683,0.250894979497
29,0.142031144671,0.0510571312482,0.0797682284943,0.0265542021543,0.075851595633,0.0929131416027,0.0215683093079,0.186253120189,0.00661299690147,0.154037731379,0.0264222655253,0.136930132894,1,0.4,50,11,10,3,20,0.000159440870407,3.4439228008e-05,0.000159440870407,0.00199187213831,0.000690526173896,0.000717685369308,0.000159440870407,3.4439228008e-05,0.000159440870407,0.251925571471,0.492042131554,0.251925571356
30,0.0595889002828,0.0080634456615,0.205060616119,0.0920272447451,0.133596955853,0.165093044167,0.0647256109215,0.0395117152467,0.0767433249247,0.0535010008618,0.000559383639238,0.101528757579,1,0.4,50,11,10,3,20,0.000611592161887,0.000132103906968,0.000611592161887,0.0053685216686,0.00386503468288,0.00168333590271,0.000611592161887,0.000132103906968,0.000611592161887,0.249517162149,0.4873382071,0.249517162035
31,0.177684088306,0.0831546609988,0.0496921272094,0.0624167129794,0.119935653777,0.00499846748924,0.00709819566304,0.0737716716661,0.272212911423,0.0147563854994,0.0724231303103,0.0618559946784,1,0.4,50,11,10,3,20,0.000814795920179,0.000175995918759,0.000814795920179,0.0155823597793,0.00333447732615,0.00613514514003,0.000814795920179,0.000175995918759,0.000814795920179,0.245713667685,0.479909506978,0.245713667573
32,0.226865123444,0.111353111712,0.220366021389,0.0442931362777,0.0649824869555,0.0526762584039,0.0850258065191,0.0183682741262,0.0285467267233,0.0444569757298,0.0634274304214,0.0396386482988,1,0.4,50,11,10,3,20,0.000943327827964,0.00020375881084,0.000943327827964,0.0294358945336,0.00998488082712,0.0025163380912,0.000943327827964,0.00020375881084,0.000943327827964,0.241298228096,0.471285601534,0.241298227985
33,0.123726473783,0.149132434511,0.0287483134077,0.14148994953,0.193462583276,0.000688432809474,0.103028225906,0.000589943481783,0.127927646279,0.0760214818279,0.0076779592575,0.0475065559307,1,0.4,50,11,10,3,20,1.24076100264e-06,2.6800437657e-07,1.24076100264e-06,2.15057236741e-05,6.02187531426e-06,3.4118823678e-06,1.24076100264e-06,2.6800437657e-07,1.24076100264e-06,0.252955209311,0.494053142959,0.252955209195
34,0.157134056513,0.0277852227074,0.0188615180732,0.105240223209,0.0395725949492,0.143849278971,0.184790218952,0.123039098667,0.0500018931574,0.0408820715543,0.100157585564,0.00868623768169,1,0.4,50,11,10,3,20,1.01884414374e-05,2.20070335048e-06,1.01884414374e-05,3.58830416765e-05,6.27423961281e-05,2.15918336094e-05,1.01884414374e-05,2.20070335048e-06,1.01884414374e-05,0.252922593619,0.493989440435,0.252922593503
35,0.0894928495038,0.266443915726,0.0149621818216,0.0774413964386,0.0584167238046,0.141499053929,0.184721780428,0.0648336621713,0.0122764551353,0.0223561258951,0.0118563190669,0.0556995360795,1,0.4,50,11,10,3,20,4.95595975571e-06,1.07048730723e-06,4.95595975571e-06,4.25472311072e-05,3.47883404283e-05,8.66284543853e-06,4.95595975571e-06,1.07048730723e-06,4.95595975571e-06,0.252937116107,0.494017804671,0.252937115991
36,0.0087167968219,0.118446865598,0.101925354559,0.0843577863375,0.0314727984648,0.327187228661,0.0162075087954,0.0771822778351,0.0431300661682,0.0200145517879,0.108179477338,0.0631792876337,1,0.4,50,11,10,3,20,0.000355519573062,7.67922277814e-05,0.000355519573062,0.00751468009711,0.00355348006991,0.0037528495341,0.000355519573062,7.67922277814e-05,0.000355519573062,0.248816652114,0.485970023437,0.248816652
37,0.046584065721,0.106250486247,0.123220101104,0.0366717249045,0.0498622127477,0.0539791573261,0.314485774049,0.0559745680234,0.0440309059741,0.0932950857663,0.0665643104873,0.00908160764974,1,0.4,50,11,10,3,20,0.000371812320218,8.0311461167e-05,0.000371812320218,0.00263953073971,0.00346371386758,0.00202198043352,0.000371812320218,8.0311461167e-05,0.000371812320218,0.25049218102,0.489242540831,0.250492180905
38,0.143545270434,0.0531338863703,0.115257839605,0.0195828621761,0.130893777305,0.218611153915,0.0548497880517,0.0559921062755,0.0371581176497,0.0878919842488,0.0115604810488,0.0715227329192,1,0.4,50,11,10,3,20,3.32897029633e-05,7.19057584008e-06,3.32897029633e-05,0.000196787328374,0.000378744313752,6.0527156633e-05,3.32897029633e-05,7.19057584008e-06,3.32897029633e-05,0.252766204352,0.493683992649,0.252766204236
39,0.0963362247312,0.0552812857985,0.114741822679,0.130960205783,0.0273684484801,0.0131230948052,0.0586149986246,0.00861595912405,0.342619775492,0.0447917594203,0.0106348301819,0.0969115948806,1,0.4,50,11,10,3,20,1.20915244872e-05,2.61176928923e-06,1.20915244872e-05,2.74651525586e-05,0.00012782604264,1.27993963394e-05,1.20915244872e-05,2.61176928923e-06,1.20915244872e-05,0.252908349752,0.493961620383,0.252908349636
40,0.00694578667004,0.0553362623158,0.0773530410853,0.0918133376743,0.144497053359,0.0426378924725,0.0829843203176,0.0368527612488,0.290188906805,0.156616945884,0.00666841146273,0.00810528070412,1,0.4,50,11,10,3,20,0.000448297749807,9.68323139584e-05,0.000448297749807,0.00322334902162,0.00266466622234,0.00164152611556,0.000448297749807,9.68323139584e-05,0.000448297749807,0.250557117054,0.489369369021,0.250557116939
41,0.0152350814723,0.0843240636782,0.00381965740771,0.000985581019507,0.0783485187736,0.0680217061361,0.18384319337,0.120707762747,0.114691262065,0.0835669729851,0.120604983147,0.125851217198,1,0.4,50,11,10,3,20,0.00019127596653,4.13156087704e-05,0.00019127596653,0.00341504788819,0.00132884849098,0.000968846044078,0.00019127596653,4.13156087704e-05,0.00019127596653,0.251304859531,0.490829803546,0.251304859416
42,0.0947487268544,0.0597257608541,0.171986173476,0.138565366561,0.067744492154,0.0367116754443,0.0555034048137,0.207496308244,0.0161345192381,0.0604097409306,0.0272381406031,0.0637356908273,1,0.4,50,11,10,3,20,6.69410217863e-05,1.44592607058e-05,6.69410217863e-05,0.000458129002895,0.000203269849517,0.00014988568851,6.69410217863e-05,1.44592607058e-05,6.69410217863e-05,0.252684150689,0.493523731588,0.252684150573
43,0.0585585241548,0.0353749730135,0.0131330398489,0.0547498787012,0.00612870805799,0.298772715881,0.0271241124276,0.0302039490586,0.254841536242,0.00774207154669,0.0814550457981,0.131915445269,1,0.4,50,11,10,3,20,2.00506026265e-06,4.33093016732e-07,2.00506026265e-06,1.80946318202e-05,1.23937104459e-05,6.20034558155e-06,2.00506026265e-06,4.33093016732e-07,2.00506026265e-06,0.252952898081,0.494048628839,0.252952897965
44,0.121904761925,0.0176914333636,0.0163079822939,0.0547707623875,0.0662935115129,0.110141220084,0.0783241535717,0.11993678253,0.073437891709,0.116380199573,0.149746044176,0.0750652568739,1,0.4,50,11,10,3,20,0.00020664014638,4.4634271618e-05,0.00020664014638,0.0079374421988,0.00119736813955,0.0023545640329,0.00020664014638,4.4634271618e-05,0.00020664014638,0.249826351769,0.487942093076,0.249826351655
45,0.0741042037409,0.0296905438712,0.0294286634069,0.0248326206906,0.0441833100047,0.0957269273944,0.0632153102887,0.0550065323554,0.299591509927,0.201580121965,0.043547491119,0.0390927652362,1,0.4,50,11,10,3,20,0.000314580982678,6.79494922585e-05,0.000314580982678,0.00898881312983,0.000793249457669,0.00260489451543,0.000314580982678,6.79494922585e-05,0.000314580982678,0.249478278658,0.48726226278,0.249478278544
46,0.0352966775782,0.0844514376229,0.00589901962913,0.024224012105,0.0351705359097,0.0178863258337,0.0910932252705,0.365680196313,0.00598495535303,0.127371063388,0.112345461002,0.0945970899941,1,0.4,50,11,10,3,20,0.000158030986335,3.41346930483e-05,0.000158030986335,0.00207825612662,0.000830668528878,0.000365081998999,0.000158030986335,3.41346930483e-05,0.000158030986335,0.251959045149,0.492107509831,0.251959045034
47,0.16499641839,0.125113706622,0.0250915121623,0.0641827652747,0.0550795092388,0.00171766838726,0.00922681232528,0.0451279383194,0.0146199294551,0.111931949185,0.317667508881,0.0652442817599,1,0.4,50,11,10,3,20,6.54120489418e-05,1.41290025714e-05,6.54120489418e-05,0.00330691524681,0.000306682426322,0.000343879847875,6.54120489418e-05,1.41290025714e-05,6.54120489418e-05,0.251889989975,0.491972636444,0.251889989859
48,0.0615284913515,0.118121234325,0.0760789625607,0.111989572043,0.251486706343,0.0955513099399,0.041350133573,0.00184521544114,0.0590674934917,0.0348595866602,0.0478890337856,0.100232260485,1,0.4,50,11,10,3,20,0.000715475270372,0.0001545426584,0.000715475270372,0.0212281480924,0.00392700408532,0.005213058306,0.000715475270372,0.0001545426584,0.000715475270372,0.244480203244,0.477500396742,0.244480203132
49,0.221515540997,0.0577960939738,0.0340495881827,0.209989276239,0.00580694765637,0.151031729102,0.0848617865963,0.000310102940583,0.0949340458854,0.0119062842578,0.00651795126243,0.121280652907,1,0.4,50,11,10,3,20,0.000734601997521,0.000158674031465,0.000734601997521,0.0129866909819,0.00730507567112,0.00409896673914,0.000734601997521,0.000158674031465,0.000734601997521,0.245970848604,0.48041181346,0.245970848491
50,0.0420715899682,0.111504228291,0.0954881296099,0.00195276972973,0.0313724152814,0.0502253492216,0.00980369591955,0.294548397721,0.0880601895133,0.203892834362,0.0680592497547,0.0030211506274,1,0.4,50,11,10,3,20,0.000300447131216,6.48965803426e-05,0.000300447131216,0.00818080513271,0.002627598238,0.000979000600113,0.000300447131216,6.48965803426e-05,0.000300447131216,0.249645790275,0.487589433908,0.249645790161
51,0.0129981965379,0.0157562751592,0.0423232117907,0.0243922700552,0.00961773130235,0.113143393209,0.164967496283,0.223373136703,0.00020956852718,0.14067398895,0.017199248023,0.235345483459,1,0.4,50,11,10,3,20,0.000102550310793,2.21508671314e-05,0.000102550310793,0.00175330637383,0.000563401472552,0.000484558227909,0.000102550310793,2.21508671314e-05,0.000102550310793,0.252140833212,0.492462564641,0.252140833096
52,0.0568572968302,0.0294964574674,0.0260908003183,0.0894665033763,0.0562816610955,0.0411509747174,0.471212544652,0.123118909772,0.00129934563534,0.0346942278111,0.0356567251435,0.0346745531808,1,0.4,50,11,10,3,20,0.00168492592686,0.000363944000201,0.00168492592686,0.0317459707353,0.00442098501735,0.0124653585177,0.00168492592686,0.000363944000201,0.00168492592686,0.238773146396,0.46635380134,0.238773146286
53,0.188504973446,0.0104777188938,0.307307655971,0.100075415945,0.0270062569065,0.102396203365,0.0050874577045,0.0357778476411,0.107649237648,0.055573438766,0.0028347042955,0.0573090894168,1,0.4,50,11,10,3,20,0.00122027961989,0.000263580397896,0.00122027961989,0.0228765811497,0.00328348437778,0.00914608159126,0.00122027961989,0.000263580397896,0.00122027961989,0.242665125422,0.473955322873,0.242665125311
54,0.00420185056353,0.211508973175,3.89799774849e-05,0.117091165757,0.00828283248924,0.0123205901716,0.0471204056976,0.147483215555,0.0351821106055,0.157492406069,0.216174203495,0.0431032664441,1,0.4,50,11,10,3,20,0.000126522563879,2.73288737978e-05,0.000126522563879,0.00253792171456,0.00117119941072,0.000466780085302,0.000126522563879,2.73288737978e-05,0.000126522563879,0.25176622321,0.491730904482,0.251766223095
55,0.104626342467,0.297298580583,0.00478298908759,0.0114804378335,0.0274243026509,0.00137636248124,0.0148554991966,0.00415846475198,0.382624381516,0.0702474244105,0.0338159308858,0.0473092841358,1,0.4,50,11,10,3,20,0.000605546709639,0.000130798089282,0.000605546709639,0.00757400017497,0.00671993661449,0.00244485219006,0.000605546709639,0.000130798089282,0.000605546709639,0.248051207169,0.484475013779,0.248051207055
56,0.174097754722,0.143450453652,0.0215617739984,0.0154125632287,0.144496438457,0.147742173348,0.0167212950454,0.0234827696595,0.133185698375,0.0204054824363,0.0782533587222,0.0811902383562,1,0.4,50,11,10,3,20,0.000397626238573,8.58872675318e-05,0.000397626238573,0.00286485934288,0.0031184757298,0.00105905612985,0.000397626238573,8.58872675318e-05,0.000397626238573,0.250737158488,0.489721012447,0.250737158373
57,0.0712716359379,0.019640620162,0.104023084788,0.0253561195209,0.0941067940565,0.0131620358026,0.0613937853529,0.100188962626,0.0568225968021,0.0970667641104,0.0879933947673,0.268974206074,1,0.4,50,11,10,3,20,1.53663913829e-07,3.3191405387e-08,1.53663913829e-07,9.28622915087e-06,7.85070372913e-07,5.10405097534e-07,1.53663913829e-07,3.3191405387e-08,1.53663913829e-07,0.252961577891,0.494065581591,0.252961577775
58,0.0345919834865,0.15717462281,0.0577467185882,0.0855886679928,0.0122298492816,0.138013536313,0.0917141744682,0.0162030669705,0.000339380430527,0.0792549370463,0.0935400556922,0.23360300692,1,0.4,50,11,10,3,20,2.06902679035e-06,4.46909786716e-07,2.06902679035e-06,2.95229183682e-05,1.07751732233e-05,8.31764368534e-06,2.06902679035e-06,4.46909786716e-07,2.06902679035e-06,0.252949809247,0.49404259596,0.252949809131
59,0.104883545258,0.197955248228,0.177289769246,0.0708042236086,0.0798547796738,0.0198805200191,0.118713895907,0.0202338857748,0.0282393939354,0.0621717166153,0.0703472936961,0.0496257280372,1,0.4,50,11,10,3,20,1.31561043155e-05,2.84171853216e-06,1.31561043155e-05,7.05116520486e-05,0.000129280332765,4.06452475331e-05,1.31561043155e-05,2.84171853216e-06,1.31561043155e-05,0.252888855084,0.49392354486,0.252888854969
60,0.140872697314,0.0219902743843,0.0879830829601,0.041733060711,0.0197523395779,0.0364117289139,0.0570812959806,0.0395492997622,0.0238761150944,0.0972652786057,0.408730606429,0.0247542202668,1,0.4,50,11,10,3,20,7.10522702158e-05,1.53472903666e-05,7.10522702158e-05,0.00145424399861,0.000518371257914,0.000354142010086,7.10522702158e-05,1.53472903666e-05,7.10522702158e-05,0.252296180721,0.492765977745,0.252296180606
61,0.0993247957647,0.00455643667175,0.167046922696,0.0149344286199,0.02703686954,0.00558654610039,0.00526070707118,0.350531467234,0.0675736947423,0.182124439991,0.0513602029581,0.0246634886102,1,0.4,50,11,10,3,20,0.00021093191332,4.55612932771e-05,0.00021093191332,0.00286671232314,0.00159258519529,0.00113053039422,0.00021093191332,4.55612932771e-05,0.00021093191332,0.251313915494,0.490847490974,0.251313915379
62,0.2193828088,0.0423965842713,0.00450784796415,0.0417708522562,0.0470206686359,0.00212845373771,4.35778139117e-05,0.0391538075665,0.217563903641,0.216010057442,0.0866975452648,0.0833238926062,1,0.4,50,11,10,3,20,0.000147538878936,3.18683978503e-05,0.000147538878936,0.00342839230229,0.00115688332396,0.000662602052554,0.000147538878936,3.18683978503e-05,0.000147538878936,0.2514714891,0.491155251924,0.251471488985
63,0.114061737387,0.083802100178,0.0118033521494,0.0501539486658,0.018892710271,0.000323207895481,0.0540563752932,0.0874152879827,0.137172473141,0.248789231839,0.0777787107554,0.115750864443,1,0.4,50,11,10,3,20,8.01379272742e-05,1.73097922912e-05,8.01379272742e-05,0.0010705246091,0.000722210933562,0.000221949740089,8.01379272742e-05,1.73097922912e-05,8.01379272742e-05,0.252364937553,0.492900268433,0.252364937438
64,0.209147739775,0.0906250734212,0.0538137891076,0.107682335951,0.188128162597,0.0687141135962,0.0689849506148,0.187367888935,0.010127155979,0.00332077768499,0.00052926163269,0.0115587507061,1,0.4,50,11,10,3,20,0.0143584884815,0.003101433512,0.0143584884815,0.205678889347,0.109130902051,0.0455455266324,0.0143584884815,0.003101433512,0.0143584884815,0.14570949849,0.284588864107,0.145709498423
65,0.0166152614937,0.117565533066,0.112730955857,0.029922624588,0.238821880906,0.0698656286025,0.0310349614401,0.0657447121259,0.0881765668928,0.0578405713102,0.0187327717903,0.152948531927,1,0.4,50,11,10,3,20,0.00016944276969,3.6599638253e-05,0.00016944276969,0.00118892389542,0.00240103038322,0.000137785209431,0.00016944276969,3.6599638253e-05,0.00016944276969,0.251831472695,0.491858344882,0.25183147258
66,0.027624050659,0.0500515729883,0.0440477193336,0.287705141241,0.018723880822,0.062216698883,0.0664371979947,0.0926783598747,0.0108705927237,0.0153816956393,0.192756281066,0.131506808775,1,0.4,50,11,10,3,20,2.89829365798e-07,6.26031430123e-08,2.89829365798e-07,9.32567133131e-06,1.8854694259e-06,1.57455981645e-06,2.89829365798e-07,6.26031430123e-08,2.89829365798e-07,0.252960867698,0.494064194496,0.252960867582
67,0.0574561750998,0.0333667141412,0.0920284376244,0.208064426834,0.083224325472,0.0284707959753,0.01578227297,0.154481849622,0.023665944554,0.00236219013003,0.192573827017,0.10852304056,1,0.4,50,11,10,3,20,0.000255583601991,5.52060580301e-05,0.000255583601991,0.00798547997359,0.00332304873881,0.00107841119158,0.000255583601991,5.52060580301e-05,0.000255583601991,0.249544427234,0.487391459218,0.24954442712
68,0.00562067587882,0.286531281245,0.00326678747434,0.00382790371668,0.120403340131,0.452949068752,0.0409157658652,0.0271995181043,0.00940428877276,0.00590028574102,0.0105223623471,0.0334587219706,1,0.4,50,11,10,3,20,2.34372958371e-05,5.06245590082e-06,2.34372958371e-05,0.000179054923739,0.000150796946564,5.00699784933e-05,2.34372958371e-05,5.06245590082e-06,2.34372958371e-05,0.2528420438,0.493832116571,0.252842043684
69,0.0340392337281,0.2355922927,0.0114667580573,0.063318211396,0.138452722453,0.0103668101666,0.184269859088,0.0559943301769,0.0125446606827,0.0989396085061,0.050185404716,0.10483010833,1,0.4,50,11,10,3,20,4.62085449684e-06,9.98104571318e-07,4.62085449684e-06,2.20302351393e-05,1.04800621787e-05,1.46817651473e-05,4.62085449684e-06,9.98104571318e-07,4.62085449684e-06,0.252947308434,0.494037711559,0.252947308318
70,0.0372776245226,0.144922463342,0.0239184305418,0.0725410504304,0.0610772806079,0.0626447428212,0.222136500875,0.0259334762267,0.065532286187,0.0602087431764,0.10709540497,0.1167119963,1,0.4,50,11,10,3,20,3.68994441928e-05,7.97027994565e-06,3.68994441928e-05,0.000356611678692,0.000140933016899,0.000511969214625,3.68994441928e-05,7.97027994565e-06,3.68994441928e-05,0.252667686475,0.49349157492,0.252667686359
71,0.0100106704048,0.0987544212941,0.0899817131809,0.0463511946716,0.231536598748,0.0465345416197,0.222131507356,0.0140030824928,0.171108187415,0.00462946813554,0.0539488012388,0.0110098134434,1,0.4,50,11,10,3,20,0.00234600528326,0.000506737141184,0.00234600528326,0.028528952893,0.0230964737645,0.00358417356918,0.00234600528326,0.000506737141184,0.00234600528326,0.23636816561,0.461656573246,0.236368165502
72,0.0686511192963,0.00819909290016,0.150562283302,0.13505263438,0.0319838000731,0.244849761031,0.105400165688,0.00840035993034,0.0355755132413,0.117015183606,0.0290100425686,0.0653000439838,1,0.4,50,11,10,3,20,4.54058866725e-07,9.80767152125e-08,4.54058866725e-07,1.441328009e-05,1.05342166934e-05,3.02386182734e-06,4.54058866725e-07,9.80767152125e-08,4.54058866725e-07,0.252956842143,0.494056332083,0.252956842027
73,0.0538679853045,0.227055146696,0.0911644314624,0.10975018952,0.00356584215995,0.0557393513168,0.150545751111,0.0315329023373,0.239861141863,0.0128279785915,0.00621940810715,0.01786987153,1,0.4,50,11,10,3,20,0.00560022703422,0.00120964903939,0.00560022703422,0.119221453379,0.0654493570022,0.00937165170276,0.00560022703422,0.00120964903939,0.00560022703422,0.197599957494,0.385937416803,0.197599957403
74,0.0196138345621,0.0545185929369,0.0145478873217,0.0273146068184,0.100219424299,0.00956800040226,0.124945295545,0.040355945035,0.260961426116,0.044585985803,0.0488824616926,0.254486539468,1,0.4,50,11,10,3,20,0.000156357172006,3.37731491533e-05,0.000156357172006,0.0205661890743,0.000955756506124,0.00214154079978,0.000156357172006,3.37731491533e-05,0.000156357172006,0.246803108672,0.482037321403,0.246803108559
75,0.0130026717998,0.0025541055335,0.045948369987,0.223224236991,0.122092760548,0.0107974586559,0.0377082114968,0.0826427831131,0.0741635945722,0.0177178868256,0.197777944278,0.172369976199,1,0.4,50,11,10,3,20,6.60468752415e-05,1.42661250522e-05,6.60468752415e-05,0.0034533831781,0.000624268019621,0.000258262778596,6.60468752415e-05,1.42661250522e-05,6.60468752415e-05,0.251793547286,0.491784271817,0.25179354717
76,0.154941561357,0.036052786207,0.0685587825663,0.0428955960813,0.0193964009259,0.239748333215,0.0841164884408,0.274816809649,0.00378917909617,0.00643593570336,0.0381472073695,0.0311009193882,1,0.4,50,11,10,3,20,4.35797767291e-06,9.41323177348e-07,4.35797767291e-06,4.06432428902e-05,5.2576527557e-05,1.75248837013e-05,4.35797767291e-06,9.41323177348e-07,4.35797767291e-06,0.25293152661,0.494006887684,0.252931526494
77,0.0634278363302,0.175551459834,0.06798888139,0.0887857836942,0.237698571745,0.00839423650853,0.0393878910145,0.0603026457168,0.0555542580707,0.0685855295832,0.12774347418,0.00657943193212,1,0.4,50,11,10,3,20,0.00027111255868,5.85603126748e-05,0.00027111255868,0.0045838478585,0.00579877862562,0.000563687860493,0.00027111255868,5.85603126748e-05,0.00027111255868,0.249891444144,0.488069226621,0.24989144403
78,0.0305818462635,0.022414376804,0.0865510798535,0.0239886939201,0.0102754694994,0.0316054654799,0.151300967827,0.0772380518783,0.263808883615,0.0881120547819,0.0114528208597,0.202670289218,1,0.4,50,11,10,3,20,0.000160379211323,3.46419096458e-05,0.000160379211323,0.00180940180394,0.00105787132449,0.000706631641132,0.000160379211323,3.46419096458e-05,0.000160379211323,0.251880548909,0.491954196863,0.251880548794
79,0.119917895687,0.157355121832,0.109987297066,0.0486371110658,0.00530471808516,0.262305585189,0.177409699474,0.0399674942779,0.00090122028372,0.000773407877962,0.0558562334132,0.0215842157483,1,0.4,50,11,10,3,20,1.5038145631e-05,3.24823945629e-06,1.5038145631e-05,5.29524539088e-05,0.000250768070023,4.186467802e-05,1.5038145631e-05,3.24823945629e-06,1.5038145631e-05,0.25286014636,0.493867473133,0.252860146244
80,0.0387210484517,0.00525264453616,0.195550816055,0.052683295854,0.103551057708,0.0540697242798,0.104996279279,0.0901592760396,0.106617997683,0.0611683396419,0.159273267706,0.0279562527657,1,0.4,50,11,10,3,20,0.000134772150001,2.91107844002e-05,0.000134772150001,0.000902173836689,0.000752450321706,0.0015396252228,0.000134772150001,2.91107844002e-05,0.000134772150001,0.252005297275,0.492197846015,0.25200529716
81,0.101297406501,0.0314368072921,0.151635832723,0.101682626907,0.0323234262082,0.167173611961,0.00991817315752,0.0340749910367,0.0694447773272,0.0335837515963,0.154827206221,0.112601389069,1,0.4,50,11,10,3,20,0.000166240298506,3.59079044774e-05,0.000166240298506,0.00416191872161,0.00293497559431,0.000809259594446,0.000166240298506,3.59079044774e-05,0.000166240298506,0.250778072898,0.489800923405,0.250778072783
82,0.0382841480223,0.0215440806051,0.0230546733182,0.0439632258774,0.176937951849,0.000525334101462,0.188385668634,0.0045441205817,0.0706998895358,0.0933046017605,0.215741694271,0.123014611443,1,0.4,50,11,10,3,20,9.12013744385e-05,1.96994968787e-05,9.12013744385e-05,0.000747827770261,0.00053029533343,0.000181276232335,9.12013744385e-05,1.96994968787e-05,9.12013744385e-05,0.25249300149,0.493150393309,0.252493001374
83,0.018979915631,0.00346837455777,0.133186035834,0.193554839633,0.0021643726534,0.0789197209892,0.044954833075,0.157609698992,0.150259971737,0.111224665789,0.0166041901877,0.0890733809209,1,0.4,50,11,10,3,20,1.52187825954e-06,3.28725704061e-07,1.52187825954e-06,3.74216054346e-05,3.37429407191e-05,3.34161474958e-06,1.52187825954e-06,3.28725704061e-07,1.52187825954e-06,0.25294387332,0.494031002351,0.252943873204
84,0.154949605548,0.0792912809266,0.198774747913,0.0318185075958,0.143487560171,0.0189876754804,0.0331748837696,0.134232084156,0.0251560132681,0.0291065809553,0.0512923470345,0.099728713182,1,0.4,50,11,10,3,20,0.000166678314552,3.60025159431e-05,0.000166678314552,0.0005416169856,0.00194619257212,0.000397282501019,0.000166678314552,3.60025159431e-05,0.000166678314552,0.252047731856,0.492280726055,0.25204773174
85,0.169221245545,0.076717525099,0.223220403603,0.0241406801698,0.068202958885,0.0911705257423,0.0837768315764,0.0113860547867,0.0166809682788,0.163171373287,0.0136387221669,0.0586727108604,1,0.4,50,11,10,3,20,4.00241272411e-06,8.64521148407e-07,4.00241272411e-06,2.40067775688e-05,1.98830031567e-05,7.25058684081e-06,4.00241272411e-06,8.64521148407e-07,4.00241272411e-06,0.252947003012,0.494037115031,0.252947002896
86,0.0234432125555,0.214082979673,0.101627209195,0.100879182652,0.0152257085806,0.115159808466,0.126837689006,0.0999811756553,0.141745445963,0.0493785453652,0.00476481510222,0.00687422778543,1,0.4,50,11,10,3,20,0.00305353775413,0.000659564154893,0.00305353775413,0.112302660414,0.0138086583611,0.0216071582454,0.00305353775413,0.000659564154893,0.00305353775413,0.212173468823,0.414401306105,0.212173468726
87,0.214600332273,0.112437139305,0.0167271751338,0.00367844863496,0.0378896561671,0.118294164169,0.171757511831,0.0540494034368,0.0475900946502,0.0882700998314,0.126526762583,0.00817921198422,1,0.4,50,11,10,3,20,0.00040469178993,8.74134266249e-05,0.00040469178993,0.0154931221572,0.00359678929149,0.00393491908803,0.00040469178993,8.74134266249e-05,0.00040469178993,0.24668624842,0.481809078724,0.246686248307
88,0.110585174149,0.232266533574,0.0269777780284,0.00290274853039,0.250631450485,0.0326722078047,0.00354455177382,0.0026279914699,0.0602856170834,0.0450609923985,0.0870246824912,0.145420272212,1,0.4,50,11,10,3,20,6.97866138644e-07,1.50739085947e-07,6.97866138644e-07,1.10332368654e-05,3.08413860757e-06,2.75145866842e-06,6.97866138644e-07,1.50739085947e-07,6.97866138644e-07,0.252959377345,0.49406128365,0.252959377229
89,0.208586825281,0.0372132895749,0.00245835148901,0.00178287755341,0.0606384915126,0.106515065932,0.0408887454311,0.0244759943682,0.171421900317,0.0339880460286,0.220699085804,0.0913313267081,1,0.4,50,11,10,3,20,0.000189488954326,4.09296141345e-05,0.000189488954326,0.00360143145918,0.00135529900285,0.000635381458941,0.000189488954326,4.09296141345e-05,0.000189488954326,0.251337378245,0.490893316659,0.25133737813
90,0.102626901323,0.0785726233492,0.00056045167551,0.00427440327196,0.00800762697247,0.0715244929807,0.182972689546,0.00491481092725,0.378871208225,0.0970189465881,0.0372006875505,0.0334551575894,1,0.4,50,11,10,3,20,0.000485774412446,0.000104927273088,0.000485774412446,0.026852713605,0.00572475547555,0.00686358575339,0.000485774412446,0.000104927273088,0.000485774412446,0.242442622811,0.47352074746,0.2424426227
91,0.087359938942,0.227567729401,0.0773009790993,0.0177428630227,0.110564042345,0.0697751522869,0.0514595239579,0.10391571362,0.108470321926,0.0184262290203,0.0283312512941,0.099086255084,1,0.4,50,11,10,3,20,1.93684547154e-06,4.18358621853e-07,1.93684547154e-06,2.44229801797e-05,1.21087968474e-05,5.39937633491e-06,1.93684547154e-06,4.18358621853e-07,1.93684547154e-06,0.252951648402,0.494046188059,0.252951648286
92,0.0595734808783,0.187295060347,0.120179921323,0.0102276181678,0.113660044763,0.00642048746034,0.104321594929,0.0457219219235,0.0310235842236,0.138881138713,0.116793162227,0.0659019850433,1,0.4,50,11,10,3,20,0.000211333103352,4.5647950324e-05,0.000211333103352,0.00410832562047,0.000943664389528,0.000757284828973,0.000211333103352,4.5647950324e-05,0.000211333103352,0.251257953439,0.490738190085,0.251257953323
93,0.0632723658319,0.0200553404182,0.0514154618786,0.0522551264838,0.21734617944,0.0596872800388,0.116207173106,0.00999981830464,0.226051698275,0.0361300541456,0.000951226372904,0.146628275705,1,0.4,50,11,10,3,20,2.46884701942e-06,5.33270956195e-07,2.46884701942e-06,1.7074713904e-05,5.60708003356e-06,2.16809660941e-05,2.46884701942e-06,5.33270956195e-07,2.46884701942e-06,0.252950436845,0.494043821736,0.252950436729
94,0.080896592599,0.0278706285622,0.220420757441,0.012103271063,0.0695283165742,0.0315685668908,0.00746115789923,0.245551679316,0.00246420007278,0.150224660462,0.103486918959,0.0484232501611,1,0.4,50,11,10,3,20,0.000215744492135,4.66008103011e-05,0.000215744492135,0.00474876231236,0.00247942816121,0.00042764705799,0.000215744492135,4.66008103011e-05,0.000215744492135,0.250785892988,0.489816197018,0.250785892873
