run_ID,t1_initial,t2_initial,t3_initial,t4_initial,t5_initial,t6_initial,t7_initial,t8_initial,t9_initial,t10_initial,t11_initial,t12_initial,alpha,prior_cost_c,lambda,k,sample_amount,learning_parameter,generations,t1_final,t2_final,t3_final,t4_final,t5_final,t6_final,t7_final,t8_final,t9_final,t10_final,t11_final,t12_final
0,0.0189608464309,0.00400924591457,0.184561920199,0.0201602771417,0.0313420621129,0.077125567974,0.0931139380305,0.0321085575791,0.0185850733089,0.047480328581,0.290067245592,0.182484937136,1,0.4,48,15,10,3,20,2.64847558069e-05,5.72070725428e-06,2.64847558069e-05,0.000648519326277,0.00062361619936,0.000243016924326,2.64847558069e-05,5.72070725428e-06,2.64847558069e-05,0.252551454452,0.493264558638,0.252551454023
1,0.167337353233,0.184670617127,0.143546236489,0.0196356190398,0.0503231480724,0.0582074826755,0.0517019829987,0.0118416297941,0.2668095812,0.0108284919774,0.00566775348881,0.0294301039052,1,0.4,48,15,10,3,20,0.00478031660384,0.00103254838643,0.00478031660384,0.0731146836473,0.0404324459019,0.0229095030827,0.00478031660384,0.00103254838643,0.00478031660384,0.213086357059,0.416184290424,0.213086356697
2,0.0209528533044,0.117681326757,0.0829519265838,0.195152882666,0.0663176062047,0.103504907222,0.0844103906202,0.0149453944719,0.0841725656707,0.0172017213982,0.134662188637,0.0780462364643,1,0.4,48,15,10,3,20,0.00048424093146,0.000104596041195,0.00048424093146,0.0224931748244,0.00434732914889,0.00217699851344,0.00048424093146,0.000104596041195,0.00048424093146,0.245081130229,0.478674081664,0.245081129812
3,0.0436891275126,0.161521079108,0.152374749105,0.163941935599,0.00844338624202,0.163979535941,0.0361194322737,0.0103443957499,0.0630675045138,0.0201269952216,0.174920131673,0.00147172705978,1,0.4,48,15,10,3,20,0.000512174981297,0.00011062979596,0.000512174981297,0.0437066753191,0.00609634381356,0.00384725739209,0.000512174981297,0.00011062979596,0.000512174981297,0.238818596719,0.466442570925,0.238818596314
4,0.00865597947581,0.0727147045283,0.0095747594688,0.0271535635382,0.0296226089719,0.0648267538807,0.0234393038246,0.00760523521451,0.304846368691,0.168440843218,0.176416990615,0.106702888573,1,0.4,48,15,10,3,20,6.83677487791e-05,1.47674337363e-05,6.83677487791e-05,0.00364102979277,0.00106901914898,0.000373756447297,6.83677487791e-05,1.47674337363e-05,6.83677487791e-05,0.251601755576,0.491409678024,0.251601755148
5,0.00745150569853,0.0152317377724,0.0326503058124,0.00920580464728,0.00241672313324,0.100985887772,0.0358724964159,0.304845116398,0.028251764616,0.234518426142,0.00890176543693,0.219668466156,1,0.4,48,15,10,3,20,9.07299060959e-05,1.95976597167e-05,9.07299060959e-05,0.00662047500334,0.00130733184879,0.000212632379158,9.07299060959e-05,1.95976597167e-05,9.07299060959e-05,0.250803464875,0.489850516501,0.250803464449
6,0.0900108476201,0.106681772978,0.00975296301419,0.0949816038486,0.0525657141283,0.135640832281,0.0706258064239,0.0554102152014,0.131014438264,0.0475149426175,0.151955977325,0.0538448862985,1,0.4,48,15,10,3,20,0.00016868203183,3.64353188754e-05,0.00016868203183,0.00365480403664,0.00106824427509,0.00354474787233,0.00016868203183,3.64353188754e-05,0.00016868203183,0.250683852979,0.489616899518,0.250683852553
7,0.0248851507509,0.0631964981534,0.0291048159877,0.0163497541701,0.267372077095,0.0113534896752,0.0641246227159,0.0332607803889,0.0547323021601,0.165404463015,0.0668051892278,0.20341085666,1,0.4,48,15,10,3,20,2.18801375161e-07,4.72610970347e-08,2.18801375161e-07,2.34435714635e-06,8.0406776762e-06,4.94722054673e-07,2.18801375161e-07,4.72610970347e-08,2.18801375161e-07,0.2529614297,0.494065291544,0.252961429271
8,0.0803742514345,0.107015725432,0.31392377938,0.021527285326,0.0423294964645,0.025726577699,0.0774096454522,0.134930746273,0.0603816405357,0.0320095301753,0.0978360268639,0.0065352949637,1,0.4,48,15,10,3,20,0.000852134142122,0.000184060974698,0.000852134142122,0.0520452590488,0.00478386304672,0.00855923782671,0.000852134142122,0.000184060974698,0.000852134142122,0.235468137927,0.459898706107,0.235468137527
9,0.0645043523901,0.0805754865814,0.0916865433079,0.227325350301,0.121796451703,0.015128993664,0.0275573150504,0.0228683450945,0.209371262519,0.0283949816264,0.110185092872,0.000605824889417,1,0.4,48,15,10,3,20,0.000621655991442,0.000134277694151,0.000621655991442,0.0680330716539,0.00885371308277,0.00536095108755,0.000621655991442,0.000134277694151,0.000621655991442,0.23146171345,0.452073658314,0.231461713057
10,0.22190573182,0.0833831592716,0.0361381291973,0.0399521109953,0.133306219781,0.00156974495914,0.097729775144,0.019108630446,0.0011305981383,0.0832749461709,0.123450712498,0.159050241578,1,0.4,48,15,10,3,20,5.02748892676e-08,1.08593760818e-08,5.02748892676e-08,5.6686481118e-07,2.01309221097e-07,1.44915458792e-07,5.02748892676e-08,1.08593760818e-08,5.02748892676e-08,0.252964139854,0.494070584813,0.252964139424
11,0.0231802244021,0.0249125530451,0.0258629156217,0.069475092649,0.0252370313634,0.197547330519,0.0509541551148,0.0587578693748,0.220400798494,0.0161341458929,0.110108531486,0.177429352038,1,0.4,48,15,10,3,20,0.000243373072293,5.25685836153e-05,0.000243373072293,0.0263591966257,0.00264115314814,0.00124690454931,0.000243373072293,5.25685836153e-05,0.000243373072293,0.245040092952,0.478593930733,0.245040092535
12,0.137948605945,0.0593607853949,0.0836159412234,0.187645874374,0.0386952594902,0.0608991039705,0.15291627415,0.0388096083132,0.170410388029,0.0399317544059,0.0119610066057,0.0178053980984,1,0.4,48,15,10,3,20,0.00251302458638,0.000542813310659,0.00251302458638,0.055738629246,0.0193305520768,0.00968275242909,0.00251302458638,0.000542813310659,0.00251302458638,0.228707754606,0.446694832457,0.228707754218
13,0.0405257350667,0.0326090506509,0.121337890033,0.00775529069493,0.155589368761,0.000356298173864,0.00592403930607,0.390050818901,0.136333581992,0.0143706693052,0.0465578318361,0.0485894252789,1,0.4,48,15,10,3,20,0.00071698773134,0.000154869349969,0.00071698773134,0.0166838497377,0.015672364555,0.00536564483387,0.00071698773134,0.000154869349969,0.00071698773134,0.242618296276,0.473863859109,0.242618295864
14,0.0446560426475,0.0152446279186,0.135982035425,0.154232945564,0.137895230962,0.117604330165,0.023075387525,0.121589963306,0.12546873743,0.0055576046273,0.0443133191684,0.0743797752624,1,0.4,48,15,10,3,20,0.000553844864427,0.000119630490716,0.000553844864427,0.00558194396085,0.0075064570409,0.00369900717245,0.000553844864427,0.000119630490716,0.000553844864427,0.248096873393,0.484564205022,0.248096872971
15,0.119712326388,0.0319660264602,0.0719413057616,0.22655940778,0.0690392577886,0.0549915646879,0.0593183067523,0.127915182743,0.0946897794092,0.00913332729223,0.0743749206418,0.0603585942959,1,0.4,48,15,10,3,20,0.000649651315551,0.000140324684159,0.000649651315551,0.0643547679264,0.00807950234853,0.00515338497888,0.000649651315551,0.000140324684159,0.000649651315551,0.232609161431,0.454314767648,0.232609161036
16,0.174623478078,0.0700038879771,0.0894813048436,0.111908470607,0.0701961673786,0.0177186014313,0.0925914479381,0.0777184910912,0.00889185146595,0.0335671119281,0.163064975239,0.0902342120226,1,0.4,48,15,10,3,20,3.610121739e-05,7.79786295623e-06,3.610121739e-05,0.00419449087111,0.000475922148393,0.000870084605433,3.610121739e-05,7.79786295623e-06,3.610121739e-05,0.251522403931,0.491254694344,0.251522403504
17,0.0903640593134,0.0796016589749,0.17025360313,0.0747806386735,0.0963065975522,0.0107525248378,0.0254474044918,0.0733147075582,0.128679915783,0.0581686092654,0.0950187549632,0.0973115254562,1,0.4,48,15,10,3,20,0.000254632929533,5.50007127792e-05,0.000254632929533,0.0138296839661,0.00526906420863,0.00113109246676,0.000254632929533,5.50007127792e-05,0.000254632929533,0.247561518408,0.483518589819,0.247561517987
18,0.109298750554,0.131318436545,0.158256548321,0.0754246426986,0.124105285186,0.00806883167794,0.0475746155546,0.0937541841026,0.0168838624026,0.0202627964607,0.138499493504,0.0765525529929,1,0.4,48,15,10,3,20,0.00019666984628,4.24806867964e-05,0.00019666984628,0.0180636725606,0.00622374900399,0.00150186535753,0.00019666984628,4.24806867964e-05,0.00019666984628,0.246220160899,0.480898750939,0.246220160481
19,0.0497416497392,0.199417903433,0.0121476259356,0.116547641633,0.00499311745284,0.107926414795,0.168860675544,0.017949753462,0.0645910870147,0.160387075937,0.066822374256,0.0306146807971,1,0.4,48,15,10,3,20,0.000241224185528,5.2104424074e-05,0.000241224185528,0.00580826148816,0.000622721361975,0.00274607710048,0.000241224185528,5.2104424074e-05,0.000241224185528,0.250372511801,0.489008811282,0.250372511376
20,0.0292199867036,0.0614050457059,0.154031638261,0.0785735539125,0.0799948039568,0.0122842633782,0.0266554732143,0.00325469530626,0.314228488637,0.0603127963589,0.00665149741641,0.17338775715,1,0.4,48,15,10,3,20,0.000243814463368,5.26639240876e-05,0.000243814463368,0.0197302247178,0.00301455717814,0.00411777020071,0.000243814463368,5.26639240876e-05,0.000243814463368,0.245895807351,0.480265247917,0.245895806933
21,0.0542434312844,0.106636833354,0.00150001149433,0.0398724366679,0.0502339237181,0.0742404782885,0.198509367972,0.114091550797,0.0562350717903,0.0433735158868,0.102914420173,0.158148958574,1,0.4,48,15,10,3,20,8.22965540732e-07,1.77760556798e-07,8.22965540732e-07,5.32194202446e-06,4.95483547868e-06,2.55657760234e-06,8.22965540732e-07,1.77760556798e-07,8.22965540732e-07,0.252960258158,0.494063003375,0.252960257728
22,0.0362530992511,0.121583260153,0.27702622712,0.000157486444135,0.0523110835673,0.038002404754,0.0842411770708,0.174633477622,0.0260067154394,0.0340025828968,0.00127692137347,0.154505564308,1,0.4,48,15,10,3,20,0.000390460304679,8.43394258107e-05,0.000390460304679,0.00912567715822,0.00683094524482,0.00114529416071,0.000390460304679,8.43394258107e-05,0.000390460304679,0.248200490653,0.484766582482,0.248200490231
23,0.0209780298977,0.25875571142,0.0676296881347,0.0481410887664,0.226328017309,0.00961700007892,0.0123118617384,0.0203518717803,0.126402587268,0.103463433414,0.0521219129265,0.0538987972665,1,0.4,48,15,10,3,20,0.000290944213322,6.28439500776e-05,0.000290944213322,0.0176101838643,0.00263087363716,0.00353762601559,0.000290944213322,6.28439500776e-05,0.000290944213322,0.24662307743,0.481685697288,0.246623077011
24,0.0235235800834,0.0676483548526,0.174086214331,0.0600002405125,0.03819809661,0.126325199543,0.0156068018543,0.138779912073,0.0173834612391,0.167599449879,0.11808452934,0.052764159682,1,0.4,48,15,10,3,20,0.000174894996609,3.77773192675e-05,0.000174894996609,0.00772071043871,0.00205894641371,0.000708778278078,0.000174894996609,3.77773192675e-05,0.000174894996609,0.250115144727,0.488506141215,0.250115144302
25,0.0888014406351,0.0997309632211,0.0179576062474,0.00729578621811,0.180735372592,0.172351651665,0.130202841321,0.0259250236646,0.0481960896734,0.0424766265999,0.0267979726761,0.159528625486,1,0.4,48,15,10,3,20,0.000303890155623,6.56402736147e-05,0.000303890155623,0.0104186324727,0.00269440601063,0.00426486133166,0.000303890155623,6.56402736147e-05,0.000303890155623,0.248227733821,0.484819791795,0.248227733399
26,0.18102481472,0.110842603028,0.0108545870053,0.065812759022,0.0128173666717,0.0434079601397,0.19889906677,0.154702231806,0.0912278023611,0.0921827569354,0.0172465114437,0.020981540097,1,0.4,48,15,10,3,20,0.000848620808028,0.000183302094534,0.000848620808028,0.0448919496126,0.00707536194211,0.00980504387102,0.000848620808028,0.000183302094534,0.000848620808028,0.236386797366,0.461692962822,0.236386796965
27,0.017306422672,0.0212216962969,0.0886459370617,0.0576402010555,0.0696525289146,0.0277605218588,0.0455339451157,0.0341804246908,0.0558356882157,0.313974413814,0.062406257277,0.205841963028,1,0.4,48,15,10,3,20,5.11356815607e-05,1.10453072171e-05,5.11356815607e-05,0.00120978815883,0.000501832263028,0.000143582249009,5.11356815607e-05,1.10453072171e-05,5.11356815607e-05,0.252437796744,0.493042570929,0.252437796315
28,0.0375875684076,0.0282731920882,0.0885664162706,0.0981858188328,0.096811663623,0.0319017026696,0.0448245888478,0.0414260848997,0.0836191572779,0.278329675725,0.0401806173284,0.13029351403,1,0.4,48,15,10,3,20,5.53076947164e-05,1.19464620587e-05,5.53076947164e-05,0.00193988657489,0.000830458865164,0.000873593962441,5.53076947164e-05,1.19464620587e-05,5.53076947164e-05,0.251980632578,0.492149672167,0.25198063215
29,0.11937884958,0.0403285922542,0.0524686835418,0.247149978057,0.0173155259058,0.0083651577943,0.165631367885,0.00701424423575,0.0293096619516,0.0479814504462,0.237771954142,0.0272845342061,1,0.4,48,15,10,3,20,1.39793888949e-06,3.0195480013e-07,1.39793888949e-06,5.45523623836e-06,6.42343811099e-06,3.84775224432e-05,1.39793888949e-06,3.0195480013e-07,1.39793888949e-06,0.252950121589,0.494043205389,0.252950121159
30,0.177167649085,0.0324832260044,0.0361237306536,0.0363081840489,0.0493029529099,0.0981991095393,0.0881518693766,0.00188970644362,0.0141406249954,0.145581087401,0.179286247375,0.141365612167,1,0.4,48,15,10,3,20,5.55791601553e-05,1.20050985935e-05,5.55791601553e-05,0.00892805109696,0.00116319836119,0.000394909369856,5.55791601553e-05,1.20050985935e-05,5.55791601553e-05,0.25024949011,0.48876853454,0.250249489685
31,0.0520494308648,0.0489575639377,0.00509055525388,0.192682563562,0.0439944924295,0.113174936809,0.165359914104,0.138622373484,0.160661667511,0.0192461225268,0.00354950261298,0.0566108769037,1,0.4,48,15,10,3,20,3.86941461565e-07,8.3579355698e-08,3.86941461565e-07,2.30637022365e-06,9.76548834125e-07,3.51453896808e-06,3.86941461565e-07,8.3579355698e-08,3.86941461565e-07,0.252962273869,0.49406694031,0.252962273439
32,0.0739565102182,0.0687938869226,0.0652956153081,0.101460961816,0.0055055438012,0.0422852622743,0.178027905977,0.167579574918,0.022011860501,0.186631724788,0.0800404904215,0.00841066305421,1,0.4,48,15,10,3,20,6.72616738894e-05,1.45285215601e-05,6.72616738894e-05,0.000756954566745,0.00223055402934,0.000357303300594,6.72616738894e-05,1.45285215601e-05,6.72616738894e-05,0.252042899131,0.49227128653,0.252042898703
33,0.0551586000811,0.0327244904265,0.028780842449,0.0463001073674,0.0263772437555,0.20901673846,0.033071426818,0.00694489010613,0.0582362823517,0.114120880453,0.325584280366,0.063684217366,1,0.4,48,15,10,3,20,7.41874845438e-05,1.60244966615e-05,7.41874845438e-05,0.00963911944324,0.00108037575833,0.000714746720458,7.41874845438e-05,1.60244966615e-05,7.41874845438e-05,0.249988796307,0.488259366957,0.249988795882
34,0.0437245597801,0.0741134455736,0.219090745469,0.142116257502,0.0198378898274,0.0849868688323,0.00877510551291,0.0510044158609,0.050750645963,0.10232923152,0.0398212786872,0.163449555471,1,0.4,48,15,10,3,20,0.000197351295068,4.26278797348e-05,0.000197351295068,0.019287303564,0.00310861656601,0.000415490047006,0.000197351295068,4.26278797348e-05,0.000197351295068,0.246972693786,0.482368541731,0.246972693366
35,0.121378570112,0.000675130394087,0.0152074062029,0.237782530356,0.3170160356,0.0521781805027,0.0811251770568,0.0663800953433,0.00830440153561,0.0245369667837,0.0370786145581,0.0383368915553,1,0.4,48,15,10,3,20,0.000737586592135,0.000159318703901,0.000737586592135,0.0922991516358,0.00589611411579,0.0192896492734,0.000737586592135,0.000159318703901,0.000737586592135,0.222417986356,0.434410128864,0.222417985978
36,0.0112475027489,0.0207394517411,0.170468652242,0.419829467698,0.025666735154,0.08402221817,0.0117409471751,0.00408648564791,0.0291823118338,0.0217951504842,0.0794006285641,0.121820448541,1,0.4,48,15,10,3,20,0.000393951252929,8.50934706328e-05,0.000393951252929,0.00942425466459,0.00258776940465,0.0048011007359,0.000393951252929,8.50934706328e-05,0.000393951252929,0.248269630858,0.484901621947,0.248269630437
37,0.0289991772203,0.0813173456016,0.0749548396232,0.025067520693,0.113576920752,0.0243375392886,0.0255761062386,0.0194477333817,0.0448430423539,0.131577520468,0.287114434792,0.143187819588,1,0.4,48,15,10,3,20,6.20834691879e-05,1.34100293446e-05,6.20834691879e-05,0.00196593541396,0.000499251034087,0.000552142531932,6.20834691879e-05,1.34100293446e-05,6.20834691879e-05,0.252131546144,0.492444425225,0.252131545715
38,0.118737804884,0.098080085251,0.13106641812,0.0258540302353,0.0166387997253,0.106075951962,0.0646217062886,0.00921900129584,0.0847490561652,0.133643170541,0.112234675965,0.0990792995672,1,0.4,48,15,10,3,20,1.1222758456e-07,2.42411582649e-08,1.1222758456e-07,5.6690826245e-06,4.33879665288e-06,3.31433913554e-07,1.1222758456e-07,2.42411582649e-08,1.1222758456e-07,0.252961685897,0.494065791929,0.252961685468
39,0.0228291131983,0.0704593788418,0.0784054827305,0.0728652112498,0.10630170914,0.116105337573,0.0873009024355,0.116136955873,0.00516421968753,0.122325615664,0.0608629315148,0.141243142092,1,0.4,48,15,10,3,20,0.000200556399732,4.33201823421e-05,0.000200556399732,0.00505668605367,0.00219594554029,0.00103506713567,0.000200556399732,4.33201823421e-05,0.000200556399732,0.250643082767,0.489537270198,0.250643082341
40,0.0299816474172,0.051812378889,0.0161573988015,0.0811757749787,0.367089144544,0.0089802164429,0.0960917882471,0.0508959718674,0.139789330771,0.0389041990133,0.0143600738522,0.104762075175,1,0.4,48,15,10,3,20,0.000335042668185,7.2369216328e-05,0.000335042668185,0.00143001199253,0.00337664837579,0.000806118202947,0.000335042668185,7.2369216328e-05,0.000335042668185,0.251168964701,0.490564383348,0.251168964274
41,0.0634062515337,0.0620061926983,0.0687737593587,0.0648928735763,0.0520412425147,0.00593343009429,0.0879641987958,0.00110481430986,0.00318729523287,0.0494770014342,0.266001400601,0.27521153985,1,0.4,48,15,10,3,20,3.82131957208e-05,8.2540502757e-06,3.82131957208e-05,0.000617208518427,0.000290035307557,0.000235182465638,3.82131957208e-05,8.2540502757e-06,3.82131957208e-05,0.252632591707,0.49342302984,0.252632591278
42,0.153614748128,0.0919767615062,0.143496845228,0.0259654154634,0.0398337214221,0.0563348255264,0.0515798406433,0.0972038814301,0.0128824685602,0.0790041706202,0.143698022495,0.104409298977,1,0.4,48,15,10,3,20,7.97370742361e-05,1.7223208035e-05,7.97370742361e-05,0.00592451792559,0.00203838541527,0.00105703135609,7.97370742361e-05,1.7223208035e-05,7.97370742361e-05,0.250593308293,0.489440054429,0.250593307868
43,0.0165990958269,0.00529009005749,0.0496145467401,0.0543261647254,0.127408409657,0.102982537719,0.00298734491186,0.167491332227,0.000627517213128,0.25594402389,0.107056727837,0.109672209195,1,0.4,48,15,10,3,20,4.79723743259e-05,1.03620328544e-05,4.79723743259e-05,0.000553042516511,0.000294847356343,0.000468892321181,4.79723743259e-05,1.03620328544e-05,4.79723743259e-05,0.252577544477,0.493315515718,0.252577544048
44,0.124734955329,0.0630658977329,0.195295562162,0.00389642667701,0.0243167719596,0.302552775066,0.0999715523182,0.0652635405796,0.00408255069632,0.0123705115868,0.0542917661939,0.0501576896982,1,0.4,48,15,10,3,20,0.000944046802307,0.000203914109298,0.000944046802307,0.0384792735773,0.0145978305299,0.00592304282768,0.000944046802307,0.000203914109298,0.000944046802307,0.236981081758,0.462853674523,0.236981081356
45,0.0322877233078,0.0994342909486,0.220005726553,0.0120586222415,0.0606400010951,0.068788744451,0.114980358108,0.0611994540967,0.069600290075,0.0478547562136,0.0711687127801,0.141981320129,1,0.4,48,15,10,3,20,0.000205812189677,4.44554329701e-05,0.000205812189677,0.0218422460702,0.00432342994132,0.00211024139203,0.000205812189677,4.44554329701e-05,0.000205812189677,0.245580882012,0.479650159365,0.245580881595
46,0.0082714477365,0.182974272228,0.140526209672,0.0272222283651,0.224069890224,0.000851628388139,0.073289272009,0.00437448147349,0.00842321211573,0.0890896640671,0.0285820422898,0.212325651431,1,0.4,48,15,10,3,20,0.000246657328195,5.32779828901e-05,0.000246657328195,0.0185863584347,0.00175781779198,0.00209836037849,0.000246657328195,5.32779828901e-05,0.000246657328195,0.247010726793,0.482442824949,0.247010726374
47,0.0435506205106,0.00249981486242,0.0196418656574,0.0676012042019,0.163582086951,0.0323950173065,0.019804797363,0.246484686109,0.0447202015651,0.0618986016728,0.200481630071,0.0973394737287,1,0.4,48,15,10,3,20,0.000209333922651,4.52161272927e-05,0.000209333922651,0.0228354302585,0.00055189292847,0.0022925955099,0.000209333922651,4.52161272927e-05,0.000209333922651,0.246233628988,0.4809250558,0.24623362857
48,0.0479489909843,0.164194189662,0.0127053124973,0.0434212482645,0.101329355368,0.116296393544,0.0191937369093,0.00851273678495,0.0672549071744,0.0527728575654,0.339733897306,0.0266363739405,1,0.4,48,15,10,3,20,0.000136731049481,2.95339066879e-05,0.000136731049481,0.00324728061188,0.000764914951143,0.000686114394773,0.000136731049481,2.95339066879e-05,0.000136731049481,0.251622627489,0.49145044348,0.251622627062
49,0.0954397341326,0.0344887114287,0.08550649889,0.0461380710919,0.00731782063335,0.144903512015,0.118737825173,0.00298173289947,0.21660087645,0.0456333845688,0.0427983028628,0.159453529854,1,0.4,48,15,10,3,20,0.00018681640286,4.03523430177e-05,0.00018681640286,0.0136972458965,0.00712357157266,0.00063435253006,0.00018681640286,4.03523430177e-05,0.00018681640286,0.247327585377,0.483061689369,0.247327584957
50,0.0434060924712,0.10104649356,0.0820885664834,0.167328902677,0.0334494187076,0.128053481008,0.0447467732411,0.138875551947,0.223965473885,0.0118660044068,0.0144565251627,0.0107167164511,1,0.4,48,15,10,3,20,0.0059743891378,0.00129046805376,0.0059743891378,0.0978997391463,0.0421881295132,0.018342750253,0.0059743891378,0.00129046805376,0.0059743891378,0.206188999706,0.402712889367,0.206188999356
51,0.0273120128488,0.0354301903493,0.0546316429031,0.091681274101,0.0779820221967,0.00608404042821,0.127449047155,0.198769050242,0.148909485432,0.0287860130076,0.15388969362,0.049075527717,1,0.4,48,15,10,3,20,0.000163137697827,3.52377427306e-05,0.000163137697827,0.026093891159,0.00381061822805,0.00289185511736,0.000163137697827,3.52377427306e-05,0.000163137697827,0.244485213709,0.477510182215,0.244485213294
52,0.17784771358,0.119236733689,0.0171297971182,0.0686312673284,0.0406077075318,0.180209174484,0.0714130513662,0.0286212084191,0.023714475204,0.0490946457932,0.105794560101,0.117699665385,1,0.4,48,15,10,3,20,0.000324748576957,7.01456926227e-05,0.000324748576957,0.00926407432619,0.0030773234445,0.00110024717773,0.000324748576957,7.01456926227e-05,0.000324748576957,0.249200081103,0.486718907577,0.249200080679
53,0.215413281582,0.0830704746015,0.113437057468,0.0228117999763,0.0106981876067,0.0389365632864,0.0469554171071,0.0686317045684,0.0872119869109,0.0594215054504,0.0739079949432,0.179504026499,1,0.4,48,15,10,3,20,0.000113098831242,2.44293475483e-05,0.000113098831242,0.00300419605549,0.00281674695187,0.000440718782558,0.000113098831242,2.44293475483e-05,0.000113098831242,0.251253650074,0.490729784468,0.251253649648
54,0.00337635136262,0.0550908204386,0.00739974502977,0.00979155809922,0.0385770751713,0.173107860555,0.0632372080162,0.141485167711,0.328278081564,0.0433611830624,0.0313109349459,0.104984014044,1,0.4,48,15,10,3,20,0.000410189193359,8.86008657655e-05,0.000410189193359,0.041540768628,0.0077679596972,0.00406826530674,0.000410189193359,8.86008657655e-05,0.000410189193359,0.239002067747,0.466800912775,0.239002067341
55,0.0174000961926,0.0228406815392,0.0381544393909,0.304790245375,0.150507311449,0.139326856163,0.0385466485703,0.119187109642,0.0437924758599,0.0295350569524,0.0180858227289,0.0778332561376,1,0.4,48,15,10,3,20,0.00101260231337,0.000218722099688,0.00101260231337,0.0404494789903,0.0113800751002,0.00659933637264,0.00101260231337,0.000218722099688,0.00101260231337,0.237048729113,0.462985798262,0.23704872871
56,0.02289614375,0.163770894249,0.0416371394551,0.137920368735,0.0015158841549,0.0486264391794,0.0584366401715,0.063808030628,0.102361706058,0.118713632851,0.0571362070085,0.183176913759,1,0.4,48,15,10,3,20,3.05904846507e-07,6.60754468456e-08,3.05904846507e-07,1.33725345775e-06,1.95912620444e-06,1.291665749e-06,3.05904846507e-07,6.60754468456e-08,3.05904846507e-07,0.252962923625,0.494068209365,0.252962923195
57,0.0425325299455,0.0877698273795,0.241970274236,0.00135760760464,0.00583442612186,0.0389380102374,0.0769779461408,0.148610726528,0.139449375166,0.0896868499319,0.108420100401,0.0184523263077,1,0.4,48,15,10,3,20,0.000133744279259,2.888876432e-05,0.000133744279259,0.000398328697389,0.000418942801151,0.0021067488788,0.000133744279259,2.888876432e-05,0.000133744279259,0.252074808219,0.492333608967,0.252074807791
58,0.0151498459584,0.0287645311312,0.0183220785064,0.057842035708,0.0756673632204,0.0642560910037,0.222920701041,0.0420917212031,0.146519222607,0.234875924882,0.0598365572868,0.033753927452,1,0.4,48,15,10,3,20,0.000199111971806,4.30081859101e-05,0.000199111971806,0.0104191211664,0.0021735228376,0.00172488108526,0.000199111971806,4.30081859101e-05,0.000199111971806,0.2491193706,0.486561269876,0.249119370176
59,0.145989859159,0.0174965486186,0.0346984012294,0.350472364697,0.0157855518619,0.171647048177,0.0668614572359,0.126900344781,0.0119467965211,0.00951104491866,0.00263749558283,0.0460530872172,1,0.4,48,15,10,3,20,0.00191111180069,0.000412800148949,0.00191111180069,0.0216454862856,0.00671912353493,0.0321943325859,0.00191111180069,0.000412800148949,0.00191111180069,0.235502548307,0.45996591388,0.235502547906
60,0.0128499992734,0.0099792738583,0.299578913546,0.0528605187325,0.00507701626215,0.110532142392,0.0833795133441,0.122849963491,0.197644004459,0.00331166864721,0.0433906834938,0.0585463024999,1,0.4,48,15,10,3,20,0.000666268484848,0.000143913992727,0.000666268484848,0.0913817635854,0.0231097905776,0.0022191709325,0.000666268484848,0.000143913992727,0.000666268484848,0.222693786333,0.434948800692,0.222693785954
61,0.0258782986818,0.101606506744,0.0709679936901,0.2384643475,0.0567888791037,0.0127561484568,0.148007914851,0.127633431388,0.019372322077,0.0173036917294,0.0295937086025,0.151626757177,1,0.4,48,15,10,3,20,0.000285604059455,6.16904768422e-05,0.000285604059455,0.0240050484103,0.00566600979054,0.00533053332201,0.000285604059455,6.16904768422e-05,0.000285604059455,0.243790067986,0.476152475727,0.243790067572
62,0.0277361559314,0.196603123509,0.0418903623318,0.0280762114703,0.069756296264,0.0290935109266,0.0899357118976,0.0797740188168,0.176614822934,0.0953056026147,0.130282013474,0.0349321698291,1,0.4,48,15,10,3,20,0.000172152817253,3.71850085268e-05,0.000172152817253,0.00901268919799,0.00457987846114,0.000640162144974,0.000172152817253,3.71850085268e-05,0.000172152817253,0.249171045732,0.486662197869,0.249171045309
63,0.0558888610761,0.0132913886887,0.200510271673,0.0716905423853,0.102322066587,0.0237940642234,0.0229808165191,0.113027774311,0.14918512082,0.0182165645733,0.183330094103,0.0457624350408,1,0.4,48,15,10,3,20,0.000211206097782,4.56205171209e-05,0.000211206097782,0.0351548112765,0.00206995336698,0.00403597416935,0.000211206097782,4.56205171209e-05,0.000211206097782,0.242290136785,0.473222922604,0.242290136373
64,0.074812373115,0.163743333506,0.0860039091538,0.208249767954,0.0562249901318,0.0699745499364,0.009417511805,0.0115484749265,0.188998692701,0.0673698461663,0.0242715390962,0.0393850115089,1,0.4,48,15,10,3,20,0.00078233287983,0.000168983902043,0.00078233287983,0.0492957340679,0.00895220433091,0.00286458152177,0.00078233287983,0.000168983902043,0.00078233287983,0.236628030215,0.462164120728,0.236628029813
65,0.145212468984,0.184947230523,0.0280429087802,0.0482735928874,0.0190086424548,0.0338291559496,0.0406983319426,0.0863104324056,0.284202408883,0.0730566765926,0.00749224984142,0.0489259007565,1,0.4,48,15,10,3,20,0.00079504490263,0.000171729698968,0.00079504490263,0.0685548034907,0.00988172290688,0.00392039061046,0.00079504490263,0.000171729698968,0.00079504490263,0.231239701538,0.4516400413,0.231239701145
66,0.120230710272,0.0252774651439,0.105188024954,0.154352029366,0.0514670295206,0.126875590318,0.0365028498826,0.233097139288,0.0674456395681,0.0227253680844,0.037627779783,0.0192103738198,1,0.4,48,15,10,3,20,0.000987477731839,0.000213295190077,0.000987477731839,0.0136157774289,0.0258476276917,0.00252261558061,0.000987477731839,0.000213295190077,0.000987477731839,0.241236358375,0.471164761651,0.241236357965
67,0.0274408383681,0.0730626683931,0.0400108105562,0.0869932333424,0.0334017466698,0.226772916748,0.256941215741,0.0520381670175,0.0257758842308,0.0992519803742,0.0349438892573,0.043366649302,1,0.4,48,15,10,3,20,0.000622112157779,0.00013437622608,0.000622112157779,0.0444907766462,0.00747933299618,0.00349209411907,0.000622112157779,0.00013437622608,0.000622112157779,0.2382369888,0.46530661796,0.238236988395
68,0.308955180849,0.106094012577,0.227067125937,0.0488905219357,0.0953331330987,0.000390398659964,0.0407184900123,0.124880026683,0.023943919302,0.0162994931096,0.00559005520075,0.00183764263519,1,0.4,48,15,10,3,20,0.0064651954947,0.00139648222685,0.0064651954947,0.363256994766,0.0255858388746,0.0425077422442,0.0064651954947,0.00139648222685,0.0064651954947,0.136599697295,0.266796283325,0.136599697063
69,0.0284083249111,0.0715841004424,0.227612914362,0.0198574073348,0.0844389422773,0.0717860543537,0.073464728909,0.0957849372899,0.072525237422,0.0185222160508,0.0613952948212,0.174619841825,1,0.4,48,15,10,3,20,0.000251559090659,5.43367635824e-05,0.000251559090659,0.00399151130242,0.00149158205188,0.00202906876286,0.000251559090659,5.43367635824e-05,0.000251559090659,0.25078208487,0.489808758679,0.250782084444
70,0.192194114565,0.07627839338,0.238313643274,0.189652021512,0.0347903979858,0.0181715965231,0.0205545384094,0.0416759746018,0.0317467626673,0.0319258495234,0.0381274026144,0.0865693049431,1,0.4,48,15,10,3,20,0.000587838708772,0.000126973161095,0.000587838708772,0.0351190273152,0.0114766299785,0.00297055393896,0.000587838708772,0.000126973161095,0.000587838708772,0.239766890451,0.468294707116,0.239766890043
71,0.0076984574654,0.0380028977763,0.101322396185,0.0636405946482,0.0130606874705,0.0906434119864,0.223598377518,0.0398261389038,0.00402537294275,0.0969843666539,0.0259762528375,0.295221045612,1,0.4,48,15,10,3,20,5.91822715483e-05,1.27833706544e-05,5.91822715483e-05,0.00042205714292,0.000469812932024,0.000200378076044,5.91822715483e-05,1.27833706544e-05,5.91822715483e-05,0.252621775757,0.493401904937,0.252621775328
72,0.0866115326806,0.203557908202,0.0819413146383,0.0301831926696,0.12432815855,0.00818141423502,0.0303909855536,0.283031829196,0.00198654369293,0.0296881390162,0.109441132285,0.01065784928,1,0.4,48,15,10,3,20,0.000341767567826,7.38217946503e-05,0.000341767567826,0.0531844761452,0.00731348912213,0.00898983808556,0.000341767567826,7.38217946503e-05,0.000341767567826,0.235003316102,0.458990850982,0.235003315703
73,0.0536175194523,0.0490914383886,0.118134249873,0.05345197824,0.134842150393,0.0400970793222,0.0537663231045,0.208067666785,0.0586398217833,0.106148158352,0.0839059625401,0.0402376517657,1,0.4,48,15,10,3,20,0.000289937961977,6.26265997871e-05,0.000289937961977,0.00791371879998,0.00239434700849,0.00407834743491,0.000289937961977,6.26265997871e-05,0.000289937961977,0.249000115847,0.486328350438,0.249000115424
74,0.0164511755561,0.0620879728583,0.150233192379,0.0778983024266,0.0442791667317,0.282292146271,0.011147214382,0.0853391069488,0.0552773217785,0.0166701667323,0.051766187923,0.146558046012,1,0.4,48,15,10,3,20,0.00039906261386,8.61975245937e-05,0.00039906261386,0.0399798203467,0.00223938016282,0.000733453771507,0.00039906261386,8.61975245937e-05,0.00039906261386,0.241651529215,0.471975642196,0.241651528804
75,0.0155179473269,0.179401963782,0.0299247330172,0.017517629243,0.0244961066643,0.259938385533,0.0131387793272,0.272846049291,0.0674714433588,0.0476666800442,0.0141764942838,0.057903788128,1,0.4,48,15,10,3,20,0.00116417364135,0.000251461506531,0.00116417364135,0.0249448847148,0.0083827624595,0.00667446012663,0.00116417364135,0.000251461506531,0.00116417364135,0.241540117333,0.471758040865,0.241540116923
76,0.016209492868,0.0379033730538,0.0555295086736,0.00933245816183,0.203898259454,0.354945931107,0.0713885744633,0.0433761651136,0.0890372822465,0.0752409672969,0.00571384613704,0.0374241414247,1,0.4,48,15,10,3,20,0.000499461314162,0.000107883643859,0.000499461314162,0.0383617818876,0.00992569047115,0.0121994083231,0.000499461314162,0.000107883643859,0.000499461314162,0.237103432844,0.463092641488,0.237103432442
77,0.0278114508959,0.0461344375772,0.0247599198754,0.211032765881,0.0620085603825,0.0438511928133,0.173626386527,0.110106665785,0.0397307767736,0.0289882139681,0.0663994060828,0.165550223438,1,0.4,48,15,10,3,20,0.000206838431959,4.46771013031e-05,0.000206838431959,0.0324534464332,0.00408157122183,0.00221822780987,0.000206838431959,4.46771013031e-05,0.000206838431959,0.242929340161,0.474471366696,0.242929339748
78,0.0478073899302,0.0395174583208,0.0287782281088,0.140883934427,0.342985339756,0.13850250795,0.0416136938797,0.0619571359132,0.0291957932597,0.0186304586806,0.103135324447,0.006992735327,1,0.4,48,15,10,3,20,0.000610814209135,0.000131935869173,0.000610814209135,0.0295412258186,0.00904254103939,0.00739894130926,0.000610814209135,0.000131935869173,0.000610814209135,0.240647630537,0.470014902593,0.240647630128
79,0.164750873901,0.0205449520754,0.131473406036,0.00278823764768,0.0503654208711,0.0921158916178,0.0272672376067,0.0453473962232,0.0394087236938,0.0678529146436,0.319222921076,0.0388620246071,1,0.4,48,15,10,3,20,3.32234911258e-05,7.17627408317e-06,3.32234911258e-05,0.000752135411161,0.000934677120721,0.000384222066428,3.32234911258e-05,7.17627408317e-06,3.32234911258e-05,0.252403280988,0.492975157342,0.252403280559
80,0.0611508179117,0.13448999883,0.0433064838463,0.0234310846615,0.011414282565,0.00879614214876,0.141342935214,0.0244636489517,0.0497597487324,0.0181743628716,0.274753605564,0.208916888704,1,0.4,48,15,10,3,20,4.16942309092e-05,9.00595387638e-06,4.16942309092e-05,0.00278924265686,0.000159522002688,0.000866937766661,4.16942309092e-05,9.00595387638e-06,4.16942309092e-05,0.251952445219,0.492094618732,0.251952444791
81,0.0919314154005,0.000888101845156,0.190052053357,0.137004110727,0.0100257931045,0.131433918781,0.0568374430825,0.0651956817055,0.0728345533702,0.0323326025091,0.0474138948832,0.164050431234,1,0.4,48,15,10,3,20,0.000235645872087,5.08995083708e-05,0.000235645872087,0.00861750958116,0.00241583970391,0.00382336920127,0.000235645872087,5.08995083708e-05,0.000235645872087,0.248942014294,0.486214870843,0.248942013871
82,0.000173255194523,0.0626570282878,0.0970378796168,0.116064790406,0.00156119066582,0.160488478153,0.108897417412,0.0462646900493,0.146645022723,0.0592157538486,0.0573952482326,0.143599245411,1,0.4,48,15,10,3,20,0.000304929238665,6.58647155516e-05,0.000304929238665,0.0113118384858,0.00513318399078,0.000803089862191,0.000304929238665,6.58647155516e-05,0.000304929238665,0.24825940048,0.484881640738,0.248259400058
83,0.0677839125595,0.0808079454283,0.0689620545138,0.0191549061339,0.107424946387,0.0156271916565,0.0361824807607,0.0880677827054,0.141144663127,0.167806968104,0.110262751303,0.0967743973215,1,0.4,48,15,10,3,20,0.000114667371524,2.47681522492e-05,0.000114667371524,0.0100601385804,0.00183628660824,0.000727314832849,0.000114667371524,2.47681522492e-05,0.000114667371524,0.249642512048,0.487583030516,0.249642511624
84,0.10731603008,0.0539034162909,0.173377055646,0.0916255302649,0.115389714506,0.00108343876276,0.227025389188,0.0292723121066,0.0613089116152,0.0102903109467,0.088421622746,0.0409862678467,1,0.4,48,15,10,3,20,0.000540142750821,0.000116670834177,0.000540142750821,0.0408839007369,0.0107091795952,0.00331435023814,0.000540142750821,0.000116670834177,0.000540142750821,0.238469225728,0.465760205708,0.238469225322
85,0.077604777117,0.0235005164951,0.0473165601977,0.214369946614,0.106495040267,0.00646899129277,0.0891489040226,0.0228319775197,0.130599740415,0.170871615355,0.0628924079578,0.0478995227458,1,0.4,48,15,10,3,20,0.000307003090178,6.63126674784e-05,0.000307003090178,0.0398593022845,0.00193977913216,0.00221505890283,0.000307003090178,6.63126674784e-05,0.000307003090178,0.241486222469,0.471652777458,0.241486222058
86,0.0270146435238,0.0560110695459,0.00864567884899,0.12729138681,0.0256176695802,0.071524552281,0.261034054281,0.135435847877,0.141969873785,0.0314613350664,0.101067603782,0.0129262846179,1,0.4,48,15,10,3,20,0.000691564178481,0.000149377862552,0.000691564178481,0.0054143912607,0.00495698527206,0.00137516886428,0.000691564178481,0.000149377862552,0.000691564178481,0.249217629955,0.486753182678,0.249217629531
87,0.0898864346275,0.093004178366,0.0650351153178,0.108809325746,0.0845155586191,0.00644926952022,0.0130977576269,0.124067430923,0.0528817611598,0.0163201850489,0.139616537717,0.206316445328,1,0.4,48,15,10,3,20,0.000145736020796,3.14789804919e-05,0.000145736020796,0.00298063639533,0.00165460716932,0.000579415121635,0.000145736020796,3.14789804919e-05,0.000145736020796,0.25148191381,0.491175612076,0.251481913383
88,0.0116487176161,0.0197553355253,0.0255546120055,0.025871381476,0.0584881970839,0.267324247048,0.0569303174109,0.188834536172,0.0616341629958,0.0169222619156,0.160508339558,0.106527891193,1,0.4,48,15,10,3,20,0.000155156483275,3.35138003873e-05,0.000155156483275,0.00453203127773,0.00406511928586,0.000524738054867,0.000155156483275,3.35138003873e-05,0.000155156483275,0.250482961987,0.489224534299,0.250482961561
89,0.0180701725968,0.0936383929918,0.0359582356409,0.0453548571306,0.280430264091,0.0291075201116,0.0900821555204,0.175681122621,0.0723383009239,0.00809331874975,0.0485922600465,0.102653399577,1,0.4,48,15,10,3,20,0.00020169660823,4.35664673777e-05,0.00020169660823,0.0077378803793,0.005593446954,0.00498761378103,0.00020169660823,4.35664673777e-05,0.00020169660823,0.248104256952,0.484578626036,0.24810425653
90,0.0808790984788,0.0842835450924,0.382898671321,0.0619546643665,0.0416557765668,0.0239281364344,0.0780264339053,0.0505482244457,0.0585873207326,0.12702168841,0.00566201331816,0.00455442692774,1,0.4,48,15,10,3,20,0.000575321031247,0.000124269342749,0.000575321031247,0.11624525018,0.0038275590878,0.00497423597996,0.000575321031247,0.000124269342749,0.000575321031247,0.220686958558,0.431029215201,0.220686958183
91,0.115861226164,0.0275083026694,0.0327630400433,0.0883037332459,0.0265556116862,0.169897014835,0.0440442340928,0.198719806092,0.0544111107629,0.187898100504,0.0296564518671,0.0243813680378,1,0.4,48,15,10,3,20,0.000222090140084,4.79714702581e-05,0.000222090140084,0.00881924217015,0.00280806203513,0.00314870116287,0.000222090140084,4.79714702581e-05,0.000222090140084,0.248977629693,0.486284432168,0.24897762927
92,0.256010231623,0.0307724937411,0.0306162679122,0.0876487472241,0.000633480853704,0.0407268268583,0.0306375128936,0.102222153901,0.126535786546,0.040673677583,0.242868931152,0.0106538897124,1,0.4,48,15,10,3,20,0.000237454616077,5.12901970727e-05,0.000237454616077,0.0264074176715,0.00267772503114,0.00152321835749,0.000237454616077,5.12901970727e-05,0.000237454616077,0.244955381201,0.478428478096,0.244955380785
93,0.0209596790853,0.0663615369816,0.298370330941,0.0749129960492,0.040707747226,0.135234570768,0.00232383760569,0.0719497044607,0.00762071807122,0.0870254090459,0.025446956304,0.169086513461,1,0.4,48,15,10,3,20,0.000178531588262,3.85628230646e-05,0.000178531588262,0.0104956614922,0.00363193689237,0.000675052627473,0.000178531588262,3.85628230646e-05,0.000178531588262,0.249019724455,0.486366648501,0.249019724032
94,0.0977429747834,0.221559716655,0.0946556123342,0.0834259255526,0.0859850189027,0.0543411411399,0.0735114868287,0.059060810296,0.0601433303963,0.0615928354274,0.0648404195033,0.0431407281805,1,0.4,48,15,10,3,20,0.000442954359632,9.56781416804e-05,0.000442954359632,0.036041543296,0.00577126278186,0.00435721493839,0.000442954359632,9.56781416804e-05,0.000442954359632,0.240788441162,0.470289923346,0.240788440753
