run_ID,t1_initial,t2_initial,t3_initial,t4_initial,t5_initial,t6_initial,t7_initial,t8_initial,t9_initial,t10_initial,t11_initial,t12_initial,alpha,prior_cost_c,lambda,k,sample_amount,learning_parameter,generations,t1_final,t2_final,t3_final,t4_final,t5_final,t6_final,t7_final,t8_final,t9_final,t10_final,t11_final,t12_final
0,0.0441468811574,0.0253747155522,0.121810698838,0.0454600341901,0.0932321884179,0.0357654460672,0.0340336780107,0.131995822375,0.0980381710879,0.00131049161889,0.137948378544,0.230883494141,1,0.4,46,15,10,3,20,9.38204106164e-05,2.02652086931e-05,9.38204106164e-05,0.0156467204478,0.00379248200854,0.00021432658412,9.38204106164e-05,2.02652086931e-05,9.38204106164e-05,0.247887598363,0.484155463318,0.247887597219
1,0.224363983783,0.0314559570807,0.0396400406113,0.0575743237769,0.0678917192787,0.0779894737205,0.10146228761,0.0193056391036,0.00442951560749,0.00163684486037,0.265624745604,0.108625468963,1,0.4,46,15,10,3,20,0.000116136988136,2.50855894374e-05,0.000116136988136,0.00362570769956,0.00107469695746,0.00142348204775,0.000116136988136,2.50855894374e-05,0.000116136988136,0.251285096624,0.490791202077,0.251285095463
2,0.0357361356612,0.115838034255,0.100555616256,0.172066759191,0.191084749896,0.165579270603,0.0611953198131,0.00692071197067,0.000899547189935,0.0413640505052,0.0225705967,0.0861892079587,1,0.4,46,15,10,3,20,0.0006672254401,0.000144120695062,0.0006672254401,0.0633051401734,0.00511325442175,0.00603632379332,0.0006672254401,0.000144120695062,0.0006672254401,0.233381980495,0.455824178549,0.233381979417
3,0.0325119835812,0.0386644153635,0.179529697608,0.157596336489,0.0357421390281,0.0336112422902,0.0104829569588,0.165010718961,0.058715193695,0.00137721334157,0.0156346399,0.271123462783,1,0.4,46,15,10,3,20,8.97267099691e-07,1.93809693533e-07,8.97267099691e-07,3.51085292439e-06,1.69420114734e-06,1.16690530231e-05,8.97267099691e-07,1.93809693533e-07,8.97267099691e-07,0.252959153241,0.494060843892,0.252959152073
4,0.0483119565305,0.256249495491,0.0150054411104,0.022203935722,0.106814003654,0.21548142547,0.201884258618,0.0091253565656,0.0460379880642,0.00306427619221,0.0441475492075,0.0316743133758,1,0.4,46,15,10,3,20,7.47062608035e-06,1.61365523336e-06,7.47062608035e-06,3.05693657537e-05,6.04522631156e-05,1.60204820836e-05,7.47062608035e-06,1.61365523336e-06,7.47062608035e-06,0.252928974298,0.494001900645,0.25292897313
5,0.243219610431,0.0168395811577,0.121545736068,0.0157444671482,0.0711143158377,0.0311778538365,0.0418040154034,0.139622923739,0.0573109409333,0.0615067216679,0.0885402928277,0.11157354095,1,0.4,46,15,10,3,20,0.000269950249646,5.83092539235e-05,0.000269950249646,0.0243027910694,0.00409009222834,0.00175779736691,0.000269950249646,5.83092539235e-05,0.000269950249646,0.245034726494,0.478583447973,0.245034725362
6,0.0492610900127,0.0173689289369,0.0769505600065,0.0615671392825,0.046186323368,0.128837061447,0.182626966408,9.46956006811e-05,0.0985734542201,0.181549309363,0.0830828444774,0.0739016268767,1,0.4,46,15,10,3,20,0.000100828671331,2.17789930076e-05,0.000100828671331,0.00182886271151,0.00111177650958,0.0010328476912,0.000100828671331,2.17789930076e-05,0.000100828671331,0.251846234018,0.491887173544,0.251846232855
7,0.0911525529877,0.00677115035083,0.0220156066277,0.119321732798,0.067790705285,0.00148028415484,0.0121015387089,0.320693164758,0.170491016855,0.00149400117162,0.0311538824908,0.155534363812,1,0.4,46,15,10,3,20,0.000383718288801,8.2883150381e-05,0.000383718288801,0.0222115826968,0.00146622304031,0.00765196065747,0.000383718288801,8.2883150381e-05,0.000383718288801,0.244608910036,0.477751775207,0.244608908906
8,0.139389167623,0.0584668386015,0.0685599409307,0.105374850082,0.119915142592,0.0120139985235,0.0074902822185,0.0534871481338,0.343979142389,0.0138656614286,0.0554227531827,0.022035074295,1,0.4,46,15,10,3,20,0.00170749326376,0.000368818544972,0.00170749326376,0.0758672560671,0.00439518785939,0.0206020025903,0.00170749326376,0.000368818544972,0.00170749326376,0.225534974587,0.440497995206,0.225534973545
9,0.122998468685,0.129667387765,0.092983562516,0.044001736864,0.0239846524703,0.0227811903071,0.0308082484277,0.162211115488,0.00495198876204,0.141853930096,0.00386269375491,0.219895024865,1,0.4,46,15,10,3,20,0.00011324445212,2.4460801658e-05,0.00011324445212,0.0182398445402,0.00203086048204,0.000633765280394,0.00011324445212,2.4460801658e-05,0.00011324445212,0.247549377685,0.483494876059,0.247549376542
10,0.0279468672222,0.108359946911,0.100419960007,0.0235662493348,0.216343442722,0.101038457867,0.0713327710679,0.0457558362189,0.110929374305,0.099936287513,0.0110919767473,0.0832788300839,1,0.4,46,15,10,3,20,0.00043335475275,9.36046265941e-05,0.00043335475275,0.0240112650734,0.00768988341598,0.00315564410559,0.00043335475275,9.36046265941e-05,0.00043335475275,0.243661048528,0.475900483209,0.243661047403
11,0.017350759621,0.0520322917221,0.173341343619,0.0555313575704,0.194655660424,0.00103805056488,0.0419037824289,0.0365852550942,0.043397256108,0.0915947902501,0.147339557854,0.145229894744,1,0.4,46,15,10,3,20,3.87217166692e-05,8.36389080055e-06,3.87217166692e-05,0.000781924499796,0.000360833845319,0.000141251085127,3.87217166692e-05,8.36389080055e-06,3.87217166692e-05,0.252596206638,0.493351963812,0.252596205472
12,0.0714322576006,0.151369375642,0.0360663766857,0.180507816449,0.00250125967344,0.107725937427,0.159412296755,0.0490545557363,0.061812608619,0.0375528993277,0.0270251198956,0.115539496189,1,0.4,46,15,10,3,20,0.00043972761812,9.49811655138e-05,0.00043972761812,0.0528013110728,0.00234882523027,0.00586243908104,0.00043972761812,9.49811655138e-05,0.00043972761812,0.237037421039,0.462963710829,0.237037419944
13,0.00864020979737,0.0201607613653,0.116905464313,0.0135011299638,0.0513850960947,0.131659381247,0.249827785068,0.132177176512,0.0636561502855,0.00346502547069,0.0836226272301,0.124999192652,1,0.4,46,15,10,3,20,0.000204997260788,4.42794083301e-05,0.000204997260788,0.0315154144353,0.00583442209655,0.00317465906426,0.000204997260788,4.42794083301e-05,0.000204997260788,0.242483341622,0.473600274419,0.242483340503
14,0.120922189956,0.0739225749895,0.36225797639,0.0848398922331,0.189720599917,0.0508948344015,0.0266504493475,0.0116155336775,0.0131880698874,0.0485623324812,0.00417103723643,0.0132545094825,1,0.4,46,15,10,3,20,0.00128229828245,0.00027697642901,0.00128229828245,0.116723719369,0.0331683277941,0.0113109003417,0.00128229828245,0.00027697642901,0.00128229828245,0.21074818261,0.41161754226,0.210748181637
15,0.00585054114278,0.0930138257497,0.0240259723536,0.152176584501,0.153326825102,0.110591752182,0.0135722835447,0.070668366892,0.0737936115892,0.00423725218771,0.253472637594,0.0452703471611,1,0.4,46,15,10,3,20,0.000303553229556,6.55674975841e-05,0.000303553229556,0.0251648526719,0.00320916444479,0.000913076189561,0.000303553229556,6.55674975841e-05,0.000303553229556,0.245215509786,0.47893654034,0.245215508654
16,0.0066233964662,0.111380175529,0.0397472613309,0.0300056790579,0.114750615313,0.00771737867173,0.144026162949,0.0129405722652,0.187102841993,0.240606805458,0.0286639714518,0.0764351395134,1,0.4,46,15,10,3,20,8.17795947951e-05,1.76643924757e-05,8.17795947951e-05,0.019910169004,0.00105415709136,0.000933790035149,8.17795947951e-05,1.76643924757e-05,8.17795947951e-05,0.247333297095,0.483072843658,0.247333295953
17,0.127872121062,0.0363299470973,0.240804554004,0.017456023101,0.111610756443,0.0227036648966,0.153785525002,0.0150567460529,0.0459449590252,0.116849827825,0.0324192739943,0.0791666014964,1,0.4,46,15,10,3,20,0.000355728842569,7.68374299949e-05,0.000355728842569,0.0155550645677,0.00324852567688,0.00306869763444,0.000355728842569,7.68374299949e-05,0.000355728842569,0.247032695718,0.482485731596,0.247032694577
18,0.151344812937,0.00158425909967,0.00541595847616,0.0365465211835,0.00889381889849,0.0489557469623,0.157951734854,0.239162128175,0.198913224459,0.120381837359,0.00417536825938,0.0266745893358,1,0.4,46,15,10,3,20,2.80175289076e-07,6.05178624404e-08,2.80175289076e-07,3.42176019396e-06,2.42843300411e-06,9.55097512551e-07,2.80175289076e-07,6.05178624404e-08,2.80175289076e-07,0.252962392138,0.494067169864,0.25296239097
19,0.308606987421,0.007913673167,0.0476350136179,0.0373884734142,0.0569626968141,0.16204009233,0.0594274256739,0.0763712164709,0.0301834433592,0.0515361662557,0.0692116583325,0.0927231531434,1,0.4,46,15,10,3,20,0.000293761437088,6.34524704111e-05,0.000293761437088,0.00798359438809,0.00152291565807,0.00466640025639,0.000293761437088,6.34524704111e-05,0.000293761437088,0.249049838395,0.486425463369,0.249049837245
20,0.0831414956451,0.0157780957966,0.0769362090051,0.0266720399613,0.0830014097373,0.0574855463569,0.0271843817137,0.0617615281554,0.174750925938,0.0417991544765,0.277935838112,0.0735533751024,1,0.4,46,15,10,3,20,9.95766973027e-05,2.15085666174e-05,9.95766973027e-05,0.0119078067289,0.00159819545986,0.000706977524047,9.95766973027e-05,2.15085666174e-05,9.95766973027e-05,0.249257410217,0.486830877082,0.249257409066
21,0.0135028074461,0.124859651416,0.206984335119,0.0578105433745,0.0138477457548,0.0539095189971,0.0147465380404,0.0103329333545,0.375565281278,0.00630630211389,0.064268773455,0.0578655696517,1,0.4,46,15,10,3,20,0.000576851728157,0.000124599973282,0.000576851728157,0.00457351497225,0.00364503370365,0.0065736731935,0.000576851728157,0.000124599973282,0.000576851728157,0.248575791219,0.485499589982,0.248575790071
22,0.123256441896,0.363428243648,0.0361406544886,0.0849791426786,0.0145041949202,0.0227513536186,0.0370159508102,0.0254557008559,0.0102445845872,0.118188892577,0.124936350812,0.0390984891067,1,0.4,46,15,10,3,20,0.000171625027363,3.70710059104e-05,0.000171625027363,0.0229738051879,0.00173792671659,0.00230859723303,0.000171625027363,3.70710059104e-05,0.000171625027363,0.245936830253,0.48034536937,0.245936829118
23,0.095857011323,0.284507871706,0.0441869915782,0.0476417407344,0.106911629116,0.00799584991614,0.0211856753781,0.100369471576,0.0187667635714,0.0216784785803,0.16593136071,0.0849671558099,1,0.4,46,15,10,3,20,0.000201232003076,4.34661126644e-05,0.000201232003076,0.00349815038262,0.00195176902659,0.00115626692997,0.000201232003076,4.34661126644e-05,0.000201232003076,0.251067688689,0.490366577205,0.251067687529
24,0.0210116623743,0.0157253306231,0.123790940041,0.0251858239775,0.131014087789,0.0363782087491,0.0884160535051,0.217924402906,0.0489588068533,0.205197314871,0.0173749897089,0.0690223786018,1,0.4,46,15,10,3,20,9.72017230473e-05,2.09955721782e-05,9.72017230473e-05,0.000595470099901,0.00107250662819,0.000249071242281,9.72017230473e-05,2.09955721782e-05,9.72017230473e-05,0.252370506229,0.492911142701,0.252370505063
25,0.0387898146024,0.0107752969066,0.185444525641,0.0432386912618,0.0314633467548,0.0734205827248,0.0497640909547,0.0478720185793,0.0853874828597,0.278735541906,0.0565123403596,0.0985962674486,1,0.4,46,15,10,3,20,0.000113331580386,2.44796213633e-05,0.000113331580386,0.0056001787927,0.00124912424579,0.00112347156664,0.000113331580386,2.44796213633e-05,0.000113331580386,0.250820539004,0.48988386298,0.250820537846
26,0.0151370681909,0.156884545144,0.070955434646,0.140476184207,0.14072414441,0.0633041458869,0.00238094309158,0.0785638040114,0.0217191439912,0.104976673972,0.0755450504674,0.129332861981,1,0.4,46,15,10,3,20,0.00013470344199,2.90959434699e-05,0.00013470344199,0.0170119871033,0.00418159445284,0.000937972998381,0.00013470344199,2.90959434699e-05,0.00013470344199,0.247214910523,0.482841619886,0.247214909382
27,0.0146386067542,0.337706727769,0.156128111364,0.0303034855485,0.00250367532255,0.207631788305,0.0612385914551,0.0669526308014,0.0095670142679,0.018172150374,0.00476190431105,0.0903953137279,1,0.4,46,15,10,3,20,0.00109968736138,0.000237532470059,0.00109968736138,0.049265615693,0.0148181372581,0.00456562684854,0.00109968736138,0.000237532470059,0.00109968736138,0.234365675007,0.457745456884,0.234365673924
28,0.0389194346141,0.0671648568081,0.127456944837,0.0564964924811,0.0315254746484,0.253618821746,0.145548590073,0.0128104606448,0.025954391111,0.124354789546,0.0303075568408,0.0858421866496,1,0.4,46,15,10,3,20,0.000122110185337,2.63758000328e-05,0.000122110185337,0.00179856083641,0.00218660983695,0.00178334831375,0.000122110185337,2.63758000328e-05,0.000122110185337,0.251368295235,0.490953699363,0.251368294074
29,0.362040556535,0.0778527945666,0.0358936546868,0.0642651844618,0.0218613503417,0.0662308898127,0.0377880646287,0.102633229775,0.0433960498061,0.0378498403035,0.0107651447912,0.139423240291,1,0.4,46,15,10,3,20,0.00022950649857,4.95734036912e-05,0.00022950649857,0.00330525606295,0.00543840315449,0.00122257904929,0.00022950649857,4.95734036912e-05,0.00022950649857,0.250186015454,0.488644559178,0.250186014299
30,0.0576837890886,0.01625449775,0.0849730935509,0.100172659285,0.0127903903406,0.0892321655142,0.0478300369198,0.237435537383,0.00854537447759,0.22388945562,0.103320444128,0.0178725559417,1,0.4,46,15,10,3,20,0.000135641157245,2.92984899649e-05,0.000135641157245,0.00513419393362,0.0014042698588,0.0017310761446,0.000135641157245,2.92984899649e-05,0.000135641157245,0.25072045581,0.489688387992,0.250720454652
31,0.189543864287,0.017907057458,0.0699775096876,0.14834154325,0.0951578100945,0.0610777312848,0.116364184877,0.0348952993447,0.165486396453,0.057057061794,0.0132459003925,0.0309456410774,1,0.4,46,15,10,3,20,0.000445726352064,9.62768920457e-05,0.000445726352064,0.00233129882935,0.0027061874596,0.0130959538154,0.000445726352064,9.62768920457e-05,0.000445726352064,0.247877591547,0.484135918754,0.247877590402
32,0.0113314802575,0.268042889375,0.031650940848,0.015320569589,0.301002405002,0.0197012957818,0.0252007322734,0.0547546437259,0.0191981524718,0.0898465614515,0.120570713381,0.0433796158428,1,0.4,46,15,10,3,20,0.000510697678438,0.000110310698543,0.000510697678438,0.0181853785248,0.00101487210636,0.00373552743151,0.000510697678438,0.000110310698543,0.000510697678438,0.246589929028,0.481620952909,0.246589927889
33,0.0144560652814,0.019932946684,0.0637309347596,0.340685566633,0.107098052711,0.0154212238331,0.0432122065463,0.189200856929,0.0243571679246,0.0158346295478,0.052314012873,0.113756336276,1,0.4,46,15,10,3,20,0.000350287927114,7.56621922566e-05,0.000350287927114,0.0225648431935,0.00765884566986,0.00502834263202,0.000350287927114,7.56621922566e-05,0.000350287927114,0.243654196549,0.475887100438,0.243654195424
34,0.00870465685555,0.125686038473,0.0277718904911,0.0507256425186,0.0207864108298,0.357444659873,0.00954816147393,0.0845644405765,0.0373134009547,0.00209015929893,0.205095596521,0.0702689421335,1,0.4,46,15,10,3,20,0.000334524740612,7.22573439723e-05,0.000334524740612,0.021986299726,0.00182846449582,0.00412999924016,0.000334524740612,7.22573439723e-05,0.000334524740612,0.245520348139,0.479531927744,0.245520347005
35,0.115867126207,0.00507951351686,0.137422584855,0.0222879096339,0.142744904459,0.00599937662411,0.0245691298244,0.0482285943822,0.176187816425,0.033638799833,0.0601692070149,0.227805037225,1,0.4,46,15,10,3,20,0.000157175529307,3.39499143304e-05,0.000157175529307,0.00310036220821,0.00151213735091,0.00102210195641,0.000157175529307,3.39499143304e-05,0.000157175529307,0.25136285849,0.49094308072,0.251362857329
36,0.363928389031,0.0199000750704,0.0520933432491,0.0384139135882,0.0346552802484,0.0534006254386,0.0857255605648,0.179943485672,0.0693377355884,0.0229359974704,0.0568367782863,0.0228288157923,1,0.4,46,15,10,3,20,0.000939741699074,0.000202984207,0.000939741699074,0.0358915504905,0.0138394878605,0.0147073075798,0.000939741699074,0.000202984207,0.000939741699074,0.235610237994,0.460176243958,0.235610236906
37,0.169253674947,0.00562654232208,0.013037027205,0.0169782629633,0.00863428801929,0.273898423918,0.0889902684937,0.185691743582,0.0293754675017,0.147110221447,0.0355083248791,0.0258957547218,1,0.4,46,15,10,3,20,0.000332958654981,7.19190694759e-05,0.000332958654981,0.0280720482364,0.00392190450588,0.00166927529418,0.000332958654981,7.19190694759e-05,0.000332958654981,0.244075535819,0.476710028694,0.244075534692
38,0.595495028379,0.0218362697257,0.00739868450314,0.0354030823851,0.0260462165232,0.0684620221777,0.0773016381209,0.0088271935746,0.119101553409,0.00765146063107,0.0201209329175,0.0123559176529,1,0.4,46,15,10,3,20,0.000217599546757,4.70015020996e-05,0.000217599546757,0.0444772059962,0.00238963693725,0.00234221266309,0.000217599546757,4.70015020996e-05,0.000217599546757,0.240272327966,0.469281888391,0.240272326856
39,0.00989904156675,0.140195159478,0.0475484389644,0.230331647061,0.00413735562013,0.0750958700074,0.00238814704552,0.0453981731178,0.0608666335049,0.29767503894,0.0477710071319,0.0386934875619,1,0.4,46,15,10,3,20,0.000245475356253,5.30226769507e-05,0.000245475356253,0.00749613107291,0.00215767260514,0.000316131725445,0.000245475356253,5.30226769507e-05,0.000245475356253,0.250167176912,0.488607765149,0.250167175756
40,0.0543911399086,0.0449224953033,0.239077952692,0.274503509402,0.00193873039635,0.0273518168684,0.135682100385,0.0240849586709,0.0259867261388,0.0324589177754,0.0850461282929,0.0545555241664,1,0.4,46,15,10,3,20,0.000701394223787,0.000151501152338,0.000701394223787,0.0260365320867,0.00366036706322,0.00708426529612,0.000701394223787,0.000151501152338,0.000701394223787,0.242873741576,0.474362774324,0.242873740454
41,0.048142697586,0.0609301393656,0.0894097980076,0.193583189259,0.00314204549672,0.120652144222,0.00390829371983,0.0177435109784,0.0097207256603,0.334494334483,0.101345066435,0.0169280547858,1,0.4,46,15,10,3,20,5.8263331718e-07,1.25848796511e-07,5.8263331718e-07,3.03769223581e-06,1.48251859636e-05,1.82872108425e-06,5.8263331718e-07,1.25848796511e-07,5.8263331718e-07,0.252958793263,0.494060140811,0.252958792095
42,0.125808347878,0.0209121619473,0.12800186236,0.02020349506,0.0163178467426,0.0129418036655,0.0678654601103,0.144781943198,0.00863013919007,0.175525056089,0.269386998955,0.00962488480448,1,0.4,46,15,10,3,20,3.21234019429e-05,6.93865481968e-06,3.21234019429e-05,0.000181799048933,0.000216535443176,0.000203276589543,3.21234019429e-05,6.93865481968e-06,3.21234019429e-05,0.252776226769,0.493703565629,0.252776225602
43,0.105125183887,0.0396853416505,0.0501796537014,0.0135125327502,0.13271579527,0.0118911278835,0.244655422856,0.112162605762,0.0728302937286,0.0377253038101,0.0768330448746,0.102683693827,1,0.4,46,15,10,3,20,2.19822803683e-06,4.74817255955e-07,2.19822803683e-06,2.39736763236e-05,8.95209069134e-05,2.13881479065e-05,2.19822803683e-06,4.74817255955e-07,2.19822803683e-06,0.252927842699,0.493999690491,0.252927841532
44,0.0454555958513,0.0146640857095,0.0408337750426,0.0566138761375,0.0506852864392,0.0537446509065,0.00659661582406,0.300241776012,0.00367320680001,0.102879362543,0.0245139029994,0.300097865735,1,0.4,46,15,10,3,20,1.10517146614e-06,2.38717036687e-07,1.10517146614e-06,9.31982575933e-06,1.79156067317e-05,6.33824184027e-06,1.10517146614e-06,2.38717036687e-07,1.10517146614e-06,0.252954695755,0.494052137864,0.252954694587
45,0.0617574006133,0.131276158469,0.0542977274312,0.00870443979613,0.100625189707,0.0769641481146,0.0882349627426,0.00308707930164,0.00367045967724,0.247572154708,0.00619395762673,0.217616321813,1,0.4,46,15,10,3,20,1.37133795498e-07,2.96208998275e-08,1.37133795498e-07,5.78887358118e-07,6.80763679492e-07,2.12609328166e-07,1.37133795498e-07,2.96208998275e-08,1.37133795498e-07,0.252963901575,0.494070117981,0.252963900407
46,0.0560225460009,0.0178677439996,0.15116991918,0.0107212617352,0.00716832529929,0.0875724497136,0.284473437884,0.070942712559,0.0418562673938,0.0837720787784,0.168659151068,0.0197741063879,1,0.4,46,15,10,3,20,0.000173040571058,3.73767633486e-05,0.000173040571058,0.0279026491575,0.00465342282551,0.000818821938345,0.000173040571058,3.73767633486e-05,0.000173040571058,0.244327764389,0.477202662618,0.244327763261
47,0.102953203892,0.335988035439,0.0436350873501,0.0268242314485,0.289759251085,0.0497260503147,0.0174331062203,0.0612668326183,0.0129617938496,0.00139049426159,0.0533252238211,0.00473668969985,1,0.4,46,15,10,3,20,0.00230170332095,0.000497167917326,0.00230170332095,0.105313326831,0.0182136541854,0.0209826897312,0.00230170332095,0.000497167917326,0.00230170332095,0.213828093736,0.417632993649,0.213828092748
48,0.0170423654355,0.0033290789475,0.0713490842561,0.12326774521,0.0680631497022,0.125193182273,0.140122172312,0.027524267469,0.0360270979565,0.120571527515,0.00883818760955,0.258672141313,1,0.4,46,15,10,3,20,0.000143915948408,3.10858448562e-05,0.000143915948408,0.0179990075783,0.00227282269112,0.00155235485051,0.000143915948408,3.10858448562e-05,0.000143915948408,0.247282335562,0.482973309414,0.24728233442
49,0.0278615155406,0.118665408235,0.0286344067298,0.0554447141642,0.158229982247,0.349458827849,0.0244561998462,0.0257880260482,0.000231284314211,0.0434647601578,0.0110223311458,0.156742543721,1,0.4,46,15,10,3,20,0.000132784275264,2.8681403457e-05,0.000132784275264,0.00197269879774,0.00495527098799,0.000679475936704,0.000132784275264,2.8681403457e-05,0.000132784275264,0.250891145054,0.49002176542,0.250891143895
50,0.114637059004,0.0222710959331,0.0278273478078,0.0391551991351,0.0162883515097,0.003004138099,0.215308917593,0.114215370141,0.114207790915,0.0341205392767,0.093989840654,0.204974349931,1,0.4,46,15,10,3,20,0.000144158084283,3.1138146205e-05,0.000144158084283,0.0105504220074,0.00135805884175,0.00144934276636,0.000144158084283,3.1138146205e-05,0.000144158084283,0.249423752387,0.487155764132,0.249423751236
51,0.0104803394096,0.00687698939468,0.0281359857069,0.00262371770591,0.296528487279,0.0530876740044,0.156175803368,0.07742411347,0.103705490945,0.00215726648375,0.199547647767,0.0632564844663,1,0.4,46,15,10,3,20,0.000238318615877,5.14768210295e-05,0.000238318615877,0.011518162732,0.00127394464432,0.00445219569502,0.000238318615877,5.14768210295e-05,0.000238318615877,0.248335044353,0.485029381263,0.248335043207
52,0.0491756569934,0.0661564005139,0.0357848153874,0.0783643992907,0.0258181240527,0.0342926459408,0.156880741211,0.00731747365258,0.00156060797033,0.299014494283,0.177178757573,0.0684558831316,1,0.4,46,15,10,3,20,6.13709382144e-05,1.32561226543e-05,6.13709382144e-05,0.00761007062327,0.00067419121073,0.000749861521521,6.13709382144e-05,1.32561226543e-05,6.13709382144e-05,0.250610310593,0.489473260617,0.250610309436
53,0.155622147205,0.0120206541148,0.0196494236897,0.115210042689,0.121026867484,0.087242608177,0.118013215376,0.0606796233696,0.0142948414526,0.0708963067458,0.00182633317777,0.223517936519,1,0.4,46,15,10,3,20,0.000144969234268,3.1313354602e-05,0.000144969234268,0.00499313638045,0.00128578601805,0.00252893963138,0.000144969234268,3.1313354602e-05,0.000144969234268,0.250573821405,0.489401992671,0.250573820248
54,0.0259544952804,0.164991479685,0.0480008963422,0.0226228583654,0.127322724894,0.167767244186,0.0228839635765,0.111719212742,0.0688445507768,0.00954188154737,0.190634835879,0.0397158567257,1,0.4,46,15,10,3,20,0.000296081046106,6.3953505959e-05,0.000296081046106,0.0480399776653,0.00291438330366,0.00276722783962,0.000296081046106,6.3953505959e-05,0.000296081046106,0.239042828966,0.466880523168,0.239042827862
55,0.049709686403,0.0269865414386,0.0779879819781,0.104932710032,0.151882703844,0.0235327570275,0.161103968071,0.151646281201,0.0595015876577,0.0648428870576,0.126262012897,0.00161088239314,1,0.4,46,15,10,3,20,0.000417795140449,9.0243750337e-05,0.000417795140449,0.0103689244047,0.00409444404695,0.00238803432528,0.000417795140449,9.0243750337e-05,0.000417795140449,0.248233216138,0.484830498031,0.248233214992
56,0.0216585067939,0.00517506232761,0.0945136972555,0.0922185895262,0.0260867556549,0.481129174508,0.0166428724696,0.0731007398798,0.0489263776641,0.00948922176315,0.0540393612667,0.0770196408905,1,0.4,46,15,10,3,20,9.42363216787e-06,2.03550454826e-06,9.42363216787e-06,4.05804823874e-05,2.27555746427e-05,9.44978517561e-05,9.42363216787e-06,2.03550454826e-06,9.42363216787e-06,0.25291393619,0.493972529341,0.252913935022
57,0.137887295328,0.0063962853399,0.0484021486472,0.166157863395,0.0245987681349,0.287862782704,0.168603001032,0.00996839671458,0.00797542888247,0.0703473169308,0.0248627069899,0.0469380059015,1,0.4,46,15,10,3,20,0.000484188088985,0.000104584627221,0.000484188088985,0.0747715560871,0.00639242398152,0.00608603565761,0.000484188088985,0.000104584627221,0.000484188088985,0.230350435619,0.44990319249,0.230350434555
58,0.0859837881633,0.0268608527838,0.402794824577,0.0197938506183,0.0297143268278,0.068300731506,0.037586176465,0.0134808923915,0.025802760514,0.191767761307,0.0924014028293,0.00551263201694,1,0.4,46,15,10,3,20,9.00276942382e-05,1.94459819554e-05,9.00276942382e-05,0.00283006682402,0.00270521863238,0.000701598393191,9.00276942382e-05,1.94459819554e-05,9.00276942382e-05,0.251285784496,0.490792545578,0.251285783336
59,0.055975126775,0.00167567122385,0.00619140753612,0.114750260992,0.222054080819,0.127116850635,0.0562202253666,0.00870745857822,0.103125991741,0.163560830056,0.0232011277112,0.117420968566,1,0.4,46,15,10,3,20,3.55191724772e-05,7.67214125507e-06,3.55191724772e-05,0.00363618772635,0.000522356722793,0.000373244659392,3.55191724772e-05,7.67214125507e-06,3.55191724772e-05,0.251778224405,0.491754342271,0.251778223243
60,0.255956172559,0.132284766432,0.0790488497846,0.0436267392574,0.0591667372203,0.0458338722216,0.109606924695,0.000305215623122,0.0731336623591,0.077424173725,0.0718143600484,0.0517985260745,1,0.4,46,15,10,3,20,1.05486831521e-06,2.27851556085e-07,1.05486831521e-06,7.40282326151e-06,3.00987669937e-05,2.98648735951e-06,1.05486831521e-06,2.27851556085e-07,1.05486831521e-06,0.252953003053,0.494048831807,0.252953001885
61,0.0488767896491,0.151319263496,0.0136397278223,0.0614703231142,0.0338209893421,0.00274623620482,0.00161554076755,0.0158958468125,0.396604250506,0.00718654055999,0.187411958444,0.079412533281,1,0.4,46,15,10,3,20,0.000259523631527,5.60571044098e-05,0.000259523631527,0.0448157137223,0.00229519163438,0.00128683787793,0.000259523631527,5.60571044098e-05,0.000259523631527,0.240430558434,0.469590932273,0.240430557324
62,0.438273882584,0.0200289327784,0.0112071618835,0.15411854353,0.00462348686854,0.00438394639937,0.111779833269,0.0507097360212,0.112096005303,0.0338816511347,0.0166069249466,0.0422898952817,1,0.4,46,15,10,3,20,0.000251793637603,5.43874257221e-05,0.000251793637603,0.0156438664148,0.00236881393418,0.00347766405452,0.000251793637603,5.43874257221e-05,0.000251793637603,0.247245839574,0.482902028188,0.247245838432
63,0.102906101309,0.204520753675,0.165185576213,0.03223766547,0.0392936638752,0.126070478478,0.00479461086321,0.0301788406202,0.0589569132585,0.124331255519,0.0906774336616,0.0208467070569,1,0.4,46,15,10,3,20,0.000287489331016,6.20976954994e-05,0.000287489331016,0.0115209278218,0.0020344282803,0.00465601924759,0.000287489331016,6.20976954994e-05,0.000287489331016,0.248035282294,0.484443908493,0.248035281148
64,0.113015222365,0.0604569562723,0.0530707943013,0.224302902599,0.144759006773,0.0644679593524,0.0828979084237,0.028441060466,0.0336496984485,0.0313114635701,0.159922956939,0.00370407049038,1,0.4,46,15,10,3,20,0.000365880276082,7.90301396338e-05,0.000365880276082,0.0107067292182,0.00263359971114,0.00564642686653,0.000365880276082,7.90301396338e-05,0.000365880276082,0.247751251529,0.483889160907,0.247751250385
65,0.055747796101,0.0857743793467,0.0158422451703,0.130782475601,0.0360049365123,0.014108102956,0.1118805702,0.437866524251,0.0256266185702,0.0704712565038,0.00861008621572,0.00728500857311,1,0.4,46,15,10,3,20,0.00112139598642,0.000242221533067,0.00112139598642,0.110090876487,0.0122319339859,0.016244193661,0.00112139598642,0.000242221533067,0.00112139598642,0.216654664805,0.423153640244,0.216654663805
66,0.0179425386756,0.139297118679,0.0829010273801,0.0420890075581,0.160025225034,0.0329881705765,0.124453946825,0.0424834051031,0.0660785750877,0.0168532333625,0.099725604478,0.175162147242,1,0.4,46,15,10,3,20,0.000227313071207,4.90996233807e-05,0.000227313071207,0.0161001486427,0.00149874924698,0.00236712756816,0.000227313071207,4.90996233807e-05,0.000227313071207,0.247658884146,0.483708755863,0.247658883002
67,0.083473602135,0.274473958993,0.0244496796518,0.0385584621346,0.133060443306,0.0129354678226,0.0793170960888,0.0643232685016,0.0883127443095,0.0705954635784,0.0920713753904,0.0384284380878,1,0.4,46,15,10,3,20,4.75214847567e-06,1.02646407074e-06,4.75214847567e-06,3.14305702044e-05,6.38192736385e-05,6.25646973713e-05,4.75214847567e-06,1.02646407074e-06,4.75214847567e-06,0.252919178469,0.493982768166,0.252919177301
68,0.138624683385,0.0807274470403,0.172889293694,0.0629277515327,0.0788273467651,0.0133718002739,0.187900452103,0.0335944842688,0.165091703702,0.0254941750204,0.0334965315101,0.00705433070456,1,0.4,46,15,10,3,20,0.00185201138261,0.000400034458643,0.00185201138261,0.153533134282,0.0187315840833,0.0129086638708,0.00185201138261,0.000400034458643,0.00185201138261,0.204045788104,0.39852692805,0.204045787162
69,0.000684944650727,0.100463279134,0.00467047260199,0.0387123865579,0.0752029631866,0.0859363046591,0.043599279932,0.00604213765967,0.0230631087911,0.0229192297439,0.567731574309,0.0309743187746,1,0.4,46,15,10,3,20,4.09557010275e-05,8.84643142194e-06,4.09557010275e-05,0.000356653436303,0.000183945787478,5.63557684678e-05,4.09557010275e-05,8.84643142194e-06,4.09557010275e-05,0.252767502365,0.493686525777,0.252767501198
70,0.159600673605,0.0119575079314,0.0445841474317,0.0813397853818,0.00981910248668,0.0410911617794,0.0492216120962,0.0519787970267,0.115497792574,0.151866365603,0.104421901665,0.178621152419,1,0.4,46,15,10,3,20,8.94266235028e-05,1.93161506766e-05,8.94266235028e-05,0.00156916259264,0.00116311667395,0.000119140921528,8.94266235028e-05,1.93161506766e-05,8.94266235028e-05,0.252142860257,0.492466521666,0.252142859093
71,0.0722986128274,0.094849396213,0.00848066917423,0.0434851635135,0.131167880558,0.0249127283014,0.188984663001,0.237765499119,0.0261477489913,0.106853472672,0.0491452514102,0.015908914219,1,0.4,46,15,10,3,20,0.000625180913965,0.000135039077416,0.000625180913965,0.0254591290184,0.00711012094144,0.00266966560517,0.000625180913965,0.000135039077416,0.000625180913965,0.243349321345,0.475291641058,0.243349320221
72,0.107438829331,0.157021656997,0.12024592192,0.0337650669127,0.0277064322588,0.00724062457888,0.0783223182978,0.140104252576,0.193130720194,0.0697506378611,0.0346315163611,0.0306420227121,1,0.4,46,15,10,3,20,0.000644992312257,0.000139318339448,0.000644992312257,0.0499292877263,0.0107399852421,0.00811103908885,0.000644992312257,0.000139318339448,0.000644992312257,0.234842329857,0.458676423385,0.234842328773
73,0.0272130590412,0.184589842094,0.0963362769227,0.263414590766,0.0115065825879,0.094013078659,0.0376940132914,0.0193907743997,0.0428452474856,0.0466313794145,0.130093538889,0.0462716164493,1,0.4,46,15,10,3,20,0.00035875314508,7.74906793373e-05,0.00035875314508,0.0460026692191,0.00400715840309,0.00270294438469,0.00035875314508,7.74906793373e-05,0.00035875314508,0.239227759637,0.467241715884,0.239227758533
74,0.106024847767,0.0269052809673,0.0459573704281,0.0751947297295,0.0625598489822,0.0317259027497,0.221622987101,0.0149429496351,0.0197886638702,0.0668591892985,0.151542149053,0.176876080419,1,0.4,46,15,10,3,20,6.5732119318e-05,1.41981377727e-05,6.5732119318e-05,0.00513919349357,0.00213874170571,0.000793016774603,6.5732119318e-05,1.41981377727e-05,6.5732119318e-05,0.250849069203,0.489939586025,0.250849068045
75,0.0188318162473,0.279979146427,0.00952359398402,0.214285984091,0.0758873678462,0.129081664538,0.0359936083043,0.135277635898,0.0012599519389,0.0127373891462,0.0380599891158,0.0490818524625,1,0.4,46,15,10,3,20,0.000887953684361,0.000191797995822,0.000887953684361,0.0800012675774,0.0180556470007,0.00945538536929,0.000887953684361,0.000191797995822,0.000887953684361,0.224772121395,0.439008047572,0.224772120357
76,0.026020530814,0.164612941836,0.0690426380222,0.0125872234511,0.0349873621139,0.105520393692,0.0216530211803,0.0537719559173,0.249778879409,0.105312426784,0.0311493172971,0.125563309483,1,0.4,46,15,10,3,20,0.00023919655863,5.16664566642e-05,0.00023919655863,0.0058072720358,0.00311650923553,0.00127145926655,0.00023919655863,5.16664566642e-05,0.00023919655863,0.250117222128,0.488510197213,0.250117220973
77,0.068129349064,0.0425063705252,0.055217603535,0.0312527603625,0.000884149083997,0.248765824094,0.0494039572359,0.146499452105,0.108482040102,0.143556073869,0.00514151053804,0.100160909485,1,0.4,46,15,10,3,20,0.000237533303187,5.13071934884e-05,0.000237533303187,0.00320089974911,0.00170972599532,0.00102687413966,0.000237533303187,5.13071934884e-05,0.000237533303187,0.251196143796,0.490617466085,0.251196142636
78,0.0686172264818,0.177630785088,0.0532386965472,0.220093761009,0.131849717343,0.0560448220379,0.0358926232288,0.0946467440392,0.00476416073646,0.0364260574576,0.0688271808831,0.0519682251472,1,0.4,46,15,10,3,20,0.000435321440372,9.40294311203e-05,0.000435321440372,0.00390886672855,0.0060861237355,0.000503817906308,0.000435321440372,9.40294311203e-05,0.000435321440372,0.24982054714,0.48793075388,0.249820545986
79,0.129390600343,0.0137590413686,0.00555020647844,0.0498915921188,0.0318113699589,0.152304804599,0.0154658413496,0.115394528443,0.0332460202303,0.113805004795,0.158138053163,0.181242937152,1,0.4,46,15,10,3,20,7.0500680315e-05,1.5228146948e-05,7.0500680315e-05,0.00415111045551,0.000465937046438,0.00163780414221,7.0500680315e-05,1.5228146948e-05,7.0500680315e-05,0.251303131767,0.490826426967,0.251303130607
80,0.0908556190381,0.0331131421201,0.0403601606788,0.0403373284413,0.00426690253105,0.195740977412,0.032160809353,0.0185908663723,0.0944058985552,0.210013074254,0.0947195018116,0.145435719432,1,0.4,46,15,10,3,20,7.35681372778e-05,1.5890717652e-05,7.35681372778e-05,0.00293333902298,0.000725478182524,0.000590326373667,7.35681372778e-05,1.5890717652e-05,7.35681372778e-05,0.251807065517,0.491810672566,0.251807064354
81,0.0334693837435,0.141329609651,0.124696658486,0.0326594282203,0.118439338388,0.0118087464435,0.0385828524057,0.116172503036,0.0333321634784,0.265799268768,0.0517010616697,0.0320089857092,1,0.4,46,15,10,3,20,0.000190322851954,4.1109736022e-05,0.000190322851954,0.00776853448463,0.000652342956095,0.00203370305434,0.000190322851954,4.1109736022e-05,0.000190322851954,0.250106412531,0.488489084718,0.250106411376
82,0.110326285738,0.220504754606,0.0109192616997,0.057038233195,0.119356146565,0.0277041609875,0.0818741474169,0.00831878274232,0.00015665228606,0.0529004374172,0.0222813379227,0.288619799423,1,0.4,46,15,10,3,20,0.000188268491967,4.06659942648e-05,0.000188268491967,0.0180096162251,0.00100386410083,0.00135067809115,0.000188268491967,4.06659942648e-05,0.000188268491967,0.247601945044,0.483597546681,0.247601943901
83,0.0730909309933,0.0408471692689,0.0924101099758,0.0962683413835,0.13638681387,0.0509364028214,0.0232009855442,0.00179762920356,0.0656069638943,0.0857837909426,0.194881682225,0.138789179878,1,0.4,46,15,10,3,20,0.000112560649028,2.43131001901e-05,0.000112560649028,0.0051581799634,0.00201783744006,0.000534309357984,0.000112560649028,2.43131001901e-05,0.000112560649028,0.250887793294,0.490015219014,0.250887792135
84,0.0178317270144,0.112818003973,0.0198542143021,0.0476634720625,0.166175690903,0.0981227317463,0.14260175114,0.0895935730844,0.0220962334962,0.0774930171745,0.0297886032333,0.175960981871,1,0.4,46,15,10,3,20,0.000127645133355,2.75713488048e-05,0.000127645133355,0.00370434731882,0.00310822124493,0.000573388309613,0.000127645133355,2.75713488048e-05,0.000127645133355,0.250952935543,0.490142449969,0.250952934384
85,0.0376012215211,0.166423325697,0.0230135633803,0.0390008180523,0.113791413407,0.0582341090693,0.129107875555,0.123147599562,0.137980889988,0.0324987678185,0.0728607580311,0.0663396579188,1,0.4,46,15,10,3,20,0.000413430367881,8.93009594623e-05,0.000413430367881,0.0134498845249,0.00632561295568,0.00467745551392,0.000413430367881,8.93009594623e-05,0.000413430367881,0.246315187851,0.48108434905,0.246315186714
86,0.0622948892322,0.130168108932,0.276149524704,0.00759151274275,0.0409725513746,0.0736463932264,0.02215256714,0.0831629703267,0.0858941500608,0.106241493039,0.0664401079016,0.0452857313201,1,0.4,46,15,10,3,20,0.000256792818131,5.54672487163e-05,0.000256792818131,0.0120043594519,0.00503354601517,0.0010999158117,0.000256792818131,5.54672487163e-05,0.000256792818131,0.248088303895,0.484547466307,0.248088302749
87,0.0298278722186,0.125583489953,0.180914074209,0.0663124339392,0.0786932112647,0.0680168411257,0.0764403711813,0.0814859569686,0.114066919086,0.0247828628769,0.0651458578373,0.0887301093389,1,0.4,46,15,10,3,20,3.3919382459e-06,7.32658661115e-07,3.3919382459e-06,1.99699248667e-05,2.18447829545e-05,2.8436601972e-05,3.3919382459e-06,7.32658661115e-07,3.3919382459e-06,0.252942853836,0.494029009117,0.252942852668
88,0.063339292023,0.103751826231,0.135932129429,0.0263483494399,0.0683597619833,0.00845003396263,0.0434208647297,0.140961167309,0.00486048942018,0.0203969612084,0.040712379844,0.343466744419,1,0.4,46,15,10,3,20,3.88718829049e-05,8.39632670746e-06,3.88718829049e-05,0.000235992934394,0.000581600618363,8.82376486795e-05,3.88718829049e-05,8.39632670746e-06,3.88718829049e-05,0.25269170392,0.49353848194,0.252691702753
89,0.236299594982,0.0600224146592,0.137992357644,0.0876038463177,0.0184141279108,0.000670945954846,0.0941867570049,0.0970023903515,0.055784028179,0.0573585844232,0.149023235728,0.00564171684524,1,0.4,46,15,10,3,20,0.000364050755028,7.8634963086e-05,0.000364050755028,0.00910020448101,0.00414162976539,0.00167918462938,0.000364050755028,7.8634963086e-05,0.000364050755028,0.248781789488,0.48590193035,0.248781788339
90,0.0289202873119,0.0566497144803,0.0819493559414,0.0125608430619,0.248326906906,0.272973568674,0.0130332559843,0.0835068624713,0.0818694143874,0.0385341776773,0.0206608797218,0.0610147333826,1,0.4,46,15,10,3,20,0.000823382714587,0.000177850666351,0.000823382714587,0.0215811700752,0.0148514471084,0.0025214375414,0.000823382714587,0.000177850666351,0.000823382714587,0.242187311655,0.473022090892,0.242187310537
91,0.0795687632562,0.100674382054,0.0622630484478,0.12621908525,0.109385937873,0.0259280308775,0.157800048138,0.104200078067,0.0309502658115,0.0801232675072,0.00590392987739,0.11698316284,1,0.4,46,15,10,3,20,0.000500453123079,0.000108097874585,0.000500453123079,0.0472037639644,0.00173639924074,0.00459964633611,0.000500453123079,0.000108097874585,0.000500453123079,0.238859683282,0.466522816756,0.238859682179
92,0.0202862662006,0.045134398604,0.100035907946,0.101270703667,0.0662731216697,0.0419041306393,0.133736096647,0.00810966498363,0.138968638423,0.0286997667157,0.26281856995,0.0527627345542,1,0.4,46,15,10,3,20,0.000111039721591,2.39845798636e-05,0.000111039721591,0.00834199557245,0.00156136149129,0.00182446066835,0.000111039721591,2.39845798636e-05,0.000111039721591,0.249873216159,0.488033623057,0.249873215005
93,0.212599964437,0.0473419759171,0.0631031737954,0.0684974607335,0.0676926682627,0.0712502470198,0.0126856728907,0.00179985244172,0.271797921509,0.0150884455207,0.0665980971983,0.101544520274,1,0.4,46,15,10,3,20,0.000401342523211,8.66899850136e-05,0.000401342523211,0.0150666971103,0.00715348266687,0.00240713722067,0.000401342523211,8.66899850136e-05,0.000401342523211,0.246284632107,0.481024669863,0.24628463097
94,0.028225041069,0.156597044888,0.0403785076745,0.18103142653,0.122814753283,0.253195064232,0.0154458287352,0.0249722443438,0.0146245268703,0.122304957032,0.00927896473649,0.0311316406059,1,0.4,46,15,10,3,20,0.000382999959245,8.2727991197e-05,0.000382999959245,0.0123563417035,0.00819573180444,0.00343824866236,0.000382999959245,8.2727991197e-05,0.000382999959245,0.246466333691,0.481379555767,0.246466332553
