run_ID,t1_initial,t2_initial,t3_initial,t4_initial,t5_initial,t6_initial,t7_initial,t8_initial,t9_initial,t10_initial,t11_initial,t12_initial,alpha,prior_cost_c,lambda,k,sample_amount,learning_parameter,generations,t1_final,t2_final,t3_final,t4_final,t5_final,t6_final,t7_final,t8_final,t9_final,t10_final,t11_final,t12_final
0,0.0660524247592,0.118757710322,0.0228057899343,0.212543757267,0.0220538405446,0.0562199930623,0.0712650853431,0.0484308587421,0.319253663221,0.0281299553541,0.0296939837586,0.00479293769133,1,0.4,48,13,10,3,20,0.00287283535375,0.000620532436409,0.00287283535375,0.0482991272934,0.0319030543577,0.00327835776635,0.00287283535375,0.000620532436409,0.00287283535375,0.22862597446,0.446535105711,0.228625974124
1,0.078035574538,0.192771183464,0.00149998238378,0.0100031939905,0.0578899197522,0.242618497225,0.143581817719,0.0625561960519,0.00475701688383,0.103790980554,0.0103053449829,0.0921902924561,1,0.4,48,13,10,3,20,6.45442575931e-07,1.39415596401e-07,6.45442575931e-07,8.4833437586e-06,1.4275177432e-06,2.79946627413e-06,6.45442575931e-07,1.39415596401e-07,6.45442575931e-07,0.252960488264,0.494063452914,0.252960487892
2,0.0611473234577,0.0806907924323,0.0231998989941,0.00606847129315,0.0802466113529,0.175853198297,0.0135160621199,0.0476699944555,0.0835954685115,0.163421666307,0.0334811628604,0.231109349918,1,0.4,48,13,10,3,20,0.00013575237225,2.93225124061e-05,0.00013575237225,0.00347598792855,0.000742873327529,0.00104422228697,0.00013575237225,2.93225124061e-05,0.00013575237225,0.251480857053,0.491173548208,0.251480856682
3,0.00179744109941,0.0839828930309,0.12579454182,0.129581816183,0.0655429487631,0.14281342288,0.000966308468698,0.0176908457331,0.176365994191,0.0882940397461,0.134647342216,0.0325224058675,1,0.4,48,13,10,3,20,0.000233401153103,5.04146490702e-05,0.000233401153103,0.0186658672721,0.00468729435891,0.00265485759287,0.000233401153103,5.04146490702e-05,0.000233401153103,0.24612364849,0.480710250249,0.246123648127
4,0.102042664028,0.00456923898228,0.0105249089848,0.1849519997,0.124738224392,0.0541925518776,0.030563592133,0.0105837374065,0.205309067843,0.0856534077556,0.00987377745635,0.17699682944,1,0.4,48,13,10,3,20,0.000340357638573,7.35172499317e-05,0.000340357638573,0.0102321573303,0.0028531584443,0.00176393223105,0.000340357638573,7.35172499317e-05,0.000340357638573,0.248826507642,0.485989272023,0.248826507276
5,0.129883262761,0.0938831824102,0.030246623073,0.129417915465,0.0672175025849,0.0342330979462,0.000155302220426,0.0183014167306,0.0392195164083,0.109656784671,0.0197470232045,0.328038372525,1,0.4,48,13,10,3,20,7.4490208817e-05,1.60898851045e-05,7.4490208817e-05,0.000645806464759,0.000265938609976,0.000380823741482,7.4490208817e-05,1.60898851045e-05,7.4490208817e-05,0.252553939396,0.493269412157,0.252553939025
6,0.166946121656,0.0791994302638,0.193445480945,0.00910087459316,0.0250832248578,0.19261353949,0.006790252974,0.0685745233472,0.0140562747969,0.00131205230418,0.0571979337295,0.185680291043,1,0.4,48,13,10,3,20,9.57913027521e-08,2.06909213945e-08,9.57913027521e-08,2.54399841911e-06,9.37548669468e-07,5.75543599522e-07,9.57913027521e-08,2.06909213945e-08,9.57913027521e-08,0.252963293461,0.494068931813,0.252963293088
7,0.0244501401114,0.00934287745528,0.0147045261776,0.328818149079,0.13990727931,0.0642217890382,0.0260916090563,0.139992647282,0.037629246219,0.0628967816123,0.1502638531,0.00168110155958,1,0.4,48,13,10,3,20,0.000425464592542,9.19003519891e-05,0.000425464592542,0.0117621063866,0.00338969430406,0.00459753686095,0.000425464592542,9.19003519891e-05,0.000425464592542,0.247491542628,0.483381918483,0.247491542263
8,0.108634915132,0.0412378382555,0.215919473574,0.136560229841,0.233135121337,0.0236235288386,0.0788038023309,0.0107429772208,0.0228032012647,0.0558924858562,0.0185539783434,0.0540924480049,1,0.4,48,13,10,3,20,2.37497177452e-06,5.12993903295e-07,2.37497177452e-06,7.41988059133e-06,1.84010522618e-05,3.97347438942e-06,2.37497177452e-06,5.12993903295e-07,2.37497177452e-06,0.252954227559,0.494051224973,0.252954227186
9,0.0823460247254,0.0969935572058,0.0523223174349,0.216414851751,0.149112409237,0.109562851311,0.07935812255,0.0260731496212,0.103934212592,0.0735908129443,0.00343791002896,0.00685378059824,1,0.4,48,13,10,3,20,0.00139870733027,0.000302120783339,0.00139870733027,0.0766030468469,0.00780787091348,0.0220846887472,0.00139870733027,0.000302120783339,0.00139870733027,0.224456682645,0.438391957645,0.224456682314
10,0.067790594489,0.00762469400406,0.0587512007601,0.277670544857,0.0467159685717,0.0107209323883,0.059726909982,0.099561660649,0.17010270885,0.0638143283487,0.13100692575,0.0065135313495,1,0.4,48,13,10,3,20,0.000131133250921,2.8324782199e-05,0.000131133250921,0.00122782091717,0.00447039381179,0.000302254896233,0.000131133250921,2.8324782199e-05,0.000131133250921,0.251299503279,0.490819341619,0.251299502909
11,0.120845582396,0.0168086540206,0.0793344106632,0.138401025086,0.000365661727155,0.0360116372793,0.188854729492,0.0778450972102,0.0897483827397,0.000977644280612,0.222554278541,0.0282528965638,1,0.4,48,13,10,3,20,0.000305150439097,6.59124948449e-05,0.000305150439097,0.00632565099588,0.00338829809575,0.00108495960647,0.000305150439097,6.59124948449e-05,0.000305150439097,0.249890571546,0.488067521832,0.249890571178
12,0.0730368212998,0.157102622051,0.0162796861723,0.138823581349,0.0192156342971,0.246700058831,0.104570578222,0.0906943249034,0.0182192857773,0.105211275112,0.00104803211008,0.0290980998756,1,0.4,48,13,10,3,20,0.000919177616797,0.000198542365228,0.000919177616797,0.0687822808862,0.00893488834142,0.00579133147085,0.000919177616797,0.000198542365228,0.000919177616797,0.230809221845,0.450799260753,0.230809221506
13,0.0362611731118,0.101564803561,0.0278537637563,0.045455399787,0.132508832175,0.141847327,0.203852981788,0.0356385731598,0.0941427553873,0.079060945152,0.0741957424961,0.0276177026263,1,0.4,48,13,10,3,20,0.000241410687136,5.21447084214e-05,0.000241410687136,0.002081546589,0.00354760892246,0.00147590545566,0.000241410687136,5.21447084214e-05,0.000241410687136,0.250896444701,0.490032117835,0.250896444332
14,0.0288652626893,0.109605908085,0.143290944229,0.171749156272,0.0161465023405,0.149761300474,0.0100936171319,0.155380507193,0.136815114181,0.0255686852641,0.0359083242034,0.0168146779364,1,0.4,48,13,10,3,20,0.00257609919367,0.000556437425832,0.00257609919367,0.0483579934808,0.0096899813753,0.014876461357,0.00257609919367,0.000556437425832,0.00257609919367,0.231628975347,0.452400341808,0.231628975006
15,0.126524444676,0.0162367574756,0.043827436791,0.00669136224028,0.258685335686,0.091407119249,0.0332820818283,0.138471491544,0.00191087180293,0.12660199276,0.139862094676,0.0164990112696,1,0.4,48,13,10,3,20,0.000113736463804,2.45670761817e-05,0.000113736463804,0.00302089986404,0.00071283659174,0.0015915173826,0.000113736463804,2.45670761817e-05,0.000113736463804,0.251489813059,0.491191040407,0.251489812688
16,0.022626277832,0.0123224982271,0.0348909106707,0.169472272267,0.0319921831095,0.224317361072,0.212228194028,0.0595905195794,0.0937708116693,0.0149099227874,0.0620885265922,0.0617905221661,1,0.4,48,13,10,3,20,0.000613213873389,0.000132454196652,0.000613213873389,0.00471669137359,0.00464092626662,0.00268842844891,0.000613213873389,0.000132454196652,0.000613213873389,0.249229708422,0.486776773546,0.249229708056
17,0.149282803675,0.082298077376,0.149546564235,0.0244859591906,0.128933601752,0.0451657980966,0.110847470103,0.113452131314,0.0311134719318,0.0107059944378,0.0541482088862,0.100019919002,1,0.4,48,13,10,3,20,0.000632003050088,0.000136512658819,0.000632003050088,0.0118607145083,0.00209664863061,0.00694745638589,0.000632003050088,0.000136512658819,0.000632003050088,0.246967688609,0.482358766104,0.246967688245
18,0.28167770275,0.0273527380681,0.0669488857814,0.0545599741733,0.0153782754738,0.161920082823,0.0893877303834,0.0101685870219,0.0354859795565,0.207230027951,0.0111442671376,0.0387457488799,1,0.4,48,13,10,3,20,0.000392989807841,8.48857984936e-05,0.000392989807841,0.0163057860596,0.00277201382911,0.000812583394324,0.000392989807841,8.48857984936e-05,0.000392989807841,0.247492271801,0.48338334265,0.247492271437
19,0.0110641417522,0.0347216350572,0.201876922143,0.0676840106079,0.0642151050679,0.160037812272,0.0093015545131,0.247135812348,0.00333094347932,0.0376768923497,0.0708965639479,0.0920586064616,1,0.4,48,13,10,3,20,0.000357879902534,7.73020589474e-05,0.000357879902534,0.00825148174054,0.00540858237353,0.000647944085263,0.000357879902534,7.73020589474e-05,0.000357879902534,0.248943777178,0.486218314084,0.248943776811
20,0.0332055735037,0.176629375327,0.000832947618914,0.195546227444,0.110350914737,0.0124392974122,0.279378920186,0.0163512578491,0.017334199053,0.0529726400854,0.0567194450178,0.0482392017665,1,0.4,48,13,10,3,20,1.5266218811e-06,3.29750326318e-07,1.5266218811e-06,1.1617797129e-05,2.73635228707e-05,1.48741244959e-06,1.5266218811e-06,3.29750326318e-07,1.5266218811e-06,0.252952478452,0.494047808748,0.252952478079
21,0.0149958738156,0.0205602819654,0.000447291095193,0.0781054514836,0.265900541818,0.0970801765805,0.130140403025,0.199398550047,0.0403584912839,0.0366936272917,0.0964056061214,0.0199137054726,1,0.4,48,13,10,3,20,0.000418955734175,9.04944385819e-05,0.000418955734175,0.00247394360611,0.00301414924923,0.00187113617257,0.000418955734175,9.04944385819e-05,0.000418955734175,0.250633096664,0.4895177662,0.250633096295
22,0.0883215587046,0.106488972297,0.240549478255,0.16175586464,0.0295017365536,0.00101732045496,0.0229142806778,0.0398968313957,0.0496760242855,0.0208912322378,0.144718260586,0.094268439913,1,0.4,48,13,10,3,20,0.000249616047505,5.3917066261e-05,0.000249616047505,0.00606397502257,0.0028027685502,0.00161342515323,0.000249616047505,5.3917066261e-05,0.000249616047505,0.250033463156,0.488346607008,0.250033462788
23,0.108240675827,0.0294569738318,0.0126739719125,0.111100388081,0.173225933196,0.121478749793,0.130727870965,0.0170407868446,0.112135687227,0.0231608404032,0.131934021934,0.0288240999844,1,0.4,48,13,10,3,20,0.000366885342829,7.92472340511e-05,0.000366885342829,0.00526218583877,0.00590862557673,0.000753526328621,0.000366885342829,7.92472340511e-05,0.000366885342829,0.249536664664,0.487376297455,0.249536664297
24,0.0335298086886,0.0348249977251,0.0114582561396,0.122080153204,0.0578921041496,0.019064830245,0.00768308139988,0.0395613032922,0.182220238378,0.0768789024827,0.381721852283,0.0330844720122,1,0.4,48,13,10,3,20,0.00010228807501,2.20942242021e-05,0.00010228807501,0.00300160202209,0.000643905443888,0.0008150712418,0.00010228807501,2.20942242021e-05,0.00010228807501,0.251721380335,0.491643320244,0.251721379965
25,0.0640160353125,0.0672384122611,0.0585698939852,0.214609966062,0.0621024696972,0.169551863722,0.112068354807,0.0708721157429,0.00772977174128,0.0640975182372,0.0343218006379,0.0748217977933,1,0.4,48,13,10,3,20,0.000520184707576,0.000112359896836,0.000520184707576,0.0157935144756,0.00412611153751,0.00630756281664,0.000520184707576,0.000112359896836,0.000520184707576,0.245746682337,0.479973988233,0.245746681976
26,0.0617019162232,0.0517167885778,0.0941648403803,0.0715043080532,0.0274187020852,0.0236610978193,0.195281350297,0.120171830671,0.0876231005143,0.0956126123689,0.122956204215,0.0481872487945,1,0.4,48,13,10,3,20,0.000183378200758,3.96096913637e-05,0.000183378200758,0.00984387388166,0.001485290748,0.00189619082988,0.000183378200758,3.96096913637e-05,0.000183378200758,0.249413290356,0.48713533201,0.249413289989
27,0.0171515260769,0.028861321431,0.133837352883,0.0142714404191,0.0923348261486,0.0434117906417,0.231611549012,0.00248416960186,0.100969075218,0.0470282920902,0.148422391486,0.139616264991,1,0.4,48,13,10,3,20,0.000207946601265,4.49164658732e-05,0.000207946601265,0.00277134959974,0.000865122243034,0.000420524372605,0.000207946601265,4.49164658732e-05,0.000207946601265,0.251705014525,0.491611355769,0.251705014154
28,0.103118541605,0.0922812161846,0.150767050387,0.00367645357517,0.112006460105,0.105591806368,0.0315694782989,0.0591785935888,0.0178544727207,0.10918278918,0.116949986575,0.0978231514113,1,0.4,48,13,10,3,20,0.000226775706489,4.89835526016e-05,0.000226775706489,0.0137335649521,0.00326801406231,0.000894550682185,0.000226775706489,4.89835526016e-05,0.000226775706489,0.248183096019,0.484732608699,0.248183095654
29,0.181486942884,0.031462624641,0.0528557962095,0.0165014880456,0.052042096854,0.0283213685502,0.159335583259,0.116935120822,0.0735744230511,0.0093954087874,0.181157254425,0.0969318924705,1,0.4,48,13,10,3,20,9.83238394529e-05,2.12379493218e-05,9.83238394529e-05,0.0220625341033,0.00357711998697,0.00100779380385,9.83238394529e-05,2.12379493218e-05,9.83238394529e-05,0.246113336138,0.480690108936,0.246113335775
30,0.0223965019679,0.0495391021023,0.0716154103453,0.0770552446112,0.131136497871,0.0477202574842,0.0536434800161,0.212410248046,0.150432260785,0.105411548583,0.0369656955652,0.0416737526231,1,0.4,48,13,10,3,20,0.00046988396388,0.000101494936198,0.00046988396388,0.00864211778806,0.00486033237968,0.00116930968808,0.00046988396388,0.000101494936198,0.00046988396388,0.248726188901,0.485793336981,0.248726188534
31,0.00151346635199,0.0158441743912,0.000135433467089,0.145077844844,0.212843184032,0.0284441978597,0.0266834214629,0.0963428854449,0.0272033236004,0.0578414150667,0.357409866569,0.0306607869108,1,0.4,48,13,10,3,20,0.000189470984999,4.09257327597e-05,0.000189470984999,0.0139243020387,0.00147236457301,0.000662175016451,0.000189470984999,4.09257327597e-05,0.000189470984999,0.248689688297,0.485722046739,0.24868968793
32,0.032622433443,0.0148108562167,0.0229365767638,0.106423623572,0.200038062388,0.00367881644035,0.0210381366836,0.31944426884,0.149275707462,0.123308850711,0.00334284403666,0.00307982344272,1,0.4,48,13,10,3,20,0.000619798811582,0.000133876543302,0.000619798811582,0.010335925496,0.00563539484398,0.00567633724273,0.000619798811582,0.000133876543302,0.000619798811582,0.246793459645,0.482018475159,0.246793459281
33,0.0450917056943,0.0832895609529,0.111903467356,0.00398473190528,0.128754143098,0.211268342908,0.245667280267,0.0133977506848,0.0172976779765,0.0803365964182,0.0489367653417,0.0100719773969,1,0.4,48,13,10,3,20,0.000668401787461,0.000144374786092,0.000668401787461,0.00734089311754,0.00367801968385,0.00540104960214,0.000668401787461,0.000144374786092,0.000668401787461,0.248061389901,0.484494901437,0.248061389536
34,0.00681488974716,0.122340473405,0.0608184044239,0.0336737149305,0.0195516687408,0.00987188826905,0.176468425499,0.118915511536,0.0564340085663,0.00758835419008,0.296927578246,0.0905950824462,1,0.4,48,13,10,3,20,2.49793739202e-05,5.39554476677e-06,2.49793739202e-05,0.00120434531803,0.00070229021299,0.00016018991023,2.49793739202e-05,5.39554476677e-06,2.49793739202e-05,0.252413588508,0.492995289329,0.252413588136
35,0.00575836591466,0.104919957346,0.00339248707292,0.0901314049204,0.0376912076547,0.0603569098737,0.381775617079,0.0843942570092,0.0299350303599,0.0362952874303,0.103481431019,0.0618680443202,1,0.4,48,13,10,3,20,0.000286827157337,6.19546659848e-05,0.000286827157337,0.00194350922239,0.00196449097667,0.000848256866107,0.000286827157337,6.19546659848e-05,0.000286827157337,0.251439690388,0.491093144567,0.251439690018
36,0.0397761617031,0.339296833927,0.0105421223042,0.112950260509,0.0465157518908,0.0412959009738,0.0960149719273,0.0809411806915,0.0163002746886,0.0441839423966,0.139195628259,0.032986970729,1,0.4,48,13,10,3,20,4.81122826486e-06,1.03922530521e-06,4.81122826486e-06,2.10802535267e-05,7.8461109239e-05,5.64731628402e-06,4.81122826486e-06,1.03922530521e-06,4.81122826486e-06,0.252932424109,0.494008640111,0.252932423737
37,0.132436899387,0.00687720957685,0.221065133159,0.00291378886266,0.0323200110214,0.247238134891,0.064716815912,0.0819884121571,0.0961396375949,0.0728392412569,0.0172065809224,0.0242581352587,1,0.4,48,13,10,3,20,0.00132900176043,0.000287064380253,0.00132900176043,0.0237667698832,0.00655620965972,0.00906054929389,0.00132900176043,0.000287064380253,0.00132900176043,0.241511800515,0.471702734686,0.241511800159
38,0.0636603772204,0.183424570623,0.0259585328425,0.0201266040357,0.119838353976,0.0496239971467,0.0332054951491,0.0450333397635,0.129135364162,0.090129920558,0.0127142917722,0.227149152751,1,0.4,48,13,10,3,20,0.00014589089386,3.15124330738e-05,0.00014589089386,0.00760848663622,0.00176125160023,0.00143035183845,0.00014589089386,3.15124330738e-05,0.00014589089386,0.250068824682,0.488415672488,0.250068824314
39,0.15608909681,0.0442250206126,0.172574673092,0.124577952652,0.0370437374813,0.00921844132595,0.24507061598,0.107097912639,0.00712943858786,0.0349895189562,0.0455931570916,0.0163904347722,1,0.4,48,13,10,3,20,0.00147503254068,0.000318607028788,0.00147503254068,0.0200544480562,0.00731802616107,0.0048361465136,0.00147503254068,0.000318607028788,0.00147503254068,0.243163076327,0.474927882752,0.243163075969
40,0.156346223748,0.165974877724,0.100368078453,0.0562958679909,0.0604844290359,0.00458039850986,0.0827805013735,0.136374658181,0.128814460228,0.036686067795,0.0552150010748,0.0160794358845,1,0.4,48,13,10,3,20,0.00176352245433,0.000380920850135,0.00176352245433,0.0624027776725,0.0143429919293,0.00341790960375,0.00176352245433,0.000380920850135,0.00176352245433,0.230708715328,0.450602958961,0.230708714988
41,0.0554990954787,0.242213725714,0.0341427072398,0.0452261988062,0.009394589774,0.0262849774873,0.0279536398837,0.00293610075618,0.0516832046522,0.0350954404657,0.322223627212,0.14734669253,1,0.4,48,13,10,3,20,5.86918402369e-05,1.26774374912e-05,5.86918402369e-05,0.00197861658631,0.000354313613703,0.000657980794639,5.86918402369e-05,1.26774374912e-05,5.86918402369e-05,0.252142031397,0.492464904347,0.252142031026
42,0.0888677861991,0.0129304781039,0.0381455815419,0.285282268361,0.0126497022035,0.0451110094238,0.00233911261339,0.0510863848691,0.14256167576,0.0849041863521,0.0445361613061,0.191585653266,1,0.4,48,13,10,3,20,0.000217408345793,4.69602026914e-05,0.000217408345793,0.0079797850111,0.00192639545989,0.00234403673394,0.000217408345793,4.69602026914e-05,0.000217408345793,0.249621813146,0.487542603083,0.249621812778
43,0.00780501802843,0.113873354076,0.070733315841,0.109883955951,0.0555231884919,0.0669496240414,0.0297459695555,0.069609916849,0.295078920041,0.096264556458,0.047929263547,0.0366029171198,1,0.4,48,13,10,3,20,0.000317657959015,6.86141191472e-05,0.000317657959015,0.00847760615196,0.00837799017164,0.0011070260218,0.000317657959015,6.86141191472e-05,0.000317657959015,0.248064384167,0.484500749612,0.248064383801
44,0.161289619233,0.0149194449103,0.0807146736062,0.191111126114,0.000462705677702,0.0847858715452,0.0431582952252,0.191238977737,0.135356594461,0.0778206256399,0.0159074846439,0.00323458120606,1,0.4,48,13,10,3,20,0.000783921252467,0.000169326990533,0.000783921252467,0.0136801566568,0.0107654156384,0.0108540689322,0.000783921252467,0.000169326990533,0.000783921252467,0.243155989461,0.474914041217,0.243155989103
45,0.070360997814,0.0169991420945,0.239228986687,0.014404500337,0.0174939584138,0.0825932909379,0.0307872296648,0.13881638546,0.13158832861,0.114629561369,0.0640409718622,0.0790566467483,1,0.4,48,13,10,3,20,0.000206470178174,4.45975584856e-05,0.000206470178174,0.0194407986553,0.00592710061525,0.000842535512971,0.000206470178174,4.45975584856e-05,0.000206470178174,0.246102637902,0.480669213945,0.24610263754
46,0.0575137134354,0.0523786133653,0.0204648621932,0.00818922908832,0.352759278906,0.0263922153179,0.105667910859,0.0465628749395,0.0604877582143,0.0012781575122,0.0251733196793,0.24313206649,1,0.4,48,13,10,3,20,0.000144532097664,3.12189330953e-05,0.000144532097664,0.000689168031439,0.000580870639039,0.000991891362171,0.000144532097664,3.12189330953e-05,0.000144532097664,0.252230198845,0.492637106393,0.252230198473
47,0.0206890907792,0.00675372074191,0.148280469703,0.0357777570233,0.00297841824901,0.0766344608128,0.107362075222,0.0571854447687,0.0342718814954,0.276272273957,0.0742969845748,0.159497422674,1,0.4,48,13,10,3,20,5.16704143301e-05,1.11608094953e-05,5.16704143301e-05,0.00176407856899,0.00052773525259,0.000461794679405,5.16704143301e-05,1.11608094953e-05,5.16704143301e-05,0.252209932476,0.492597523642,0.252209932105
48,0.00998751670457,0.0815774038507,0.0403550761766,0.0192966343602,0.0384061780329,0.0778874930449,0.0787298972373,0.0490032059455,0.250944331772,0.116400380873,0.0294404973926,0.207971384609,1,0.4,48,13,10,3,20,0.000131419763898,2.8386669002e-05,0.000131419763898,0.00272068475523,0.00166553860654,0.000234455541845,0.000131419763898,2.8386669002e-05,0.000131419763898,0.251648220028,0.491500429018,0.251648219657
49,0.0707805460997,0.0774858694978,0.0652083581945,0.0131349788361,0.0972510201607,0.0599323064203,0.174748621205,0.0898454495664,0.000468070727967,0.0436357912596,0.000372344856665,0.307136643175,1,0.4,48,13,10,3,20,1.24637710245e-06,2.6921745413e-07,1.24637710245e-06,9.83157482592e-06,6.55954859617e-06,2.36263834611e-06,1.24637710245e-06,2.6921745413e-07,1.24637710245e-06,0.25295828576,0.494059151147,0.252958285388
50,0.0315391293274,0.0714849591715,0.0624399454147,0.053892630244,0.0301933825016,0.0162521167866,0.0164992501598,0.0678045814124,0.0875033577931,0.133288066249,0.0998810822732,0.329221498666,1,0.4,48,13,10,3,20,3.61768987638e-05,7.81421013298e-06,3.61768987638e-05,0.000786842164711,0.000199435587167,0.000508479235016,3.61768987638e-05,7.81421013298e-06,3.61768987638e-05,0.252545747503,0.493253412365,0.252545747131
51,0.0832370166098,0.0100236579489,0.172344601919,0.128724878201,0.0546061714371,0.0476623761888,0.100965503518,0.111732699844,0.154801379813,0.0624234706762,0.0403384907755,0.0331397530681,1,0.4,48,13,10,3,20,1.53140662752e-06,3.30783831544e-07,1.53140662752e-06,1.53054442431e-05,1.1972353923e-05,7.48828614191e-06,1.53140662752e-06,3.30783831544e-07,1.53140662752e-06,0.252953915654,0.494050615785,0.252953915282
52,0.0312838377992,0.155599938606,0.0590710027102,0.0674703482669,0.187794524791,0.148154157216,9.7480026904e-05,0.0531861295393,0.124194524756,0.076890461795,0.0339399674282,0.0623176270649,1,0.4,48,13,10,3,20,0.000417054873899,9.00838527621e-05,0.000417054873899,0.0041253627864,0.00414630324226,0.00171304552446,0.000417054873899,9.00838527621e-05,0.000417054873899,0.249971074108,0.488224753398,0.24997107374
53,0.0757003699629,0.190629781288,0.019940304629,0.0454166640433,0.175681023584,0.0834446433309,0.0976357252837,0.0272654480596,0.0268606936623,0.0610564544892,0.132026142816,0.064342748851,1,0.4,48,13,10,3,20,0.000137659550927,2.97344630003e-05,0.000137659550927,0.00071044497709,0.000911203228144,0.000410320279409,0.000137659550927,2.97344630003e-05,0.000137659550927,0.252296076011,0.492765772734,0.25229607564
54,0.0758416509773,0.00499617011999,0.0370038566071,0.0106588724332,0.117702699203,0.281466898732,0.00189479542942,0.0963967079231,0.0177549313596,0.0228199852004,0.182562540589,0.150900891426,1,0.4,48,13,10,3,20,0.000161907900969,3.49721066092e-05,0.000161907900969,0.00250267463831,0.00103405495101,0.000937507516092,0.000161907900969,3.49721066092e-05,0.000161907900969,0.251651083174,0.4915060211,0.251651082803
55,0.0569848811682,0.0290169308772,0.179276222191,0.0875588473064,0.0591942123648,0.0216536009806,0.0490028524916,0.155658095461,0.0988386829854,0.167710438754,0.0727583914967,0.0223468439225,1,0.4,48,13,10,3,20,0.000256129548907,5.53239825639e-05,0.000256129548907,0.0105679004438,0.00383969917707,0.00164109558199,0.000256129548907,5.53239825639e-05,0.000256129548907,0.24861752151,0.485581095983,0.248617521143
56,0.0621863035698,0.0341539459302,0.0513129985311,0.11683762047,0.101454601782,0.0544489070234,0.102248765462,0.110761572246,0.073318815095,0.128253415115,0.0449678983606,0.120055156414,1,0.4,48,13,10,3,20,6.79629943237e-07,1.46800067739e-07,6.79629943237e-07,8.20618886261e-06,2.8752119468e-06,1.77203218386e-06,6.79629943237e-07,1.46800067739e-07,6.79629943237e-07,0.252960413735,0.494063307349,0.252960413363
57,0.0526426818553,0.0326949208664,0.00823581131631,0.0346274089673,0.0650659175366,0.0678694469959,0.0948816929973,0.226025402499,0.0806001284808,0.102581701577,0.0533023824172,0.181472504491,1,0.4,48,13,10,3,20,0.000170890349676,3.691231553e-05,0.000170890349676,0.00702559480171,0.00115932962493,0.00245819545513,0.000170890349676,3.691231553e-05,0.000170890349676,0.250080504709,0.48843848504,0.25008050434
58,0.18871023374,0.0295403018178,0.12255884759,0.0342932917677,0.00262434081171,0.0275241243285,0.300572487267,0.0433344359387,0.0853919835848,0.0361700324146,0.123912080754,0.00536783998629,1,0.4,48,13,10,3,20,0.000503273230946,0.000108707017884,0.000503273230946,0.0285744482291,0.00475774189976,0.00846520762097,0.000503273230946,0.000108707017884,0.000503273230946,0.241826933462,0.472318228723,0.241826933106
59,0.0128509036945,0.163849907711,0.0824547968937,0.0953325400563,0.0306161005127,0.0903439091524,0.0680960004724,0.182503717471,0.00994907252343,0.0702033981904,0.0402669688118,0.15353268451,1,0.4,48,13,10,3,20,0.000100494182201,2.17067433554e-05,0.000100494182201,0.0061442774437,0.00577765948956,0.00020042159648,0.000100494182201,2.17067433554e-05,0.000100494182201,0.249785233794,0.487861784035,0.249785233426
60,0.0951812316133,0.0222110969261,0.0400356804785,0.35390397669,0.00690009154968,0.013144197143,0.0967788286179,0.052857992698,0.0301776234638,0.0113456500051,0.0104967961737,0.266966834641,1,0.4,48,13,10,3,20,0.000399308523882,8.62506411586e-05,0.000399308523882,0.0225908857084,0.00320894196239,0.00273117137693,0.000399308523882,8.62506411586e-05,0.000399308523882,0.245299419229,0.479100427477,0.245299418868
61,0.176281259479,0.0610191972628,0.0075575629677,0.0502344973377,0.178635297115,0.162780482239,0.00181465322083,0.020260632711,0.0945735165548,0.177930566534,0.0204544130729,0.0484579215055,1,0.4,48,13,10,3,20,0.000229691161367,4.96132908553e-05,0.000229691161367,0.0235582386556,0.00601221495225,0.00222561383909,0.000229691161367,4.96132908553e-05,0.000229691161367,0.244663637601,0.477858666485,0.24466363724
62,0.126182561893,0.241518785452,0.110687428264,0.0464832587537,0.233159031901,0.0516754771973,0.00485612602416,0.0225921835555,0.0453770044139,0.0279023298215,0.0481450883203,0.0414207244051,1,0.4,48,13,10,3,20,0.00124656278687,0.000269257561964,0.00124656278687,0.0273260873821,0.0119436899454,0.00295371642794,0.00124656278687,0.000269257561964,0.00124656278687,0.24088581591,0.470480108507,0.240885815556
63,0.117208661794,0.0137589980528,0.0631320487685,0.0675524327265,0.219578250601,0.0303605097306,0.00154444311859,0.171422431136,0.0569673568146,0.102056687469,0.0489165387436,0.107501641045,1,0.4,48,13,10,3,20,0.000136574557909,2.95001045083e-05,0.000136574557909,0.00211520744203,0.00288957454418,0.00032833840124,0.000136574557909,2.95001045083e-05,0.000136574557909,0.251462218439,0.491137144665,0.251462218068
64,0.00262386648338,0.0286302471337,0.116674991725,0.06734179772,0.293750989614,0.0309464931816,0.0440150073055,0.0244618186116,0.0900113838196,0.134327993883,0.12359356785,0.0436218426719,1,0.4,48,13,10,3,20,0.000232810971827,5.02871699147e-05,0.000232810971827,0.00633224228183,0.00334795536512,0.000431871193912,0.000232810971827,5.02871699147e-05,0.000232810971827,0.250145420147,0.488565273006,0.250145419779
65,0.0125478217821,0.015108358661,0.00782827358687,0.103038257567,0.17514769433,0.304851279785,0.0227007537698,0.139476905613,0.0333367169603,0.00651829130222,0.119222461057,0.0602231855862,1,0.4,48,13,10,3,20,0.000634012881943,0.0001369467825,0.000634012881943,0.0243611955027,0.0083690497345,0.00124652307446,0.000634012881943,0.0001369467825,0.000634012881943,0.243658697272,0.475895892409,0.243658696914
66,0.0208720760697,0.0378743821109,0.0174922564434,0.0327262145271,0.0583529756913,0.150746436588,0.416921886785,0.0368778654832,0.00624212494564,0.105788527675,0.0934275330621,0.0226777206181,1,0.4,48,13,10,3,20,0.00018771901566,4.05473073826e-05,0.00018771901566,0.000776002717072,0.000914869442215,0.000866344772456,0.00018771901566,4.05473073826e-05,0.00018771901566,0.252107083254,0.492396646255,0.252107082882
67,0.147701666923,0.0473498447316,0.00587951576886,0.0389508626153,0.0697445132188,0.0193066870404,0.21355108207,0.0450200298822,0.0811867812721,0.0405991539933,0.0876070303279,0.203102832156,1,0.4,48,13,10,3,20,0.000161389226736,3.48600729749e-05,0.000161389226736,0.00744132962745,0.00126562042338,0.00216963715744,0.000161389226736,3.48600729749e-05,0.000161389226736,0.250032097853,0.488343940401,0.250032097485
68,0.0791343985615,0.117348828065,0.0704826688395,0.166851054336,0.104646774036,0.0663382480592,0.0736506262744,0.048740378879,0.0379932661857,0.00356335695145,0.102533973871,0.12871642594,1,0.4,48,13,10,3,20,0.00030746336651,6.64120871661e-05,0.00030746336651,0.0326725921442,0.00454770342076,0.00197611623021,0.00030746336651,6.64120871661e-05,0.00030746336651,0.242704420331,0.47403207026,0.242704419973
69,0.0671169978807,0.045491951416,0.0649489992691,0.0464853592247,0.13773193631,0.162019342776,0.115739891994,0.0528541731347,0.0174802271026,0.0774445075721,0.115672525063,0.0970140882579,1,0.4,48,13,10,3,20,0.000332667193692,7.18561138375e-05,0.000332667193692,0.013735229305,0.00161216166094,0.00337304980415,0.000332667193692,7.18561138375e-05,0.000332667193692,0.247855855634,0.484093467323,0.24785585527
70,0.190052088196,0.115760466583,0.036142298353,0.241351422185,0.0435668614749,0.0399585936513,0.106167348993,0.0501989095299,0.0189960662512,0.0141701485447,0.0995818913139,0.0440539049238,1,0.4,48,13,10,3,20,0.000428225385237,9.24966832111e-05,0.000428225385237,0.0150847815697,0.0122771375707,0.00161015469402,0.000428225385237,9.24966832111e-05,0.000428225385237,0.245155423197,0.478819185226,0.245155422836
71,0.0109383882898,0.197178422207,0.0109145637263,0.0367712420699,0.1219956131,0.0215291529159,0.00927453656115,0.138501107161,0.0227288016875,0.250901107624,0.0675480519437,0.111719012714,1,0.4,48,13,10,3,20,0.000110850847737,2.39437831112e-05,0.000110850847737,0.00594536751534,0.00120676132155,0.00108576932616,0.000110850847737,2.39437831112e-05,0.000110850847737,0.25075625283,0.489758305588,0.250756252461
72,0.278296349777,0.0470178125192,0.00620268662991,0.0458885820038,0.0315944796155,0.010544420962,0.11772963694,0.0640583621942,0.0202215095155,0.14525931159,0.0565534967241,0.176633351528,1,0.4,48,13,10,3,20,0.000103673617008,2.23935012737e-05,0.000103673617008,0.00453246038528,0.00181306387029,0.000669000450997,0.000103673617008,2.23935012737e-05,0.000103673617008,0.251073769465,0.490378455263,0.251073769095
73,0.327986524219,0.0750251186739,0.0316676752686,0.112543560436,0.0525297150437,0.132464069209,0.0425549021408,0.0674410207619,0.0674465109255,0.0500833679049,0.0062562557599,0.0340012796569,1,0.4,48,13,10,3,20,1.31400477775e-05,2.83825031995e-06,1.31400477775e-05,3.6970010143e-05,0.000150218416384,2.93308434536e-05,1.31400477775e-05,2.83825031995e-06,1.31400477775e-05,0.252894923671,0.493935397068,0.252894923299
74,0.130294874154,0.0143294481392,0.0510350891717,0.0275377788088,0.030511760219,0.0160326848609,0.00552934551101,0.0879682947664,0.101978439781,0.0525071627467,0.111966056179,0.370309065662,1,0.4,48,13,10,3,20,6.55809990845e-05,1.41654958023e-05,6.55809990845e-05,0.00312739210854,0.000377850448766,0.000765861762344,6.55809990845e-05,1.41654958023e-05,6.55809990845e-05,0.251810464326,0.491817312412,0.251810463955
75,0.0215729097991,0.0489762687213,0.0925631231486,0.143104986794,0.0876163929851,0.072325694905,0.224352567473,0.229921984486,0.0225145581804,0.0174918317129,0.0292353433929,0.0103243384019,1,0.4,48,13,10,3,20,0.0020068508809,0.000433479790274,0.0020068508809,0.0678299310771,0.0379475019207,0.0162134608879,0.0020068508809,0.000433479790274,0.0020068508809,0.219855113098,0.429404517138,0.219855112774
76,0.0369058782856,0.0540347011373,0.218557952508,0.015775186289,0.00603976270091,0.0745523945076,0.127120145223,0.130835707794,0.0155569299003,0.179618949565,0.114744458942,0.0262579331474,1,0.4,48,13,10,3,20,0.000203789390859,4.40185084255e-05,0.000203789390859,0.00278756961356,0.000868220641235,0.00107087287277,0.000203789390859,4.40185084255e-05,0.000203789390859,0.251540273426,0.491289595811,0.251540273055
77,0.151481017248,0.00269839079065,0.229943772762,0.0407265168116,0.134377034958,0.00305422849609,0.105579459681,0.037904137385,0.117076666319,0.0135525104904,0.157238449336,0.00636781572216,1,0.4,48,13,10,3,20,4.71980162418e-07,1.01947715082e-07,4.71980162418e-07,1.0345258922e-05,1.67209076637e-06,1.96667713175e-06,4.71980162418e-07,1.01947715082e-07,4.71980162418e-07,0.252960360539,0.494063203451,0.252960360167
78,0.0544381647941,0.094018853994,0.0722122764872,0.0752345823082,0.0829504450203,0.0437006422597,0.129443254629,0.183201432465,0.0916300712135,0.0014514631523,0.126100729852,0.0456180838241,1,0.4,48,13,10,3,20,0.000672923203826,0.000145351412026,0.000672923203826,0.0182984516221,0.00673153386319,0.00252996122222,0.000672923203826,0.000145351412026,0.000672923203826,0.24523830102,0.478981055974,0.245238300659
79,0.173048242366,0.06501866698,0.0553877435875,0.0114100407955,0.185267839871,0.0309047564006,0.0766662880472,0.0636921951082,0.00471866887811,0.00961669919906,0.31389627937,0.0103725793967,1,0.4,48,13,10,3,20,7.11826563198e-06,1.53754537651e-06,7.11826563198e-06,1.16117640031e-05,9.64174333317e-05,2.0058452617e-05,7.11826563198e-06,1.53754537651e-06,7.11826563198e-06,0.252924044976,0.493992274617,0.252924044604
80,0.0492332203377,0.0425751681608,0.00393017756784,0.0786791516464,0.00816125552124,0.192253075912,0.0166551965752,0.12544687517,0.132463564247,0.064779556532,0.19441350329,0.0914092550394,1,0.4,48,13,10,3,20,0.000180228153499,3.89292811557e-05,0.000180228153499,0.00457596467629,0.00105722217812,0.000526671690169,0.000180228153499,3.89292811557e-05,0.000180228153499,0.251204141375,0.4906330879,0.251204141005
81,0.0209756563627,0.0341488808706,0.193974627296,0.00884632623677,0.153389010951,0.157029448249,0.0258576438367,0.141317644683,0.189266879141,0.00836374373202,0.038926025457,0.0279041131842,1,0.4,48,13,10,3,20,0.00129223268909,0.000279122260843,0.00129223268909,0.070985594781,0.0134688357631,0.0231717935283,0.00129223268909,0.000279122260843,0.00129223268909,0.224290049423,0.438066502134,0.224290049093
82,0.0371571074136,0.188156256814,0.0441086806735,0.0378159502269,0.0131553134012,0.00138859147116,0.181116048038,0.14558473336,0.103570220958,0.225755684679,0.0163798114831,0.00581160148193,1,0.4,48,13,10,3,20,0.000105311925519,2.27473759121e-05,0.000105311925519,0.000320440976082,0.00100358255248,0.000386751666117,0.000105311925519,2.27473759121e-05,0.000105311925519,0.252413592651,0.492995297421,0.252413592279
83,0.0134268720294,0.038916708378,0.0280062504576,0.0540584325356,0.139006988549,0.0273741248477,0.184204175342,0.0413922839092,0.102503395669,0.11857449275,0.195611601553,0.0569246739791,1,0.4,48,13,10,3,20,8.69987093621e-05,1.87917212222e-05,8.69987093621e-05,0.00165094914806,0.00132589747269,0.000651095503841,8.69987093621e-05,1.87917212222e-05,8.69987093621e-05,0.251949149266,0.492088181435,0.251949148895
84,0.105289424293,0.130611066502,0.103696136787,0.0252746260682,0.0789232647506,0.0299005542297,0.0869929400482,0.128778830984,0.0197014740068,0.159335991174,0.0386861121226,0.0928095790348,1,0.4,48,13,10,3,20,0.00019418332721,4.19435986774e-05,0.00019418332721,0.00301832161839,0.00167286247475,0.000820283340645,0.00019418332721,4.19435986774e-05,0.00019418332721,0.25135251558,0.49092288127,0.25135251521
85,0.0560603667839,0.000723822551295,0.000307578494398,0.191682822898,0.0122681897303,0.197658124762,0.216613731274,0.163684232072,0.0976716957004,0.0367803734419,0.00428114089877,0.0222679213936,1,0.4,48,13,10,3,20,6.54449359567e-06,1.41361061666e-06,6.54449359567e-06,3.08259188759e-05,0.000101769184836,1.96734570581e-05,6.54449359567e-06,1.41361061666e-06,6.54449359567e-06,0.252918571344,0.493981583928,0.252918570971
86,0.0693334488439,0.0538866044971,0.119094469363,0.183176257368,0.228516133283,0.0584267866168,0.023830533289,0.0500770458067,0.0742920702088,0.052109097373,0.0192846989808,0.0679728543703,1,0.4,48,13,10,3,20,0.000731265658491,0.000157953382234,0.000731265658491,0.0135282070953,0.00851358061173,0.00306653061806,0.000731265658491,0.000157953382234,0.000731265658491,0.245793065826,0.480064580985,0.245793065465
87,0.0471746488774,0.0554248130589,0.0751523045771,0.00585211698799,0.0768590598514,0.128024024205,0.00519007719376,0.0964978871521,0.0420568223758,0.00606084872033,0.183064252565,0.278643144435,1,0.4,48,13,10,3,20,2.98282480276e-05,6.44290157396e-06,2.98282480276e-05,0.00056935733374,0.000788612849188,0.00032010530972,2.98282480276e-05,6.44290157396e-06,2.98282480276e-05,0.252506492157,0.493176741769,0.252506491786
88,0.095539889778,0.0297414032227,0.12275214955,0.134161522328,0.100297858519,0.0823824472135,0.0261991924185,0.0479490149577,0.161781770893,0.0558653832638,0.0247097759628,0.118619591893,1,0.4,48,13,10,3,20,1.04578856127e-06,2.25890329233e-07,1.04578856127e-06,1.34199318759e-05,3.8314851562e-06,2.9315794127e-06,1.04578856127e-06,2.25890329233e-07,1.04578856127e-06,0.252958149102,0.494058884237,0.252958148729
89,0.0501176515427,0.267560002702,0.00840529650985,0.0743925259967,0.12142789547,0.0702754780213,0.0134788734174,0.00944011361136,0.00181137227504,0.0522795825733,0.0851451569825,0.245666050898,1,0.4,48,13,10,3,20,0.000184420077937,3.98347368344e-05,0.000184420077937,0.0100220657675,0.00131857788847,0.00143300191852,0.000184420077937,3.98347368344e-05,0.000184420077937,0.2495263888,0.487356227407,0.249526388433
90,0.137723122234,0.0563622157544,0.0707566343864,0.0506042820885,0.029783229103,0.0549358525657,0.0434448499537,0.0276886409436,0.0854033652161,0.281464371181,0.027457200556,0.134376236018,1,0.4,48,13,10,3,20,0.000109045787773,2.3553890159e-05,0.000109045787773,0.002105442981,0.000541053128562,0.000396168472114,0.000109045787773,2.3553890159e-05,0.000109045787773,0.252072485839,0.49232907318,0.252072485468
91,0.0150022351492,0.0861588404401,0.308302634758,0.165688323135,0.0225882988782,0.0196632916715,0.0312027790167,0.0854004171926,0.0377924541511,0.00668481756524,0.151282260343,0.0702336476992,1,0.4,48,13,10,3,20,0.000402451867261,8.69296033284e-05,0.000402451867261,0.0116055784233,0.000865495426139,0.00418284561523,0.000402451867261,8.69296033284e-05,0.000402451867261,0.24830037374,0.484961666746,0.248300373374
92,0.272624653399,0.0208514051184,0.134563579681,0.00339747701345,0.0675848888653,0.0253960205766,0.0685422227788,0.047597455025,0.172926292733,0.0373056768864,0.0095823468151,0.139627981108,1,0.4,48,13,10,3,20,0.000411963074745,8.89840241448e-05,0.000411963074745,0.0138833115756,0.00674603243683,0.00289816100146,0.000411963074745,8.89840241448e-05,0.000411963074745,0.246550937729,0.481544799543,0.246550937366
93,0.231779108655,0.029759094758,0.0379280105717,0.118734569215,0.0698794556862,0.286143348631,0.0306844885297,0.0194645790067,0.00652025314688,0.142906882074,0.0193793726918,0.0068208370334,1,0.4,48,13,10,3,20,0.000691014322253,0.000149259093607,0.000691014322253,0.0410348651458,0.00693480509682,0.0035174365138,0.000691014322253,0.000149259093607,0.000691014322253,0.239165298038,0.467119722043,0.239165297686
94,0.0948611504431,0.0853976913984,0.0485748822729,0.0972407797405,0.0194993900227,0.077894738983,0.151020601032,0.0225609365645,0.256855528149,0.042106957832,0.0582352351036,0.0457521084585,1,0.4,48,13,10,3,20,0.000845267807258,0.000182577846368,0.000845267807258,0.0217049619753,0.00250633212457,0.00781962079695,0.000845267807258,0.000182577846368,0.000845267807258,0.24391408297,0.4763946926,0.243914082611
