run_ID,t1_initial,t2_initial,t3_initial,t4_initial,t5_initial,t6_initial,t7_initial,t8_initial,t9_initial,t10_initial,t11_initial,t12_initial,alpha,prior_cost_c,lambda,k,sample_amount,learning_parameter,generations,t1_final,t2_final,t3_final,t4_final,t5_final,t6_final,t7_final,t8_final,t9_final,t10_final,t11_final,t12_final
0,0.119244246942,0.00918954807657,0.0765965739046,0.248991354467,0.223357439246,0.0763909534808,0.0212939912217,0.0358432073085,0.0270840029657,0.0475465774855,0.0525517829686,0.0619103219326,1,0.4,50,15,10,3,20,0.0004003599215,8.64777430441e-05,0.0004003599215,0.00417555557129,0.00523373174813,0.00153475982364,0.0004003599215,8.64777430441e-05,0.0004003599215,0.249747113523,0.487787330795,0.249747113367
1,0.111675991116,4.76926776357e-05,0.0550944856437,0.0305559214096,0.00508884596661,0.216394703427,0.0325664520438,0.0815138748537,0.0664496053286,0.191892646899,0.0742482846482,0.134471495986,1,0.4,50,15,10,3,20,6.20554475954e-05,1.34039766806e-05,6.20554475954e-05,0.000561125694418,0.00100598605656,0.000109944406784,6.20554475954e-05,1.34039766806e-05,6.20554475954e-05,0.252470618704,0.493106676848,0.252470618546
2,0.0546469403395,0.02033242555,0.0431942085571,0.0564043402791,0.00431766429057,0.105703554386,0.0404084647124,0.00906009646293,0.135624207226,0.0442215337738,0.117864111592,0.368222452831,1,0.4,50,15,10,3,20,5.51303637963e-05,1.190815858e-05,5.51303637963e-05,0.00125780355414,0.000795892243877,0.000224491072907,5.51303637963e-05,1.190815858e-05,5.51303637963e-05,0.252326317995,0.492824839525,0.252326317837
3,0.0768339747253,0.00227058438013,0.153319254344,0.013658234609,0.0680466723883,0.206723255906,0.0114190619997,0.0408432333451,0.0472187222969,0.256498986155,0.0253554385377,0.0978125813131,1,0.4,50,15,10,3,20,0.000129829787076,2.80432340084e-05,0.000129829787076,0.00405830805964,0.000462381144097,0.00177123125346,0.000129829787076,2.80432340084e-05,0.000129829787076,0.25122723779,0.490678198503,0.251227237633
4,0.0190243262401,0.104037625874,0.0703195588966,0.0533864551627,0.111358436178,0.0551963460473,0.188222568085,0.125793683219,0.0983735422129,0.128782874497,0.0419055275328,0.00359905605538,1,0.4,50,15,10,3,20,0.000457957781875,9.8918880885e-05,0.000457957781875,0.0561563829084,0.0066685538182,0.00450235507648,0.000457957781875,9.8918880885e-05,0.000457957781875,0.235419583176,0.459803873103,0.235419583029
5,0.0583069061958,0.00440485827186,0.0126106074428,0.0332780911914,0.0142123274075,0.279042454465,0.0153458135777,0.155241136835,0.0353043914232,0.210521270178,0.155863456509,0.0258686865033,1,0.4,50,15,10,3,20,4.1340318733e-05,8.92950884633e-06,4.1340318733e-05,0.000593862900447,0.000344634814578,0.00113670315642,4.1340318733e-05,8.92950884633e-06,4.1340318733e-05,0.25239312678,0.492955325434,0.252393126622
6,0.0429175192871,0.0468529442859,0.144977726827,0.0230923383377,0.054167703213,0.132342005578,0.00582803440039,0.0453629763035,0.0382799843056,0.260832721373,0.139922332912,0.0654237131766,1,0.4,50,15,10,3,20,5.38312813609e-05,1.16275567739e-05,5.38312813609e-05,0.00629278861727,0.00136714273024,0.000257349773025,5.38312813609e-05,1.16275567739e-05,5.38312813609e-05,0.2509012842,0.490041570397,0.250901284043
7,0.208423363288,0.00499371638814,0.130116868991,0.0788327067466,0.0239975066453,0.159519077807,0.0570687414489,0.0604588096941,0.00235531696256,0.0269663352711,0.218596082474,0.0286714742825,1,0.4,50,15,10,3,20,0.000239755298646,5.17871445075e-05,0.000239755298646,0.00983395415815,0.00245027363761,0.00251080100059,0.000239755298646,5.17871445075e-05,0.000239755298646,0.248953012156,0.486236351563,0.248953012
8,0.122930837428,0.0541475203955,0.0583623592546,0.137377956442,0.0527535793587,0.125617042031,0.0118237317567,0.223973815012,0.0312024235513,0.0763288253765,0.0270328408406,0.0784490685531,1,0.4,50,15,10,3,20,0.00058735238014,0.00012686811411,0.00058735238014,0.0385176002577,0.00591268297933,0.00430522155713,0.00058735238014,0.00012686811411,0.00058735238014,0.239977574678,0.468706200251,0.239977574528
9,0.0202551718949,0.0222871255255,0.000802632659237,0.0197627916224,0.0216240542893,0.318805790703,0.11789649696,0.0660142631512,0.109696837608,0.104041091325,0.0540530487745,0.144760695487,1,0.4,50,15,10,3,20,0.000130494584038,2.81868301522e-05,0.000130494584038,0.00796681167445,0.00287602180037,0.000654646839027,0.000130494584038,2.81868301522e-05,0.000130494584038,0.249909670995,0.488104825856,0.249909670839
10,0.13202272996,0.113904380925,0.0104425201452,0.0371152406439,0.102189180645,0.0856816836398,0.0708673308712,0.247977615112,0.0221631773136,0.0711914539498,0.0747064175175,0.031738269278,1,0.4,50,15,10,3,20,0.000499196730538,0.000107826493796,0.000499196730538,0.0357115070013,0.00308957356189,0.00432958932129,0.000499196730538,0.000107826493796,0.000499196730538,0.241494233208,0.47166842394,0.241494233057
11,0.060590075804,0.0440520129169,0.0378974561468,0.0354871670981,0.146959087661,0.0754786898504,0.00725915203061,0.114654801031,0.0342520765626,0.129475155941,0.0924512647592,0.221443060199,1,0.4,50,15,10,3,20,0.000107140111276,2.31422640356e-05,0.000107140111276,0.00203326575173,0.000919621457228,0.000479848959124,0.000107140111276,2.31422640356e-05,0.000107140111276,0.251975947971,0.492140523074,0.251975947814
12,0.38268507075,0.0695361518327,0.0258937858411,0.211193762325,0.110136014434,0.0442300868159,0.00524418914634,0.0393344415686,0.046409437284,0.0422021164239,0.00441295628534,0.0187219872927,1,0.4,50,15,10,3,20,0.00160850452484,0.000347436977365,0.00160850452484,0.173981943175,0.0251784889991,0.00596889782429,0.00160850452484,0.000347436977365,0.00160850452484,0.199270647479,0.389200483114,0.199270647354
13,0.0608383237608,0.00872604601799,0.0595488290936,0.0806900490781,0.187078893001,0.0666520237137,0.0652824898546,0.0340872940672,0.198178403186,0.0332614153587,0.134135831963,0.0715204009063,1,0.4,50,15,10,3,20,0.000284480701279,6.14478314762e-05,0.000284480701279,0.0195567089301,0.00286318848163,0.00381968935279,0.000284480701279,6.14478314762e-05,0.000284480701279,0.246007802744,0.480483989434,0.24600780259
14,0.11989923351,0.126011988583,0.122561711984,0.0148551530319,0.0433491273403,0.12120326745,0.0718991108354,0.00429086216727,0.0465343074318,0.182891564285,0.0199404220462,0.126563251336,1,0.4,50,15,10,3,20,0.000170381814148,3.6802471856e-05,0.000170381814148,0.0315832512359,0.00173611640451,0.000951250116871,0.000170381814148,3.6802471856e-05,0.000170381814148,0.244104158227,0.47676593374,0.244104158075
15,0.0417736127861,0.099529593922,0.0600266976397,0.147962740386,0.057269576854,0.0446393335619,0.0044710739112,0.0589583369371,0.00320970146303,0.170356022762,0.102042233667,0.20976107611,1,0.4,50,15,10,3,20,0.000139264072296,3.0081039616e-05,0.000139264072296,0.0141672146588,0.000378246098214,0.000513831156556,0.000139264072296,3.0081039616e-05,0.000139264072296,0.248998827555,0.486325834764,0.248998827399
16,0.0129466306616,0.0378029687814,0.131725321329,0.0018641625571,0.0059765954244,0.105956319337,0.159043901237,0.300745748749,0.0186759004204,0.0518601826469,0.148937862596,0.0244644062595,1,0.4,50,15,10,3,20,0.000161571173263,3.48993734249e-05,0.000161571173263,0.00294677157395,0.00429110905113,0.00102689116335,0.000161571173263,3.48993734249e-05,0.000161571173263,0.250692590099,0.489633964731,0.250692589942
17,0.300400646322,0.0645989661858,0.0297254575603,0.0911348160116,0.13329507983,0.187964394237,0.0399772537183,0.00291584332731,0.0104195821823,0.00335584252462,0.0785078494015,0.0577042686989,1,0.4,50,15,10,3,20,0.000731992837704,0.000158110452944,0.000731992837704,0.0668285319416,0.00383799670348,0.0129465779517,0.000731992837704,0.000158110452944,0.000731992837704,0.230992620161,0.451157460969,0.230992620016
18,0.00203023405066,0.0231269332073,0.236138193346,0.0952364940656,0.214089326251,0.0514606567237,0.0019713596462,0.0557812726229,0.00830334629516,0.0962071227739,0.0443244702945,0.171330590723,1,0.4,50,15,10,3,20,0.000193494291109,4.17947668796e-05,0.000193494291109,0.00450549097523,0.00200867239479,0.00157500017474,0.000193494291109,4.17947668796e-05,0.000193494291109,0.250701222506,0.489650824901,0.25070122235
19,0.00851243159316,0.141890138804,0.0346058861171,0.0328459688269,0.0608068019797,0.0743908026881,0.081263670325,0.0531222574343,0.165853812203,0.0358234721069,0.0374803802043,0.273404377718,1,0.4,50,15,10,3,20,0.000183534657039,3.96434859204e-05,0.000183534657039,0.0069921746922,0.000550025437181,0.00284387641588,0.000183534657039,3.96434859204e-05,0.000183534657039,0.250131351353,0.488537795306,0.250131351196
20,0.0819230602528,0.0727628190921,0.0834703679873,0.0335615978432,0.265488640568,0.132015991457,0.0365576158401,0.0059711153607,0.246229954214,0.0176170571387,0.022442686255,0.00195909399158,1,0.4,50,15,10,3,20,0.00313060200589,0.000676210033272,0.00313060200589,0.075279915329,0.0429649474539,0.0305019273358,0.00313060200589,0.000676210033272,0.00313060200589,0.211826942528,0.413724496867,0.211826942396
21,0.100448426832,0.0957036386589,0.0698307842381,0.10497310366,0.024857461195,0.0643840964794,0.0902738045082,0.00195617812369,0.093799946465,0.0441576141927,0.114442573763,0.195172371883,1,0.4,50,15,10,3,20,5.47322941611e-05,1.18221755388e-05,5.47322941611e-05,0.00685984665433,0.00127743517972,0.000442513027269,5.47322941611e-05,1.18221755388e-05,5.47322941611e-05,0.250732681631,0.489712268505,0.250732681475
22,0.0143405186103,0.125353658593,0.171981995039,0.142921416803,0.0342294551835,0.0421853671263,0.0888630213853,0.0961183210143,0.00285777153437,0.0808397724658,0.0319263984605,0.168382303785,1,0.4,50,15,10,3,20,0.000261565409098,5.64981283651e-05,0.000261565409098,0.0140431110221,0.00306485612879,0.002533243959,0.000261565409098,5.64981283651e-05,0.000261565409098,0.247702648273,0.483794234606,0.247702648118
23,0.154703157151,0.0495309142009,0.0275837810289,0.118853444728,0.127865751973,0.149601656325,0.121551393355,0.0270463610696,0.00874941657691,0.0599640010935,0.024053162878,0.130496959619,1,0.4,50,15,10,3,20,0.000294747939037,6.3665554832e-05,0.000294747939037,0.043179122036,0.00690619421679,0.00204575094886,0.000294747939037,6.3665554832e-05,0.000294747939037,0.239446668237,0.467669273608,0.239446668087
24,0.00621821714733,0.0728022054214,0.0222124200997,0.0324362439024,0.00671458907387,0.00448920472997,0.218348603953,0.163803898248,0.293723560512,0.00036320233172,0.177091049828,0.00179680475214,1,0.4,50,15,10,3,20,0.000222664078469,4.80954409493e-05,0.000222664078469,0.0126140053022,0.00295154524086,0.00881841018879,0.000222664078469,4.80954409493e-05,0.000222664078469,0.246546515106,0.481536162015,0.246546514952
25,0.0678353646757,0.0439038040421,0.0858570934494,0.0158797416159,0.0697606819809,0.0041482315951,0.00634689860796,0.0755314476437,0.0549544331376,0.138954556311,0.0609886318034,0.375839115137,1,0.4,50,15,10,3,20,2.673214128e-05,5.77414251647e-06,2.673214128e-05,0.00124881031429,0.000943023489551,7.15032424614e-05,2.673214128e-05,5.77414251647e-06,2.673214128e-05,0.252361912808,0.492894360645,0.25236191265
26,0.0766924958765,0.0110957604781,0.188191144763,0.0560137255196,0.0885590082414,0.0200489840471,0.0546827479803,0.197129817261,0.150718011805,0.108545776593,0.0303225536341,0.0179999738,1,0.4,50,15,10,3,20,0.000659571798431,0.000142467508461,0.000659571798431,0.0779636741879,0.00301450466066,0.00630443021073,0.000659571798431,0.000142467508461,0.000659571798431,0.230145560577,0.44950304772,0.230145560433
27,0.0565482727801,0.0916971842536,0.00369501245885,0.0246356992605,0.0717406078936,0.0836592661979,0.0763240245536,0.0494901046307,0.0026125101476,0.150670646961,0.231313242037,0.157613428825,1,0.4,50,15,10,3,20,3.66395109007e-05,7.91413435456e-06,3.66395109007e-05,0.00269797013614,0.00080703731004,0.000593998656678,3.66395109007e-05,7.91413435456e-06,3.66395109007e-05,0.251886446305,0.491965715132,0.251886446148
28,0.0627176256121,0.0961495240092,0.060202715247,0.211192664471,0.0346178981377,0.0292437530498,0.343426342506,0.0250334524216,0.0121661558316,0.0737267906907,0.0123722328284,0.0391508451953,1,0.4,50,15,10,3,20,0.000927357242747,0.000200309164433,0.000927357242747,0.0250369151427,0.00739708710067,0.00824738206067,0.000927357242747,0.000200309164433,0.000927357242747,0.241633788166,0.471940992216,0.241633788015
29,0.350217963411,0.0269815203093,0.0604176299121,0.0132083105223,0.0600715350607,0.0296864367687,0.0933150529677,0.055199336346,0.143929880083,0.0708690120852,0.045886075525,0.0502172470091,1,0.4,50,15,10,3,20,1.44334569247e-05,3.11762669573e-06,1.44334569247e-05,2.72574676726e-05,0.000218709737752,2.17749857284e-05,1.44334569247e-05,3.11762669573e-06,1.44334569247e-05,0.252880515844,0.493907257198,0.252880515686
30,0.0725465623885,0.0256205605436,0.0407783433267,0.089946750575,0.0663098040886,0.157740572036,0.0447074748019,0.130256667723,0.00216264922519,0.0992683065005,0.133132958471,0.13752935032,1,0.4,50,15,10,3,20,0.000143558861048,3.10087139865e-05,0.000143558861048,0.0107445083257,0.00338270605853,0.00102560104618,0.000143558861048,3.10087139865e-05,0.000143558861048,0.24897035438,0.486270223094,0.248970354224
31,0.0632185447922,0.0770084329769,0.130763062057,0.0684529986384,0.0616540358184,0.0212929353211,0.0483322269976,0.241327253521,0.084784434475,0.015317782695,0.13033240942,0.057515883287,1,0.4,50,15,10,3,20,0.000523607835225,0.000113099292409,0.000523607835225,0.051503561251,0.00130029304018,0.00319015267531,0.000523607835225,0.000113099292409,0.000523607835225,0.238212898289,0.465259566679,0.23821289814
32,0.117845965752,0.201782504236,0.0890191475246,0.166817911677,0.157041612133,0.0193854583943,0.0939551505779,0.023508718096,0.00316102134451,0.00680724649725,0.0391305714923,0.0815446922754,1,0.4,50,15,10,3,20,0.000915854960513,0.000197824671471,0.000915854960513,0.0260122502343,0.00998656030811,0.00497392999292,0.000915854960513,0.000197824671471,0.000915854960513,0.241572981053,0.471822228324,0.241572980902
33,0.0360835992275,0.169851338837,0.000340738819592,0.044927601632,0.223637249621,0.0600588870812,0.191534458854,0.0258856837484,0.0481505593992,0.107237682526,0.0666887019109,0.025603498342,1,0.4,50,15,10,3,20,0.000726577781163,0.000156940800731,0.000726577781163,0.0205353196364,0.00463419506673,0.00195260968225,0.000726577781163,0.000156940800731,0.000726577781163,0.245288900134,0.479079882774,0.24528889998
34,0.00135814594162,0.0345953556197,0.00150718091209,0.0825027536537,0.0179825976392,0.305186201947,0.17736307709,0.0790214053018,0.0753049387772,0.0343921450603,0.0297929621124,0.160993235946,1,0.4,50,15,10,3,20,0.000331591000354,7.16236560764e-05,0.000331591000354,0.0234838091278,0.0081537916421,0.00119648435629,0.000331591000354,7.16236560764e-05,0.000331591000354,0.244286812082,0.477122679549,0.244286811929
35,0.102026983754,0.0765400043016,0.00814974102845,0.169946621055,0.309763611384,0.0247785402013,0.0113869750257,0.0177359280354,0.0339451814467,0.155210352514,0.0682914337004,0.0222246275542,1,0.4,50,15,10,3,20,2.17895876956e-05,4.70655094225e-06,2.17895876956e-05,0.000918117732239,0.000444142981766,0.000171807396451,2.17895876956e-05,4.70655094225e-06,2.17895876956e-05,0.252551933193,0.493265494209,0.252551933035
36,0.0294747483751,0.0378195754014,0.000191028937056,0.195462532913,0.0466209329702,0.0316509126633,0.0946029167104,0.0500149090082,0.0182738300705,0.133384431318,0.357139878979,0.00536430265461,1,0.4,50,15,10,3,20,6.87399495527e-05,1.48478291034e-05,6.87399495527e-05,0.00425508402894,0.00181654494433,0.000537106990109,6.87399495527e-05,1.48478291034e-05,6.87399495527e-05,0.251215584896,0.490655438944,0.251215584739
37,0.0799310298726,0.0264898315544,0.0209997804246,0.0154029823209,0.0251387232933,0.135345975213,0.0675158134255,0.0184428800291,0.0346694189306,0.281655807872,0.157351882743,0.137055874321,1,0.4,50,15,10,3,20,2.7473297139e-05,5.93423218203e-06,2.7473297139e-05,0.00116551669571,0.000532476097022,0.000405110761625,2.7473297139e-05,5.93423218203e-06,2.7473297139e-05,0.252401615243,0.492971904464,0.252401615086
38,0.152640517063,0.032780455482,0.0281078250916,0.00224759753452,0.149003746182,0.105649031433,0.130662291104,0.0411507054486,0.00608490041991,0.258904102441,0.0757810167537,0.0169878110468,1,0.4,50,15,10,3,20,9.79365021239e-05,2.11542844588e-05,9.79365021239e-05,0.0290003813725,0.00199885510086,0.000706402707013,9.79365021239e-05,2.11542844588e-05,9.79365021239e-05,0.24483422778,0.478191850835,0.244834227627
39,0.0921381278935,0.026548800732,0.252071445336,0.0685883309014,0.0176619536442,0.0822725231474,0.0740546637803,0.0886429509945,0.00760969053856,0.135908820163,0.147660089329,0.00684260353982,1,0.4,50,15,10,3,20,0.00018564912699,4.01002114299e-05,0.00018564912699,0.0197662942537,0.00259015339824,0.000385032274926,0.00018564912699,4.01002114299e-05,0.00018564912699,0.247003503203,0.482428716891,0.247003503048
40,0.0448996229698,0.0154088132161,0.243469326041,0.0959419778433,0.0885571111053,0.0266637034027,0.0712908598773,0.000650634287913,0.193766269657,0.0429742511051,0.104866652165,0.0715107783293,1,0.4,50,15,10,3,20,0.000256704145034,5.54480953274e-05,0.000256704145034,0.0183092897753,0.00416973408517,0.0025360637264,0.000256704145034,5.54480953274e-05,0.000256704145034,0.246348698839,0.481149802119,0.246348698685
41,0.00282188191212,0.181844816884,0.0214434722121,0.0198584254904,0.129727826416,0.19385176259,0.0481473629034,0.0656380108469,0.00704842467154,0.0414492290509,0.190834219579,0.0973345674435,1,0.4,50,15,10,3,20,0.000212096965807,4.58129446144e-05,0.000212096965807,0.01056187873,0.00289668137927,0.00140161097132,0.000212096965807,4.58129446144e-05,0.000212096965807,0.248967542293,0.486264730737,0.248967542137
42,0.0797692595202,0.084071670056,0.101052851041,0.101905237638,0.112453173742,0.189767006862,0.00521145684677,0.0821433173213,0.0549241306373,0.11463129266,0.0283738006537,0.0456968030222,1,0.4,50,15,10,3,20,0.000447287596675,9.66141208818e-05,0.000447287596675,0.0414253086917,0.00277265109716,0.00583500983262,0.000447287596675,9.66141208818e-05,0.000447287596675,0.239806394231,0.468371863439,0.239806394081
43,0.0450494859459,0.104212354193,0.00940786738931,0.0163964608934,0.386802745375,0.0113214627969,0.18110477983,0.023814343799,0.0395062367525,0.0140925471334,0.145728722074,0.0225629938189,1,0.4,50,15,10,3,20,2.61070560946e-07,5.63912411644e-08,2.61070560946e-07,4.84403992224e-06,3.97572497831e-06,1.62952257463e-06,2.61070560946e-07,5.63912411644e-08,2.61070560946e-07,0.252961491001,0.494065411803,0.252961490843
44,0.0846281071602,0.165188491735,0.0421581587003,0.29948016506,0.151217243795,0.0359469917694,0.00953755706225,0.0581834560355,0.00522420567114,0.00146682178891,0.0844417891408,0.0625270120815,1,0.4,50,15,10,3,20,0.000763598720299,0.000164937323585,0.000763598720299,0.0283630430739,0.00733995715027,0.00687116068013,0.000763598720299,0.000164937323585,0.000763598720299,0.241338578976,0.471364411767,0.241338578825
45,0.000640718393992,0.0281007476377,0.176571490893,0.10175852557,0.079874569243,0.0478096864901,0.117491059559,0.0255945717145,0.0975605946536,0.198035894931,0.126367632398,0.000194508516433,1,0.4,50,15,10,3,20,0.000177990348982,3.84459153801e-05,0.000177990348982,0.00618454299029,0.00259271283434,0.000783034978348,0.000177990348982,3.84459153801e-05,0.000177990348982,0.250346461706,0.488957932714,0.25034646155
46,0.176545409501,0.0620630690758,0.0151404118941,0.0275417506067,0.0595171212303,0.0233899791389,0.0847352110909,0.0530938134601,0.136375941667,0.0739464735795,0.147982326402,0.139668492354,1,0.4,50,15,10,3,20,0.000190881071862,4.12303115222e-05,0.000190881071862,0.0166446838794,0.00163142701186,0.00118112345994,0.000190881071862,4.12303115222e-05,0.000190881071862,0.247828434769,0.484039911355,0.247828434614
47,0.0804611581158,0.0908360481154,0.199992074056,0.0490864434604,0.0764487109446,0.103531858281,0.0565438729546,0.0346394535689,0.00941190042536,0.118895528449,0.0619925225988,0.11816042903,1,0.4,50,15,10,3,20,0.000190396381988,4.11256185095e-05,0.000190396381988,0.00332025502275,0.00176851394128,0.00103959938651,0.000190396381988,4.11256185095e-05,0.000190396381988,0.251200707124,0.490626380794,0.251200706967
48,0.065821159755,0.121615447184,0.178268644502,0.0414214303232,0.0957096480396,0.0347763396917,0.35280736493,0.0225849245141,0.0201216079474,0.0172092082071,0.0313304111806,0.0183338137248,1,0.4,50,15,10,3,20,0.0028840006046,0.000622944130593,0.0028840006046,0.0589328845914,0.011867537138,0.0256406040458,0.0028840006046,0.000622944130593,0.0028840006046,0.22533491452,0.440107254646,0.225334914379
49,0.00194144167145,0.219725762059,0.0126862513821,0.120015061641,0.147225111535,0.0354501057276,0.206523282725,0.122049461004,0.0871277379854,0.00367726299561,0.0258092933415,0.0177692279319,1,0.4,50,15,10,3,20,0.00283671442017,0.000612730314757,0.00283671442017,0.0728514967495,0.0401630356886,0.0185448577922,0.00283671442017,0.000612730314757,0.00283671442017,0.216504231933,0.422859827729,0.216504231797
50,0.0347239845316,0.0756896658543,0.141743514074,0.0574272166882,0.227148529928,0.112357015092,0.0553144860816,0.0314561240898,0.0152459285438,0.091615193612,0.145107021285,0.012171320219,1,0.4,50,15,10,3,20,0.00023804047506,5.1416742613e-05,0.00023804047506,0.0237778091114,0.00541419434514,0.00137049731358,0.00023804047506,5.1416742613e-05,0.00023804047506,0.244966325198,0.478449853602,0.244966325044
51,0.0884941553245,0.175710240547,0.0880165048525,0.00621589561025,0.017467197558,0.0384268446565,0.130913859888,0.0829059307422,0.0127719952112,0.251682186195,0.0660844696372,0.0413107197772,1,0.4,50,15,10,3,20,0.000134905649409,2.91396202724e-05,0.000134905649409,0.00399576638461,0.00170869041519,0.000161235363826,0.000134905649409,2.91396202724e-05,0.000134905649409,0.251329367643,0.49087767087,0.251329367486
52,0.0481418944142,0.0300121559437,0.285428156909,0.276992077968,0.0540878083221,0.0360712836076,0.0287436080496,0.0242741087321,0.0143481995936,0.140859260516,0.0182873270622,0.0427541188815,1,0.4,50,15,10,3,20,0.000387721384822,8.37478191214e-05,0.000387721384822,0.0215477787778,0.00726232401215,0.00339603247789,0.000387721384822,8.37478191214e-05,0.000387721384822,0.244382731132,0.477310021444,0.244382730979
53,0.0148623807504,0.14847131752,0.123105093464,0.0243540564933,0.0607711258912,0.212590152111,0.136003635355,0.00039905422896,0.0432287636363,0.0332474065021,0.0422996167755,0.160667397273,1,0.4,50,15,10,3,20,0.000347836706265,7.51327285532e-05,0.000347836706265,0.0289978574486,0.00564043930615,0.000760000051985,0.000347836706265,7.51327285532e-05,0.000347836706265,0.24361994406,0.475820202944,0.243619943907
54,0.0845529886958,0.0518983061965,0.0675391018483,0.121668328827,0.123133437587,0.109065262841,0.145832630339,0.00288431589079,0.00648582876752,0.0242982666586,0.124515063918,0.13812646843,1,0.4,50,15,10,3,20,0.000123414149001,2.66574561842e-05,0.000123414149001,0.0153611104579,0.00168384376915,0.00489699114444,0.000123414149001,2.66574561842e-05,0.000123414149001,0.247275531023,0.482960021228,0.247275530869
55,0.140794809623,0.0340546817747,0.157945315489,0.0767423889894,0.0189841473816,0.236411512846,0.0430269040716,0.0203892215021,0.0489899021662,0.0106339181109,0.159255902274,0.0527712957715,1,0.4,50,15,10,3,20,0.000177554990564,3.83518779618e-05,0.000177554990564,0.035248939957,0.00235775863331,0.00318710780999,0.000177554990564,3.83518779618e-05,0.000177554990564,0.242445981427,0.473527307179,0.242445981276
56,0.0814276943455,0.160694486505,0.0107289511565,0.0886520673033,0.0599129042987,0.173775813488,0.000687426839709,0.0505540455463,0.15962220091,0.116987035155,0.028097081245,0.0688602932071,1,0.4,50,15,10,3,20,0.000395870101269,8.55079418742e-05,0.000395870101269,0.0159930030557,0.00339053755002,0.00448352849009,0.000395870101269,8.55079418742e-05,0.000395870101269,0.246483082389,0.481412269991,0.246483082235
57,0.0321008452509,0.0402596311989,0.105361579749,0.0378266053581,0.00402722702143,0.13031226353,0.0751098652621,0.159671694794,0.0484620211986,0.0770623381945,0.192502394145,0.0973035342978,1,0.4,50,15,10,3,20,6.43770520686e-05,1.39054432468e-05,6.43770520686e-05,0.00533566476406,0.00285204227878,0.000672116352583,6.43770520686e-05,1.39054432468e-05,6.43770520686e-05,0.250651031266,0.489552795135,0.250651031109
58,0.0707788755576,0.0177264358783,0.0361526558822,0.0111921683446,0.178116550283,0.172815624572,0.0397905153189,0.0714751032623,0.066133466372,0.162038938939,0.0111061374471,0.162673528143,1,0.4,50,15,10,3,20,0.000192516000487,4.15834561052e-05,0.000192516000487,0.0105518684669,0.00325391313754,0.00104939577403,0.000192516000487,4.15834561052e-05,0.000192516000487,0.248990758493,0.486310074877,0.248990758337
59,0.0135955816531,0.0291537645517,0.118714744031,0.145659737215,0.200896902242,0.0954499457733,0.0777588284714,0.0972187748924,0.0489188558732,0.149614726488,0.0140754762621,0.00894266254766,1,0.4,50,15,10,3,20,0.000483004203786,0.000104328908018,0.000483004203786,0.0123143798901,0.00485435087704,0.00431190827384,0.000483004203786,0.000104328908018,0.000483004203786,0.246989074918,0.482400536647,0.246989074763
60,0.249300608409,0.0104240787448,0.00118000417249,0.0633344188108,0.0628934947311,0.0294954499549,0.334415042784,0.0865173648658,0.00170920410773,0.032973306673,0.116896338518,0.0108606882279,1,0.4,50,15,10,3,20,0.000427318373466,9.23007686687e-05,0.000427318373466,0.0471571325074,0.0115537090195,0.00344944099971,0.000427318373466,9.23007686687e-05,0.000427318373466,0.236761003732,0.462423835126,0.236761003584
61,0.0681194410432,0.0803983133936,0.20736597452,0.00545088464119,0.0927316089092,0.00657903448726,0.0273594241752,0.0839549640075,0.103754624405,0.0717463376315,0.214700678592,0.0378387141946,1,0.4,50,15,10,3,20,0.000185856521897,4.01450087297e-05,0.000185856521897,0.00319340107011,0.00102969323686,0.000522021275135,0.000185856521897,4.01450087297e-05,0.000185856521897,0.251555710679,0.491319747112,0.251555710522
62,0.0458053396113,0.00917751569889,0.0013547529461,0.148911131992,0.225187082855,0.0808335959704,0.0195930129976,0.0158424870112,0.21931964471,0.18867743807,0.0241498959032,0.0211481022345,1,0.4,50,15,10,3,20,0.000657523120447,0.000142024994016,0.000657523120447,0.032863024582,0.00345350014613,0.00223321194238,0.000657523120447,0.000142024994016,0.000657523120447,0.242475540568,0.473585039876,0.242475540416
63,0.0876283798526,0.0560960978623,0.00396533698026,0.000412086770228,0.000565587854847,0.0214223238691,0.203483705502,0.208308236071,0.165205283626,0.0730530129046,0.142560315136,0.0372996335701,1,0.4,50,15,10,3,20,0.000160766069946,3.47254711082e-05,0.000160766069946,0.00173216816483,0.000623764570411,0.00219375598121,0.000160766069946,3.47254711082e-05,0.000160766069946,0.251633276592,0.491471243036,0.251633276434
64,0.328923079545,0.0440414402057,0.0751368601788,0.0543287987952,0.0179441924735,0.0349340317382,0.197307314326,0.0440669667417,0.0776791887306,0.0243973739122,0.0545399486897,0.0467008046635,1,0.4,50,15,10,3,20,0.00100711427071,0.000217536682473,0.00100711427071,0.0662520490056,0.0124855653875,0.00720386968899,0.00100711427071,0.000217536682473,0.00100711427071,0.230095174297,0.449404637019,0.230095174154
65,0.314131762377,0.0659351085777,0.00666679303395,0.00754967653146,0.0910178167138,0.0243819733169,0.127795035063,0.0496214553956,0.113397121913,0.107947652337,0.0140020997857,0.0775535049545,1,0.4,50,15,10,3,20,0.000240743310212,5.20005550057e-05,0.000240743310212,0.00207670877197,0.0014940225197,0.00333308206885,0.000240743310212,5.20005550057e-05,0.000240743310212,0.250948101249,0.490133009947,0.250948101093
66,0.0125989466402,0.0880681157147,0.0836593818714,0.0790723041264,0.0135802563253,0.0272841790777,0.0914373043794,0.262928896111,0.0119431831779,0.101418363818,0.0375638708885,0.19044519787,1,0.4,50,15,10,3,20,8.74762501031e-05,1.88948700223e-05,8.74762501031e-05,0.00161843876525,0.00162150641021,0.000689735127849,8.74762501031e-05,1.88948700223e-05,8.74762501031e-05,0.251872284691,0.491938055731,0.251872284534
67,0.0114796387143,0.0355788283723,0.116250014794,0.158358504625,0.0287598999232,0.0376315121776,0.0189238703444,0.152245662197,0.00434242447939,0.0144126072917,0.395040974217,0.026976062864,1,0.4,50,15,10,3,20,0.00010082109347,2.17773561896e-05,0.00010082109347,0.00400695345228,0.000747692103497,0.001299766911,0.00010082109347,2.17773561896e-05,0.00010082109347,0.251319841622,0.490859065361,0.251319841465
68,0.252186992299,0.150239559547,0.0209718935174,0.0220212241417,0.0106137112916,0.0905038215278,0.114942019102,0.152770822652,0.00267398613834,0.15198194357,0.0248507824279,0.00624324378622,1,0.4,50,15,10,3,20,0.000678002859544,0.000146448617661,0.000678002859544,0.0561996740566,0.00670372761183,0.00129671323395,0.000678002859544,0.000146448617661,0.000678002859544,0.235963946715,0.460867083141,0.235963946568
69,0.148501428214,0.0275855265046,0.0881490074141,0.205796992564,0.106466312952,0.0138470612313,0.00669988356506,0.0159862245168,0.0408305720338,0.340169619249,0.00278562287217,0.0031817488832,1,0.4,50,15,10,3,20,0.000199819470776,4.31610056877e-05,0.000199819470776,0.0132860255396,0.00247381946533,0.00216097668172,0.000199819470776,4.31610056877e-05,0.000199819470776,0.248207071336,0.484779435901,0.248207071181
70,0.247866727746,0.0980907931746,0.226023543601,0.0240228028814,0.078150253644,0.0408803750929,0.0380037186613,0.146671385973,0.0575283867081,0.0287610696008,0.00186894424733,0.01213199867,1,0.4,50,15,10,3,20,2.09710842603e-05,4.52975420021e-06,2.09710842603e-05,0.000122670054853,0.000217972168396,0.000307213035128,2.09710842603e-05,4.52975420021e-06,2.09710842603e-05,0.252777031175,0.493705138705,0.252777031017
71,0.276479123454,0.150341951291,0.00948533314156,0.0730055423038,0.0246336169534,0.00717111841383,0.139636449774,0.00104527548172,0.277314664536,0.0309414141736,0.00506631324382,0.0048791972322,1,0.4,50,15,10,3,20,4.14014085245e-06,8.94270424129e-07,4.14014085245e-06,1.94032298077e-05,1.08983161659e-05,9.24292466132e-05,4.14014085245e-06,8.94270424129e-07,4.14014085245e-06,0.2529287388,0.494001442661,0.252928738642
72,0.207572491735,0.339105150305,0.0169823919158,0.0591380231803,0.0155919908403,0.151129073522,0.0860945757335,3.03227987011e-05,0.00865643021155,0.033771569491,0.0238938095837,0.0580341706835,1,0.4,50,15,10,3,20,0.00148530027213,0.000320824858779,0.00148530027213,0.0667423021382,0.00869671664626,0.00671939469995,0.00148530027213,0.000320824858779,0.00148530027213,0.230516043923,0.450226648007,0.230516043779
73,0.171536387529,0.136240725681,0.0417385090137,0.124672218983,0.0511804960283,0.10475960647,0.187199675071,0.0491185482426,0.0988858701181,0.00717089024445,0.00429404566227,0.0232030269554,1,0.4,50,15,10,3,20,0.00413179077437,0.000892466807264,0.00413179077437,0.109740107379,0.0493314442907,0.0461979292212,0.00413179077437,0.000892466807264,0.00413179077437,0.19640624133,0.383605939859,0.196406241208
74,0.0745213415179,0.096500976675,0.0107272249749,0.0921579210285,0.00553229354453,0.102622331656,0.135101135438,0.145296115581,0.177534792954,0.0815740876879,0.0369482874379,0.0414834915045,1,0.4,50,15,10,3,20,0.00039077948642,8.44083690667e-05,0.00039077948642,0.0418007271681,0.0077356034604,0.00881223452643,0.00039077948642,8.44083690667e-05,0.00039077948642,0.23776619778,0.464387104749,0.237766197632
75,0.318624346592,0.0426332987699,0.0165181163621,0.0982084131329,0.178122186193,0.100450453176,0.0408614678989,0.0520570579575,0.081686684793,0.00757941660225,0.0447239723987,0.0185345861243,1,0.4,50,15,10,3,20,0.00221918773946,0.000479344551724,0.00221918773946,0.0794390376522,0.0119819413985,0.0173625509235,0.00221918773946,0.000479344551724,0.00221918773946,0.22295804721,0.435464935684,0.22295804707
76,0.06209647427,0.10712703961,0.00374735133477,0.0105007392302,0.0221575897246,0.000428284107698,0.0168402641958,0.22423946413,0.0685134149418,0.204674606188,0.122851043369,0.156823728898,1,0.4,50,15,10,3,20,6.01464636518e-05,1.29916361488e-05,6.01464636518e-05,0.00686322641963,0.00133820528328,0.0001977845949,6.01464636518e-05,1.29916361488e-05,6.01464636518e-05,0.250772291551,0.48978963163,0.250772291394
77,0.0275740959448,0.0914875600922,0.0381473020212,0.096186264028,0.122409967009,0.208264981671,0.0694024135194,0.0623242937145,0.0757187076853,0.111994049952,0.0727590302399,0.0237313341226,1,0.4,50,15,10,3,20,0.00037589323832,8.11929394772e-05,0.00037589323832,0.0265023267003,0.00443457396179,0.00515385748932,0.00037589323832,8.11929394772e-05,0.00037589323832,0.243413320719,0.475416641731,0.243413320566
78,0.174159776881,0.113394422901,0.113490899861,0.0963059500826,0.00318218041737,0.105379707915,0.0599900334583,0.0380864684591,0.0125628552052,0.171073831099,0.108588693106,0.00378518061542,1,0.4,50,15,10,3,20,0.000187782184805,4.05609519178e-05,0.000187782184805,0.0318198654729,0.00165377528754,0.00342254405747,0.000187782184805,4.05609519178e-05,0.000187782184805,0.243420474938,0.475430614816,0.243420474786
79,0.0513397437883,0.0760302354752,0.0356342598023,0.0880435017459,0.0436799897584,0.0352425375819,0.214271665626,0.0330940476883,0.0459449327822,0.0537880897665,0.153853400209,0.169077595776,1,0.4,50,15,10,3,20,0.000114023842727,2.46291500291e-05,0.000114023842727,0.00633183951635,0.00135633414713,0.00155416937739,0.000114023842727,2.46291500291e-05,0.000114023842727,0.250498606482,0.48925509048,0.250498606326
80,0.0747594079701,0.0930228427406,0.131461679024,0.0737074616013,0.0675439741434,0.135566366684,0.0101445634155,0.138249540177,0.0172783202566,0.0299586913099,0.0558069484944,0.172500204184,1,0.4,50,15,10,3,20,0.000296824486569,6.41140890989e-05,0.000296824486569,0.0362269993429,0.00392007008555,0.000992529336853,0.000296824486569,6.41140890989e-05,0.000296824486569,0.242224790655,0.473095293952,0.242224790503
81,0.083502534055,0.00662437623564,0.0240048635656,0.0744894253564,0.0496469735569,0.303620299177,0.0279079707031,0.0845931168608,0.025269553103,0.0213754500181,0.103785729552,0.195179707817,1,0.4,50,15,10,3,20,0.000100795132407,2.17717485999e-05,0.000100795132407,0.000591462992653,0.000496784786673,0.000463653866184,0.000100795132407,2.17717485999e-05,0.000100795132407,0.252458845798,0.49308368289,0.25245884564
82,0.0143834529827,0.0918430441094,0.0657533426109,0.0348898087558,0.0669753315534,0.171730947222,0.121549592687,0.0991384823259,0.153674144837,0.0358775231831,0.0965131142871,0.0476712154458,1,0.4,50,15,10,3,20,0.000217884002222,4.70629444799e-05,0.000217884002222,0.0100582718315,0.0106846068824,0.000864949337372,0.000217884002222,4.70629444799e-05,0.000217884002222,0.247254137045,0.482918236115,0.247254136891
83,0.121829168034,0.0101421476952,0.0107948934898,0.0907309810533,0.0157036230458,0.0128147027426,0.00138562883424,0.325631538345,0.0968241507995,0.112072826642,0.0417362038023,0.160334135516,1,0.4,50,15,10,3,20,1.11673316474e-06,2.41214363583e-07,1.11673316474e-06,5.86319888551e-06,1.65339088073e-05,1.03673282989e-05,1.11673316474e-06,2.41214363583e-07,1.11673316474e-06,0.252954886746,0.494052512868,0.252954886588
84,0.222879036653,0.109518721966,0.00353189272466,0.0417046064035,0.0301293746598,0.0467959889205,0.122135453223,0.0657980237616,0.0590041511451,0.0194734911144,0.0334454020681,0.24558385736,1,0.4,50,15,10,3,20,0.00012559184579,2.71278386907e-05,0.00012559184579,0.00591313572911,0.00353165041565,0.000433519272305,0.00012559184579,2.71278386907e-05,0.00012559184579,0.250324761292,0.488915549094,0.250324761136
85,0.0554136318329,0.145578158294,0.0439976324584,0.0166034194933,0.0521052778766,0.0210834875877,0.125995356667,0.0397879172521,0.155054864975,0.0866670485586,0.0865575611545,0.17115564385,1,0.4,50,15,10,3,20,4.72280765033e-05,1.02012645247e-05,4.72280765033e-05,0.000133773277783,0.000209428149074,0.000384770105636,4.72280765033e-05,1.02012645247e-05,4.72280765033e-05,0.252727326887,0.493608060017,0.252727326729
86,0.0276542040194,0.101423708367,0.122869978883,0.00931694106855,0.0470051458235,0.00671210658982,0.0204423122583,0.114745637386,0.0134219457623,0.0256640196302,0.287872356268,0.222871643943,1,0.4,50,15,10,3,20,5.10434109297e-05,1.10253767608e-05,5.10434109297e-05,0.0011220876704,0.000592320828573,0.000209120929726,5.10434109297e-05,1.10253767608e-05,5.10434109297e-05,0.252420615751,0.49300901483,0.252420615593
87,0.0681193277501,0.179689180374,0.0474629935155,0.11738690325,0.0996185398137,0.0718284045292,0.0621073854475,0.0378908515677,0.03786455099,0.0285834420698,0.227041392244,0.0224070284481,1,0.4,50,15,10,3,20,0.000196142082731,4.236668987e-05,0.000196142082731,0.0288756772357,0.00501404470466,0.00140119150744,0.000196142082731,4.236668987e-05,0.000196142082731,0.243817178888,0.476205427218,0.243817178736
88,0.0268969804569,0.125841017717,0.04229212266,0.21656448043,0.142398506368,0.0667433662915,0.128249571571,0.090261676626,0.103831790266,0.00728278460753,0.0249252761033,0.0247124269022,1,0.4,50,15,10,3,20,0.00142592833703,0.000308000520798,0.00142592833703,0.157463228373,0.0228434175805,0.023184719471,0.00142592833703,0.000308000520798,0.00142592833703,0.199889687413,0.390409545485,0.199889687288
89,0.100710437891,0.101153893288,0.0554159482673,0.0474408044388,0.207022859979,0.0420788156742,0.117056577412,0.0752535634911,0.0997553562553,0.0535459850777,0.0841093765362,0.0164563816896,1,0.4,50,15,10,3,20,0.000469525860635,0.000101417585897,0.000469525860635,0.00912048498902,0.00847431956258,0.00175495828576,0.000469525860635,0.000101417585897,0.000469525860635,0.247543221883,0.483482854938,0.247543221728
90,0.0394010797394,0.0829715432473,0.096696467711,0.170625211369,0.13394628591,0.00519035947743,0.00538636599857,0.0810503631392,0.169866752224,0.00773597522063,0.0278086804,0.179320915563,1,0.4,50,15,10,3,20,0.000571102877678,0.000123358221579,0.000571102877678,0.0257017311281,0.00378390943303,0.00256318666464,0.000571102877678,0.000123358221579,0.000571102877678,0.244216928448,0.476986188077,0.244216928295
91,0.0402004105206,0.0719461788626,0.183061082326,0.397561113382,0.0365788399276,0.0237765528999,0.0415053457815,0.0761680984139,0.0339113528531,0.0712753718675,0.000927397840971,0.0230882553244,1,0.4,50,15,10,3,20,0.00111988215976,0.000241894546509,0.00111988215976,0.0194103815874,0.0148765366775,0.00603439203221,0.00111988215976,0.000241894546509,0.00111988215976,0.241509027014,0.471697318093,0.241509026864
92,0.0439991426325,0.133630106189,0.221202591058,0.179827581881,0.0646263959405,0.0148973697672,0.0281561845662,0.00999328041722,0.15994126387,0.0265070432503,0.089369270093,0.0278497703343,1,0.4,50,15,10,3,20,0.000478800962734,0.00010342100795,0.000478800962734,0.079664664268,0.0101337046727,0.00257791275359,0.000478800962734,0.00010342100795,0.000478800962734,0.229059711712,0.447382249158,0.229059711569
93,0.159092674074,0.0379459175672,0.166123149778,0.0930488959486,0.0263481644286,0.0943862540216,0.104929269072,0.0440127291459,0.0823514040133,0.0193870301139,0.13880877942,0.0335657324166,1,0.4,50,15,10,3,20,0.00043131130471,9.31632418174e-05,0.00043131130471,0.0300625947342,0.0105877814083,0.000741459575416,0.00043131130471,9.31632418174e-05,0.00043131130471,0.242010205351,0.47267618203,0.242010205199
94,0.00812177540987,0.0147689168989,0.254831355288,0.172337583544,0.0267482342499,0.0614793418025,0.0113548727043,0.101310409582,0.0438529471237,0.0061454018228,0.131586343056,0.167462818518,1,0.4,50,15,10,3,20,0.000122339589578,2.64253513489e-05,0.000122339589578,0.00523112552753,0.00379917109214,0.000916134690231,0.000122339589578,2.64253513489e-05,0.000122339589578,0.250311174094,0.488889011597,0.250311173938
