run_ID,t1_initial,t2_initial,t3_initial,t4_initial,t5_initial,t6_initial,t7_initial,t8_initial,t9_initial,t10_initial,t11_initial,t12_initial,alpha,prior_cost_c,lambda,k,sample_amount,learning_parameter,generations,t1_final,t2_final,t3_final,t4_final,t5_final,t6_final,t7_final,t8_final,t9_final,t10_final,t11_final,t12_final
0,0.214821939778,0.148613059898,0.0674051278612,0.108541690077,0.000858855881269,0.0137485653142,0.0669585849045,0.0566013133472,0.120316805529,0.0689498995712,0.0361451242804,0.0970390335583,1,0.4,45,16,10,3,20,0.00041747375007,9.01743300151e-05,0.00041747375007,0.0231251486537,0.00505035121757,0.003265580284,0.00041747375007,9.01743300151e-05,0.00041747375007,0.244542907712,0.477622862746,0.244542905726
1,0.0177125423991,0.00028473487601,0.0159073100421,0.128057070607,0.0808089465416,0.0841974519392,0.0796890056195,0.168797250891,0.0369419938993,0.178345378103,0.187036480579,0.0222218345035,1,0.4,45,16,10,3,20,3.54317373565e-07,7.65325526901e-08,3.54317373565e-07,7.97291989088e-06,3.51631518565e-06,5.94375523067e-07,3.54317373565e-07,7.65325526901e-08,3.54317373565e-07,0.25296097445,0.49406439921,0.252960972395
2,0.156526885808,0.0336806346781,0.0370617921579,0.0848213774821,0.101246257395,0.0810317667719,0.231876789483,0.121516670777,0.0733982403356,0.00126371900414,0.0111466773655,0.066429188742,1,0.4,45,16,10,3,20,0.00069649223571,0.000150442322913,0.00069649223571,0.156962456506,0.0186337715423,0.0021011944368,0.00069649223571,0.000150442322913,0.00069649223571,0.207232437349,0.404750850911,0.207232435666
3,0.0160966206685,0.0870725792079,0.423733570792,0.129729388683,0.00569397608126,0.086429812898,0.00254629148407,0.0365327324132,0.0446294325994,0.0664118144947,0.0105828540553,0.0905409266234,1,0.4,45,16,10,3,20,0.000541071084068,0.000116871354159,0.000541071084068,0.0200833774936,0.00862050665681,0.00257128117656,0.000541071084068,0.000116871354159,0.000541071084068,0.244446308551,0.477434192512,0.244446306566
4,0.0840649833363,0.0537876481702,0.124648262051,0.112034864037,0.0135944833343,0.0989900642246,0.00160792214915,0.0166468089779,0.142740395644,0.102672167686,0.0336794283874,0.215532972003,1,0.4,45,16,10,3,20,6.52322833456e-05,1.40901732026e-05,6.52322833456e-05,0.00278109017233,0.00144943019388,0.00125080966603,6.52322833456e-05,1.40901732026e-05,6.52322833456e-05,0.251504712479,0.491220137572,0.251504710437
5,0.0356786179607,0.203644191439,0.0269194349808,0.0320493099736,0.181736447042,0.266191369807,0.0719817888989,0.0068482110804,0.00405086568809,0.0197981485855,0.00164839941782,0.149453215126,1,0.4,45,16,10,3,20,0.000442639807503,9.56101984206e-05,0.000442639807503,0.014109684896,0.0102441057429,0.00132482497063,0.000442639807503,9.56101984206e-05,0.000442639807503,0.24597239163,0.480414823501,0.245972389633
6,0.0543435875325,0.072424069569,0.00173512286043,0.0751821821668,0.0257929859931,0.0270568913476,0.02284464624,0.055795493886,0.126740594992,0.0848834180342,0.0806966620471,0.372504345331,1,0.4,45,16,10,3,20,4.20063587605e-05,9.07337349226e-06,4.20063587605e-05,0.00566193562268,0.00127541356114,0.000436112355031,4.20063587605e-05,9.07337349226e-06,4.20063587605e-05,0.251052109989,0.49033614834,0.25105210795
7,0.0862968417933,0.116009728008,0.0746562506088,0.0964007820262,0.00287337422814,0.0481238299041,0.0906485574961,0.0473885292822,0.0599175571849,0.0699515341393,0.00765652510074,0.300076490228,1,0.4,45,16,10,3,20,0.000109020484937,2.35484247464e-05,0.000109020484937,0.0109063556425,0.000677286653114,0.00232978357556,0.000109020484937,2.35484247464e-05,0.000109020484937,0.249322599543,0.486958198278,0.249322597518
8,0.116566052944,0.0231513973395,0.261580419316,0.00399576705244,0.132390467833,0.0811936385518,0.00576395496028,0.0702015594001,0.0303836072688,0.0718799882566,0.14345442722,0.0594387198567,1,0.4,45,16,10,3,20,6.01498441246e-07,1.29923663309e-07,6.01498441246e-07,3.61654522577e-06,1.23813113249e-05,1.70814319662e-06,6.01498441246e-07,1.29923663309e-07,6.01498441246e-07,0.252959275061,0.494061080091,0.252959273007
9,0.125247050131,0.0136986194977,0.0578856339523,0.133756999687,0.0123518604856,0.0256474886262,0.0286007026482,0.245124794875,0.00346216942379,0.0681683937793,0.179443876078,0.106612410816,1,0.4,45,16,10,3,20,9.51982864264e-05,2.05628298681e-05,9.51982864264e-05,0.0100130361142,0.00284199893146,0.00124815785154,9.51982864264e-05,2.05628298681e-05,9.51982864264e-05,0.249290091833,0.486894706657,0.249290089808
10,0.475528097708,0.00716504107824,0.0124749087601,0.00534772020687,0.0832787596128,0.142954279869,0.0455672329661,0.0185110462347,0.0607428763264,0.0401401784132,0.0275795797317,0.0807102790924,1,0.4,45,16,10,3,20,0.000621608341061,0.000134267401669,0.000621608341061,0.0344547978402,0.0107781524256,0.00177486555236,0.000621608341061,0.000134267401669,0.000621608341061,0.240376214205,0.469484789556,0.240376212253
11,0.154646219628,0.23869398904,0.0705269143312,0.0784308107905,0.0506347155023,0.0572882031023,0.0294977014375,0.135518166229,0.00804156317839,0.00590025291992,0.168496921213,0.00232454262766,1,0.4,45,16,10,3,20,3.34567780564e-06,7.22666406019e-07,3.34567780564e-06,1.54412259401e-05,2.02467986939e-05,2.17676043245e-05,3.34567780564e-06,7.22666406019e-07,3.34567780564e-06,0.252946143214,0.494035431953,0.25294614116
12,0.0489016767805,0.026099480031,0.296430234812,0.152872949789,0.0649103587087,0.0134635191723,0.00603441709897,0.162314213213,0.0564866490985,0.054528906908,0.0906122548706,0.0273453395175,1,0.4,45,16,10,3,20,0.000433948148018,9.3732799972e-05,0.000433948148018,0.0553727766146,0.00528385087897,0.00435983806498,0.000433948148018,9.3732799972e-05,0.000433948148018,0.236031059456,0.460998159255,0.236031057539
13,0.0854221291923,0.0113560386039,0.00572375459158,0.00665038843459,0.00861980900416,0.298842098751,0.0710383304018,0.137871346407,0.125011008517,0.103025755684,0.0961229104211,0.050316429992,1,0.4,45,16,10,3,20,2.12403169098e-06,4.58790845251e-07,2.12403169098e-06,1.5005820681e-05,1.08409210841e-05,2.62217217983e-05,2.12403169098e-06,4.58790845251e-07,2.12403169098e-06,0.25294887561,0.494040768663,0.252948873555
14,0.0290709124498,0.088849005363,0.252324711589,0.0190908063714,0.00147299776487,0.0216344095156,0.0359472015145,0.0303517933706,0.0730759584474,0.0523660495896,0.272621289849,0.123194864175,1,0.4,45,16,10,3,20,6.45663595287e-05,1.39463336582e-05,6.45663595287e-05,0.0106700218314,0.000911557024505,0.000636942995381,6.45663595287e-05,1.39463336582e-05,6.45663595287e-05,0.249801189194,0.487892943683,0.249801187166
15,0.151993037685,0.040336429611,0.150483637575,0.084334288007,0.047229474799,0.0031862399822,0.207627819522,0.0258790665025,0.00973422929224,0.0385347369341,0.0408850730271,0.199775967064,1,0.4,45,16,10,3,20,0.000134209940769,2.8989347206e-05,0.000134209940769,0.0198842280547,0.00196977382206,0.00345166238216,0.000134209940769,2.8989347206e-05,0.000134209940769,0.246412527606,0.481274464072,0.246412525605
16,0.0346439139556,0.238980444984,0.0185975783456,0.0214051742339,0.0974357558704,0.0629271134217,0.0779198524901,0.137884165959,0.0396197719471,0.18320392925,0.0699571397814,0.0174251597609,1,0.4,45,16,10,3,20,0.000324236594093,7.0035104324e-05,0.000324236594093,0.0177561153232,0.0017639364404,0.00113665348861,0.000324236594093,7.0035104324e-05,0.000324236594093,0.247375502696,0.48315527478,0.247375500687
17,0.0813588025858,0.0983216340861,0.0336396364136,0.0115756057771,0.212112835952,0.0422335002241,0.0889158364173,0.0625848756744,0.0652530947759,0.00995768683063,0.108679623389,0.185366867873,1,0.4,45,16,10,3,20,0.000174126286527,3.76112778899e-05,0.000174126286527,0.0137403796281,0.000944528531051,0.00427739303432,0.000174126286527,3.76112778899e-05,0.000174126286527,0.247972421072,0.484321130974,0.247972419059
18,0.00644114574372,0.0567254101926,0.097264439841,0.0864044266984,0.0418023773582,0.0536254098765,0.25611857184,0.0554026666245,0.0390375306778,0.187928342254,0.108870672092,0.0103790068016,1,0.4,45,16,10,3,20,0.000122521947712,2.64647407057e-05,0.000122521947712,0.0325453973913,0.000829728123912,0.00208955909399,0.000122521947712,2.64647407057e-05,0.000122521947712,0.243855760687,0.476280778724,0.243855758707
19,0.0329689090833,0.134191954339,0.0328920059785,0.0479845535462,0.0273484883026,0.0167376571101,0.167683344341,0.17108047688,0.0982704661586,0.0740901407295,0.087366127897,0.109385875634,1,0.4,45,16,10,3,20,0.000215201360701,4.64834939115e-05,0.000215201360701,0.0126970340189,0.00227285825999,0.00277222929659,0.000215201360701,4.64834939115e-05,0.000215201360701,0.248235032271,0.484834043467,0.248235030255
20,0.0700411361334,0.016208541558,0.274422584672,0.0619755286486,0.113180595955,0.0128499606802,0.145869881249,0.00478262574256,0.0302460284112,0.0125172080937,0.212451678392,0.0454542304649,1,0.4,45,16,10,3,20,0.000282275119649,6.09714258442e-05,0.000282275119649,0.00858268045341,0.00214415208678,0.00307692635702,0.000282275119649,6.09714258442e-05,0.000282275119649,0.249156098972,0.486633001852,0.249156096948
21,0.121252378866,0.00232707356226,0.0251753437716,0.0293544434726,0.0736190035273,0.0047701364832,0.0828490595635,0.283565291789,0.181292711767,0.0142339414277,0.0175967906414,0.163963825128,1,0.4,45,16,10,3,20,0.000359905335791,7.77395525308e-05,0.000359905335791,0.0293668363538,0.00906689368242,0.00194716412905,0.000359905335791,7.77395525308e-05,0.000359905335791,0.242345994928,0.473332017499,0.24234599296
22,0.0935743019243,0.223986594913,0.0726775300506,0.163104961921,0.0103260149586,0.0238309483914,0.0947382598898,0.00350330394714,0.0835439833169,0.136194704762,0.00979013706363,0.0847292588614,1,0.4,45,16,10,3,20,0.000231248847819,4.9949751129e-05,0.000231248847819,0.0382097174491,0.00228687384687,0.00184017524736,0.000231248847819,4.9949751129e-05,0.000231248847819,0.241995470512,0.472647399505,0.241995468546
23,0.0140475696405,0.00397794408925,0.0214977714897,0.0846429769785,0.212761467604,0.123850448157,0.112321506045,0.0666110683405,0.123249084763,0.113560433143,0.0604625407479,0.0630171890019,1,0.4,45,16,10,3,20,0.000326505082612,7.05250978442e-05,0.000326505082612,0.0544833685687,0.00363660109828,0.0013074449483,0.000326505082612,7.05250978442e-05,0.000326505082612,0.237565349073,0.463994818641,0.237565347144
24,0.0146245621072,0.009042099645,0.0352598407821,0.0261153867452,0.0487742042055,0.369727662711,0.0393033520399,0.0603157165441,0.236365117664,0.00313982285125,0.0863337345026,0.0709985002029,1,0.4,45,16,10,3,20,0.000357531486872,7.72268011643e-05,0.000357531486872,0.0503232532092,0.0100550049845,0.00256659617912,0.000357531486872,7.72268011643e-05,0.000357531486872,0.236640777044,0.462189013911,0.236640775122
25,0.0874086970547,0.023489416928,0.327218320718,0.0339815407449,0.0219311095352,0.0975054218269,0.0270581510152,0.0953955213143,0.00176998034863,0.203993619728,0.0232280528164,0.0570201679697,1,0.4,45,16,10,3,20,3.29391774693e-06,7.11486233338e-07,3.29391774693e-06,7.56731625489e-06,1.18758398913e-05,3.92406566317e-05,3.29391774693e-06,7.11486233338e-07,3.29391774693e-06,0.252945890557,0.494034938483,0.252945888503
26,0.0371133412971,0.200257182849,0.0761733563318,0.0899231549466,0.0136336268119,0.0133141925864,0.0348935348842,0.0663324824711,0.000268504437789,0.250574583794,0.157583296585,0.0599327430049,1,0.4,45,16,10,3,20,6.52935023478e-05,1.41033965071e-05,6.52935023478e-05,0.00909867961705,0.00153976883054,0.000482608267778,6.52935023478e-05,1.41033965071e-05,6.52935023478e-05,0.250077993608,0.488433577298,0.250077991577
27,0.0943117625744,0.0944740861363,0.246290226723,0.0670218070014,0.0295370751934,0.102832082345,0.144653708613,0.0100438781957,0.0802572251263,0.0300577539482,0.0694437070212,0.0310766871216,1,0.4,45,16,10,3,20,0.000474762559301,0.000102548712809,0.000474762559301,0.0982692003114,0.00432647225483,0.00955162358942,0.000474762559301,0.000102548712809,0.000474762559301,0.224062877231,0.437622803538,0.224062875412
28,0.0728585317262,0.0879824346106,0.0694089501594,0.00350775688839,0.0584032972539,0.211495144429,0.0772375093275,0.162375614618,0.193898432768,0.0293736137769,0.0280581278197,0.00540058662171,1,0.4,45,16,10,3,20,0.00179937965585,0.000388666005663,0.00179937965585,0.145922221802,0.00976011509578,0.0256641575205,0.00179937965585,0.000388666005663,0.00179937965585,0.205072862575,0.400532931463,0.205072860909
29,0.0105354273338,0.123941610962,0.0287551808804,0.0511330997334,0.0827395761019,0.381180440453,0.0333762042602,0.0431635248927,0.0548398502091,0.000123783599572,0.146073646978,0.0441376545963,1,0.4,45,16,10,3,20,0.000550088635673,0.000118819145305,0.000550088635673,0.0141866535059,0.00757940437715,0.00131654468951,0.000550088635673,0.000118819145305,0.000550088635673,0.246508625583,0.481462155431,0.246508623581
30,0.0233563281068,0.156289416267,0.203998441875,0.0226530048287,0.259370024649,0.00578340462571,0.00616855205873,0.0423159674882,0.195523745566,0.00420701253762,0.0242643143189,0.056069787678,1,0.4,45,16,10,3,20,0.00160751659972,0.000347223585539,0.00160751659972,0.0903706442743,0.00909873484192,0.0133728736028,0.00160751659972,0.000347223585539,0.00160751659972,0.222617103949,0.43479902762,0.222617102142
31,0.0201979882297,0.0710668625576,0.0407865883425,0.0769378839242,0.333820932436,0.145484379635,0.0192849903428,0.0903323090629,0.112582290896,0.0272090290548,0.000527520366241,0.0617692251522,1,0.4,45,16,10,3,20,0.000950593017664,0.000205328091815,0.000950593017664,0.0595937450991,0.0194938774227,0.012377804924,0.000950593017664,0.000205328091815,0.000950593017664,0.228761182555,0.446799181049,0.228761180697
32,0.0257671560897,0.12683060978,0.0947225400407,0.00326410104032,0.163359206638,0.121504931047,0.010761740266,0.111808308987,0.0151788899461,0.106403790302,0.0745283681318,0.145870357733,1,0.4,45,16,10,3,20,0.00015648658613,3.38011026042e-05,0.00015648658613,0.0267296580515,0.00204341531142,0.00089636199664,0.00015648658613,3.38011026042e-05,0.00015648658613,0.245283673543,0.479069670997,0.245283671551
33,0.0602709949587,0.0318307926341,0.00900239382129,0.13766820465,0.00290664056685,0.111369623831,0.13596717936,0.105271637963,0.0270192385782,0.117023508534,0.0783527626853,0.183317022418,1,0.4,45,16,10,3,20,0.00013619441707,2.94179940871e-05,0.00013619441707,0.00509586161791,0.000794252251001,0.00170374835244,0.00013619441707,2.94179940871e-05,0.00013619441707,0.250890758612,0.490021008935,0.250890756575
34,0.035009413622,0.234323351703,0.0159825479968,0.0656972201688,0.00341755305398,0.0113768584502,0.0116473041412,0.16837463224,0.010862657849,0.292175927281,0.0821413316094,0.0689912018839,1,0.4,45,16,10,3,20,9.26932012836e-05,2.00217314773e-05,9.26932012836e-05,0.00884995242015,0.000346028790913,0.00122793739085,9.26932012836e-05,2.00217314773e-05,9.26932012836e-05,0.250223625899,0.488718015365,0.250223623867
35,0.0641241456282,0.0303136233114,0.166017699408,0.159037228404,0.0320812694771,0.161390437674,0.0126594246303,0.0285224174461,0.0302798149396,0.211746702019,0.0699962842355,0.0338309528271,1,0.4,45,16,10,3,20,0.000186674036287,4.0321591838e-05,0.000186674036287,0.0216668796173,0.00340299445643,0.00102653722793,0.000186674036287,4.0321591838e-05,0.000186674036287,0.246153677223,0.480768896922,0.246153675224
36,0.0558574582789,0.0724841873492,0.0253963692177,0.0799529107262,0.135688970822,0.127980323777,0.0459125655718,0.153493279399,0.0393743102708,0.07986421401,0.171300648951,0.0126947616265,1,0.4,45,16,10,3,20,4.91383393152e-06,1.06138812921e-06,4.91383393152e-06,9.06508668035e-06,7.0273360709e-05,2.74313166276e-06,4.91383393152e-06,1.06138812921e-06,4.91383393152e-06,0.252938155605,0.494019831154,0.252938153551
37,0.0426881998872,0.0157004616331,0.0428804332417,0.00521275761132,0.0568086195804,0.107298492108,0.197057187153,0.0209615518909,0.151842100701,0.0223325903496,0.0395647496111,0.297652856233,1,0.4,45,16,10,3,20,5.35193873407e-05,1.15601876656e-05,5.35193873407e-05,0.000884000460319,0.00164715825642,0.000150300264684,5.35193873407e-05,1.15601876656e-05,5.35193873407e-05,0.252226112036,0.49262912107,0.252226109988
38,0.00803443877796,0.310412660285,0.0603450636432,0.0429228798183,0.00948224699462,0.0170228662183,0.0563675226629,0.135834997407,0.136728920246,0.0995815605487,0.0306645465998,0.0926022967976,1,0.4,45,16,10,3,20,0.00031903945058,6.89125213253e-05,0.00031903945058,0.0342728754142,0.00477176801489,0.00177822174176,0.00031903945058,6.89125213253e-05,0.00031903945058,0.242280008296,0.47320313736,0.242280006328
39,0.0236939621152,0.0129223403377,0.335903301254,0.0219400354754,0.0430940395501,0.0945176259356,0.0572004769586,0.220863680048,0.0014608612796,0.0165898013447,0.0332376668503,0.13857620885,1,0.4,45,16,10,3,20,0.000540274365937,0.000116699263042,0.000540274365937,0.0232919634982,0.0047046322944,0.00119935286599,0.000540274365937,0.000116699263042,0.000540274365937,0.244973169638,0.478463218064,0.244973167649
40,0.0286380198234,0.0796014110168,0.0527441940946,0.141646830311,0.0230998399747,0.0471273065462,0.0142757806275,0.0283916642231,0.138009921194,0.15114495375,0.172679193382,0.122640885056,1,0.4,45,16,10,3,20,9.56398882025e-05,2.06582158517e-05,9.56398882025e-05,0.0148542359956,0.00151831358518,0.00127415380506,9.56398882025e-05,2.06582158517e-05,9.56398882025e-05,0.248393214631,0.485142993386,0.248393212613
41,0.0500781916577,0.112442739229,0.0805404796335,0.00472145378396,0.130859639616,0.0537913813414,0.121549380357,0.0630547505295,0.0104700185117,0.0200599914464,0.284162211022,0.0682697628728,1,0.4,45,16,10,3,20,8.55723850566e-05,1.84836351722e-05,8.55723850566e-05,0.00211618487516,0.00119050967662,0.000526420658718,8.55723850566e-05,1.84836351722e-05,8.55723850566e-05,0.251898848132,0.491989933761,0.251898846086
42,0.0621201726358,0.0147931611796,0.059023877485,0.000301684653506,0.17990096209,0.0278335705701,0.192483990161,0.0468203041507,0.0266294713984,0.0959646806795,0.293311185221,0.000816939775049,1,0.4,45,16,10,3,20,6.5486310579e-05,1.41450430851e-05,6.5486310579e-05,0.0130683699125,0.00225108707531,0.000879355027732,6.5486310579e-05,1.41450430851e-05,6.5486310579e-05,0.248793285976,0.485924382725,0.248793283955
43,0.11031151154,0.0175224052874,0.040249496225,0.035583133531,0.0256009331847,0.0459812822258,0.23429554183,0.136162676647,0.00464317420855,0.00564939939041,0.201709813012,0.142290632918,1,0.4,45,16,10,3,20,6.56859088927e-06,1.41881563208e-06,6.56859088927e-06,5.47186549222e-06,1.63856269549e-05,0.0001198205639,6.56859088927e-06,1.41881563208e-06,6.56859088927e-06,0.252921224604,0.493986762794,0.25292122255
44,0.0660535863781,0.0158731814051,0.161598023346,0.046849483455,0.00115623022348,0.0433374426922,0.0865927946925,0.00576009571382,0.202912269341,0.0345584070117,0.284114225205,0.051194260535,1,0.4,45,16,10,3,20,0.000101115758122,2.18410037544e-05,0.000101115758122,0.0167815818547,0.000962722525836,0.00220015962921,0.000101115758122,2.18410037544e-05,0.000101115758122,0.24780582372,0.483995745523,0.247805821708
45,0.116500767317,0.0597322544871,0.0573141830156,0.0564460322088,0.0166270846058,0.0294308468798,0.0551700697784,0.027075383842,0.328074324173,0.185517652348,0.0378709226782,0.0302404786669,1,0.4,45,16,10,3,20,0.000131080125542,2.8313307117e-05,0.000131080125542,0.000957482286014,0.00152637918463,0.000352761727317,0.000131080125542,2.8313307117e-05,0.000131080125542,0.252099904691,0.492382622351,0.252099902644
46,0.000713977815628,0.00495414693263,0.127551007947,0.0564706491177,0.037742974422,0.0423192611417,0.0520490836297,0.207886694654,0.0568371200743,0.0726444363352,0.111585106419,0.229245541512,1,0.4,45,16,10,3,20,5.15775964233e-05,1.11407608274e-05,5.15775964233e-05,0.0053771220937,0.00152570415524,0.000479400508028,5.15775964233e-05,1.11407608274e-05,5.15775964233e-05,0.251039162019,0.490310859336,0.25103915998
47,0.110095048779,0.0269346704559,0.367715602067,0.0576017257019,0.13550731652,0.00824887390766,0.0240469958598,0.0298171119452,0.0206449046869,0.0108339361325,0.196342700248,0.0122111136954,1,0.4,45,16,10,3,20,0.000190339431832,4.11133172757e-05,0.000190339431832,0.00839570153521,0.0029784590274,0.00380523964996,0.000190339431832,4.11133172757e-05,0.000190339431832,0.248911183278,0.486154650891,0.248911181256
48,0.00752618822639,0.00143194499967,0.0576156350585,0.0564011920393,0.117196707772,0.0170938457395,0.108822140074,0.0216848620819,0.157023335892,0.00119120034692,0.029116995456,0.424895952314,1,0.4,45,16,10,3,20,7.12451082444e-05,1.53889433808e-05,7.12451082444e-05,0.00550787973012,0.000998393774213,0.000486690088921,7.12451082444e-05,1.53889433808e-05,7.12451082444e-05,0.251115581751,0.490460116624,0.251115579712
49,0.177234335903,0.0938833475018,0.00618700371152,0.131061041223,0.180120055542,0.163213369746,0.0229941864919,0.0242815925627,0.00135998420291,0.0701573393525,0.125950309315,0.00355743444698,1,0.4,45,16,10,3,20,0.000592847037479,0.000128054960095,0.000592847037479,0.0167033151834,0.00647117800551,0.00211006375169,0.000592847037479,0.000128054960095,0.000592847037479,0.245903671371,0.480280604245,0.245903669374
50,0.158609906927,0.0861147105217,0.149381076183,0.00325615679417,0.200608748733,0.129059724714,0.0664068362131,0.0432190751729,0.00924997794811,0.0777030596065,0.0141797260708,0.062211001116,1,0.4,45,16,10,3,20,0.000370660532198,8.00626749548e-05,0.000370660532198,0.00218510979165,0.00292993014029,0.00257940413254,0.000370660532198,8.00626749548e-05,0.000370660532198,0.250602446031,0.48945789843,0.250602443996
51,0.0271429560942,0.00288271251134,0.185621951133,0.0265132249458,0.109098034194,0.0365995730887,0.130118280457,0.0585395956361,0.289889870808,0.0506231325772,0.049695246355,0.0332754221998,1,0.4,45,16,10,3,20,0.000453539994987,9.79646389172e-05,0.000453539994987,0.0058738183449,0.00253636086522,0.0092171650797,0.000453539994987,9.79646389172e-05,0.000453539994987,0.247996856259,0.484368855948,0.247996854245
52,0.102961386774,0.107844416737,0.00235242618994,0.0595969716419,0.372621621312,0.0477585423604,0.0393363896136,0.0256722690747,0.0273189097439,0.0797241698669,0.125760586724,0.00905230996152,1,0.4,45,16,10,3,20,0.000497992862673,0.000107566458337,0.000497992862673,0.0368168269031,0.00194002396527,0.00412568430023,0.000497992862673,0.000107566458337,0.000497992862673,0.24155835352,0.471793655387,0.241558351558
53,0.00136131836336,0.0448794057398,0.220493498762,0.362326498846,0.0242587421986,0.0202542719682,0.0476246163433,0.00715742645448,0.0822789846432,0.0236137576663,0.0713568401146,0.0943946388998,1,0.4,45,16,10,3,20,0.000391480672309,8.45598252187e-05,0.000391480672309,0.0155414143867,0.0100547196522,0.000777927677878,0.000391480672309,8.45598252187e-05,0.000391480672309,0.245853824971,0.480183247997,0.245853822975
54,0.0391860513525,0.162025431126,0.0851907158133,0.117314608127,0.0970457393177,0.19913701056,0.0196067988832,0.0447248782871,0.104057128596,0.0338099289296,0.0202576183339,0.0776440906728,1,0.4,45,16,10,3,20,0.000473393226007,0.000102252936817,0.000473393226007,0.016162253201,0.0104553711971,0.0066356343789,0.000473393226007,0.000102252936817,0.000473393226007,0.244021797514,0.476605069399,0.244021795532
55,0.0252773471604,0.151049457918,0.0267670788091,0.192246243513,0.0419658264518,0.0661114398302,0.102264572276,0.0593897493886,0.0512506582355,0.158282881706,0.0879569832015,0.0374377615103,1,0.4,45,16,10,3,20,0.000264365522136,5.71029527813e-05,0.000264365522136,0.0245829492793,0.00353679913654,0.00243481125892,0.000264365522136,5.71029527813e-05,0.000264365522136,0.244938821364,0.478396131592,0.244938819375
56,0.216269423062,0.0383876924664,0.0355551956651,0.155264379616,0.0165435313328,0.0536900173523,0.132247972323,0.0847316904178,0.0183068245409,0.0497694469938,0.117193969914,0.082039856316,1,0.4,45,16,10,3,20,0.000126219724496,2.72634604911e-05,0.000126219724496,0.00245821656434,0.000806462920687,0.00364286546504,0.000126219724496,2.72634604911e-05,0.000126219724496,0.251075555479,0.490381940312,0.25107555344
57,0.0236154201172,0.0856485813234,0.0180383421499,0.0361446983063,0.142736658262,0.146447414804,0.0971504633642,0.0312085233735,0.0128861512466,0.0283931725745,0.346013906929,0.0317166675483,1,0.4,45,16,10,3,20,0.000108840849993,2.35096235986e-05,0.000108840849993,0.0159579683853,0.000848592143256,0.00162578206926,0.000108840849993,2.35096235986e-05,0.000108840849993,0.248179675752,0.484725925267,0.248179673736
58,0.0518791121934,0.102178832183,0.00611042683077,0.0293990364107,0.00706428041484,0.00765200367632,0.113009853247,0.0239308652741,0.0339866644932,0.0542212389208,0.363490738643,0.207076947713,1,0.4,45,16,10,3,20,1.47685732061e-05,3.19001181252e-06,1.47685732061e-05,0.00142273389697,0.000122578116758,0.000728009349112,1.47685732061e-05,3.19001181252e-06,1.47685732061e-05,0.252372801359,0.492915623652,0.25237279931
59,0.0181546196353,0.320652015969,0.0424400564155,0.180125391269,0.00717229649922,0.0329324774518,0.0461677860653,0.0161418571979,0.0377304102199,0.0902121619542,0.179821090594,0.0284498367284,1,0.4,45,16,10,3,20,0.000105858207132,2.28653727405e-05,0.000105858207132,0.00184464043048,0.00107774741758,0.0018010561231,0.000105858207132,2.28653727405e-05,0.000105858207132,0.251650883413,0.491505627673,0.251650881369
60,0.0622426241146,0.00982500063401,0.0342804890409,0.089382766373,0.00645396650958,0.125740934783,0.000477374756113,0.215313475568,0.0195701675117,0.147822613848,0.267397484604,0.0214931022571,1,0.4,45,16,10,3,20,3.8882633338e-07,8.398648801e-08,3.8882633338e-07,8.90708302777e-07,5.3375308798e-07,1.76799224897e-06,3.8882633338e-07,8.398648801e-08,3.8882633338e-07,0.252963184907,0.494068716509,0.252963182852
61,0.207730915229,0.113344661837,0.0770633724357,0.0945485123079,0.160483429175,0.0256994886312,0.0593842339777,0.0412707573336,0.00921634963914,0.0103162665232,0.0393880669806,0.161553945929,1,0.4,45,16,10,3,20,0.000463423127445,0.000100099395528,0.000463423127445,0.0443172473877,0.00430454064817,0.00320273005955,0.000463423127445,0.000100099395528,0.000463423127445,0.239335107375,0.467451377796,0.239335105432
62,0.116428590285,0.0362134111798,0.0971114813285,0.00996066616688,0.0895639944424,0.0468051788157,0.0584232375385,0.286186425497,0.0876172351737,0.00707405866071,0.0162325844595,0.148383136452,1,0.4,45,16,10,3,20,0.00052220551314,0.000112796390838,0.00052220551314,0.0287139950878,0.00751464107289,0.00325360823408,0.00052220551314,0.000112796390838,0.00052220551314,0.242391360401,0.473420621938,0.242391358432
63,0.226691531795,0.0311155067716,0.00427163850971,0.123806055598,0.0525248201526,0.23923480794,0.0556199520657,0.0196666293182,0.102727779322,0.0236179904169,0.0331659899515,0.0875572981584,1,0.4,45,16,10,3,20,0.000524683648488,0.000113331668073,0.000524683648488,0.0546326588062,0.0149149987747,0.00267967603586,0.000524683648488,0.000113331668073,0.000524683648488,0.23410523929,0.457236791775,0.234105237389
64,0.0485241355331,0.0807036601592,0.181115984344,0.0023824246888,0.356659644296,0.0407398642146,0.0561308623909,0.12733720052,0.012414838626,0.0268511254095,0.0206161492647,0.0465241105534,1,0.4,45,16,10,3,20,0.00125455330415,0.000270983513696,0.00125455330415,0.103987593571,0.00567474910371,0.0199183990843,0.00125455330415,0.000270983513696,0.00125455330415,0.218778582322,0.427301915128,0.218778580546
65,0.0921348183793,0.0471995535726,0.00642820003983,0.0769094673529,0.114002760883,0.0975194097236,0.0600593076919,0.0597814660944,0.0324536394721,0.328929460279,0.0472594091598,0.0373225073517,1,0.4,45,16,10,3,20,4.56515587418e-05,9.86073668822e-06,4.56515587418e-05,0.000278600712125,0.000731408978223,5.54849386071e-05,4.56515587418e-05,9.86073668822e-06,4.56515587418e-05,0.252643714459,0.493444750796,0.252643712408
66,0.129101749271,0.0471273378494,0.00520725147943,0.0592641878108,0.198205432817,0.0533935067423,0.013543567473,0.244455944551,0.00693654511803,0.0588088914517,0.0616292383497,0.122326347086,1,0.4,45,16,10,3,20,0.000252393214656,5.45169343656e-05,0.000252393214656,0.0383772885455,0.00311263315701,0.00185578585683,0.000252393214656,5.45169343656e-05,0.000252393214656,0.241716538564,0.472102610549,0.241716536601
67,0.00439263998793,0.188366705307,0.00542328076679,0.0837545926761,0.00359011783336,0.00186184374326,0.0456120658645,0.115612763354,0.248552396111,0.00187855985659,0.100664843732,0.200290190768,1,0.4,45,16,10,3,20,0.000153601831787,3.31779956661e-05,0.000153601831787,0.00625485774097,0.00274825322936,0.000938339107581,0.000153601831787,3.31779956661e-05,0.000153601831787,0.250277386272,0.488823016092,0.250277384239
68,0.0607441613945,0.0135432658027,0.100963736081,0.0699927719313,0.00673955605192,0.0842511999857,0.0738735523384,0.104311086825,0.0211344659465,0.129025869815,0.141188949404,0.194231384425,1,0.4,45,16,10,3,20,3.60342396447e-05,7.78339576325e-06,3.60342396447e-05,0.000641254930614,0.000115202289155,0.000927451281145,3.60342396447e-05,7.78339576325e-06,3.60342396447e-05,0.252498060093,0.493160269614,0.252498058042
69,0.0371468322168,0.097292111194,0.0998097522825,0.00359314860293,0.240676871069,0.000255056471187,0.0791943517869,0.0291433454496,0.109688431656,0.109859151836,0.0525608909339,0.140780056502,1,0.4,45,16,10,3,20,0.000274990012583,5.93978427179e-05,0.000274990012583,0.0150225463742,0.00259155896652,0.00186052129865,0.000274990012583,5.93978427179e-05,0.000274990012583,0.247729738768,0.483847142101,0.247729736756
70,0.109013690803,0.179383062915,0.0600620038171,0.158023560591,0.0972300234793,0.0449717479252,0.0702758113007,0.0184866641412,0.0158831305607,0.118835679548,0.0434726450313,0.0843619798877,1,0.4,45,16,10,3,20,0.000206424714531,4.45877383386e-05,0.000206424714531,0.0293299345234,0.00448382578968,0.00324853845084,0.000206424714531,4.45877383386e-05,0.000206424714531,0.243357554527,0.475307719825,0.24335755255
71,0.0369550125613,0.131630663775,0.057429064534,0.0760412758942,0.0108959159359,0.224586229051,0.0403314497773,0.0279727813778,0.106716424196,0.143683060244,0.0593463859011,0.0844117367513,1,0.4,45,16,10,3,20,0.000133084777923,2.87463120313e-05,0.000133084777923,0.0218881404366,0.00159694684666,0.0041470684681,0.000133084777923,2.87463120313e-05,0.000133084777923,0.245825269479,0.480127475552,0.245825267482
72,0.00232041570979,0.0662083791706,0.18104518612,0.0598803204628,0.159097424628,0.0441347732069,0.134365519237,0.127175125296,0.0269853977319,0.0912913913762,0.100908944013,0.00658712304683,1,0.4,45,16,10,3,20,0.000298855497465,6.45527874524e-05,0.000298855497465,0.0101445353024,0.0057827871589,0.00258758090605,0.000298855497465,6.45527874524e-05,0.000298855497465,0.247945758106,0.484269054869,0.247945756093
73,0.0894107937177,0.0355919311393,0.130060189609,0.0561402271113,0.0650567258546,0.0154253603327,0.353990533529,0.0625370444506,0.0319615150783,0.0177396750843,0.111068471441,0.0310175326528,1,0.4,45,16,10,3,20,0.000278632405102,6.0184599502e-05,0.000278632405102,0.0107739363796,0.0109724870158,0.00108117294286,0.000278632405102,6.0184599502e-05,0.000278632405102,0.246877473078,0.48218256069,0.246877471073
74,0.071802724319,0.1006635022,0.0875304165918,0.0373364957932,0.0982183842584,0.03259981463,0.308725200619,0.0896325775656,0.0538070790411,0.0560661855962,0.0337622817789,0.0298553376062,1,0.4,45,16,10,3,20,0.000255019723715,5.50842603225e-05,0.000255019723715,0.0187254132685,0.0122874408789,0.011110584622,0.000255019723715,5.50842603225e-05,0.000255019723715,0.24202278441,0.472700746961,0.242022782444
75,0.142333491519,0.111343786017,0.0641959533915,0.0354680326358,0.00202066341093,0.00968527038957,0.284513480523,0.0543750282313,0.0782850074606,0.0475083108212,0.163088269581,0.00718270601979,1,0.4,45,16,10,3,20,0.000316561597113,6.83773049763e-05,0.000316561597113,0.0540730006309,0.00365166914701,0.00257312353722,0.000316561597113,6.83773049763e-05,0.000316561597113,0.237356322246,0.463586563122,0.237356320318
76,0.0971362727675,0.00487581664591,0.0601773055887,0.15502825702,0.000748774091628,0.193105856739,0.017255393777,0.121403806321,0.168112544832,0.0960059946326,0.076148508508,0.0100014690764,1,0.4,45,16,10,3,20,0.000236330367426,5.1047359364e-05,0.000236330367426,0.0349209690553,0.0125928350466,0.00182543765574,0.000236330367426,5.1047359364e-05,0.000236330367426,0.240218396285,0.469176551434,0.240218394334
77,0.0709142482336,0.0678722519276,0.0490594460496,0.207630693824,0.00926758297865,0.140041386705,0.121015860149,0.0452920111919,0.0860120120041,0.0849350968143,0.0163958627855,0.101563547336,1,0.4,45,16,10,3,20,0.000416429393486,8.9948748993e-05,0.000416429393486,0.026224475181,0.00700400192792,0.00251780660692,0.000416429393486,8.9948748993e-05,0.000416429393486,0.243455015222,0.475498072745,0.243455013245
78,0.0291252148642,0.0977620486935,0.0661645976306,0.0247931783249,0.0663665115407,0.0470891427163,0.0410451027735,0.0556991757543,0.0529569849441,0.0774694851529,0.278109201549,0.163419356056,1,0.4,45,16,10,3,20,3.82668290437e-05,8.26563507345e-06,3.82668290437e-05,0.00563164365523,0.00110021188065,0.000482235051519,3.82668290437e-05,8.26563507345e-06,3.82668290437e-05,0.251096617701,0.490423077464,0.251096615662
79,0.00897482816991,0.0695570933385,0.0415658627882,0.0212920572756,0.0550392340653,0.0614557960481,0.249247911507,0.128278924728,0.0177982240353,0.070344581827,0.0667857814838,0.209659704733,1,0.4,45,16,10,3,20,0.000120148592848,2.59520960552e-05,0.000120148592848,0.0128659863135,0.00154192832776,0.00141961031744,0.000120148592848,2.59520960552e-05,0.000120148592848,0.248825924413,0.485988129672,0.248825922392
80,0.000634672834457,0.0771601545669,0.0687105276091,0.16586815573,0.0584654655311,0.0475720721615,0.189354021758,0.129535260184,0.0442601197241,0.0674581230165,0.129946110507,0.0210353163777,1,0.4,45,16,10,3,20,0.000162109910665,3.50157407036e-05,0.000162109910665,0.00121669719648,0.00114548213712,0.00213076676466,0.000162109910665,3.50157407036e-05,0.000162109910665,0.251646125233,0.491496334355,0.25164612319
81,0.177054546229,0.060834581708,0.0143318725771,0.0416303228219,0.0125020829509,0.0770355763522,0.0972129046606,0.157346480697,0.0174784889612,0.0814939484997,0.0824276060338,0.180651588509,1,0.4,45,16,10,3,20,0.000156117080441,3.37212893752e-05,0.000156117080441,0.00374541260016,0.00160790127527,0.00106190551558,0.000156117080441,3.37212893752e-05,0.000156117080441,0.25116657726,0.490559717228,0.251166575221
82,0.0870138738935,0.0770306993771,0.111583887838,0.0131904775953,0.332111204106,0.065368025324,0.00514561592385,0.0280640931292,0.162688397324,0.01249263921,0.0794877997369,0.0258232865426,1,0.4,45,16,10,3,20,0.000640474010569,0.000138342386283,0.000640474010569,0.0749616932857,0.0204989964726,0.0011384697672,0.000640474010569,0.000138342386283,0.000640474010569,0.227810217264,0.444941826981,0.227810215414
83,0.0367363292491,0.234638769288,0.171867772606,0.00115297360962,0.017397314535,0.0101005469626,0.0088918055667,0.104599048456,0.201179723328,0.139444793027,0.0051033345959,0.068887588777,1,0.4,45,16,10,3,20,0.000342218377866,7.3919169619e-05,0.000342218377866,0.0281070217227,0.00576963975938,0.00383201750743,0.000342218377866,7.3919169619e-05,0.000342218377866,0.243041799839,0.474691011456,0.243041797865
84,0.046434390716,0.0678397982438,0.172132984739,0.046223920378,0.0623191915503,0.0445294369984,0.132141858608,0.0150629560534,0.120136915677,0.190490833165,0.0129334969413,0.0897542169299,1,0.4,45,16,10,3,20,0.000114564770539,2.47459904363e-05,0.000114564770539,0.00294718164837,0.002146705943,0.000904430837051,0.000114564770539,2.47459904363e-05,0.000114564770539,0.251318624262,0.490856684025,0.251318622221
85,0.0239690343311,0.0420794354705,0.0765416379506,0.128693847459,0.00987073206665,0.276096476865,0.0723059649288,0.105214838379,0.00171297790365,0.193102942652,0.0533075597873,0.0171045522058,1,0.4,45,16,10,3,20,0.000263710126417,5.69613873061e-05,0.000263710126417,0.00384206408026,0.00290362403252,0.000734681966183,0.000263710126417,5.69613873061e-05,0.000263710126417,0.250776505336,0.489797858006,0.250776503299
86,0.0597565606952,0.0808153463805,0.0313207420718,0.0640499605191,0.172583651722,0.115983988751,0.0524244539417,0.231934958046,0.0334003353399,0.136821922236,0.0180318163397,0.00287626395765,1,0.4,45,16,10,3,20,0.000598597700244,0.000129297103253,0.000598597700244,0.0182383914473,0.00213069482979,0.00544047091759,0.000598597700244,0.000129297103253,0.000598597700244,0.245764417693,0.480008624408,0.245764415697
87,0.0147590835065,0.0753967478437,0.0192161871684,0.136090772588,0.0531233228793,0.06427398209,0.269996865062,0.0189889050617,0.0219111901908,0.139631833895,0.185938174218,0.000672935495784,1,0.4,45,16,10,3,20,1.70571843872e-07,3.68435182764e-08,1.70571843872e-07,6.38318815758e-07,8.97530839243e-07,1.52201635641e-07,1.70571843872e-07,3.68435182764e-08,1.70571843872e-07,0.252963810161,0.494069937707,0.252963808106
88,0.203615781791,0.050641908426,0.0423004686333,0.0270975635407,0.0516441460302,0.0168650116323,0.00525149160583,0.0186271158403,0.180646143444,0.066977915561,0.254507123621,0.0818253298742,1,0.4,45,16,10,3,20,4.33647585878e-07,9.36678785496e-08,4.33647585878e-07,1.96602275343e-06,3.01076318901e-06,1.99473177378e-06,4.33647585878e-07,9.36678785496e-08,4.33647585878e-07,0.252962178687,0.494066751236,0.252962176633
89,0.00490868189762,0.0403595279298,0.00949521688364,0.216926481295,0.111502534976,0.0782656687896,0.077740521573,0.089992349849,0.048964815386,0.0112124224987,0.176673423109,0.133958355812,1,0.4,45,16,10,3,20,0.000121926176423,2.63360541074e-05,0.000121926176423,0.0138015880521,0.00119725372823,0.00458629930572,0.000121926176423,2.63360541074e-05,0.000121926176423,0.24787338828,0.484127707553,0.247873386267
90,0.0111443921568,0.138756661685,0.136112181781,0.09079389329,0.221873542607,0.0176638144351,0.0197677631956,0.0561193241938,0.0290854678554,0.0888315303153,0.0897504230753,0.10010100541,1,0.4,45,16,10,3,20,0.000216728646667,4.68133876802e-05,0.000216728646667,0.0196732228447,0.00116661440818,0.00461994639298,0.000216728646667,4.68133876802e-05,0.000216728646667,0.246281025998,0.481017624996,0.246281023998
91,0.0633275755853,0.0470905146596,0.120838990206,0.123383094596,0.0294800313389,0.0630471102779,0.0472128885112,0.207364863909,0.0526913747519,0.109410686747,0.0666562730921,0.0694965963259,1,0.4,45,16,10,3,20,0.000261475755014,5.64787630831e-05,0.000261475755014,0.0300637924483,0.0064006412186,0.000627406886602,0.000261475755014,5.64787630831e-05,0.000261475755014,0.243288361672,0.475172577532,0.243288359696
92,0.0992582662926,0.0330056518274,0.0622416140159,0.129644795747,0.104325602528,0.129885201267,0.00885638828512,0.0414369317959,0.00789496307392,0.105796967994,0.126694604401,0.150959012772,1,0.4,45,16,10,3,20,0.000114351457697,2.46999148626e-05,0.000114351457697,0.00998095053662,0.00073066861017,0.00315905027772,0.000114351457697,2.46999148626e-05,0.000114351457697,0.249327438645,0.486967649649,0.24932743662
93,0.0437840051487,0.0258822249933,0.00598027792598,0.0438677009471,0.240104167717,0.156862361926,0.0344316909318,0.0181539205435,0.144994410364,0.0728776773233,0.155871611208,0.0571899509721,1,0.4,45,16,10,3,20,0.000368028517327,7.94941597427e-05,0.000368028517327,0.0193960588586,0.00326328626357,0.000851695838444,0.000368028517327,7.94941597427e-05,0.000368028517327,0.246604360491,0.481649137672,0.246604358488
94,0.0462301836282,0.0485210212238,0.0209860214427,0.350668487377,0.0970781924768,0.0959737128626,0.0359380346093,0.171702432509,0.0503826739328,0.0156363574257,0.0336936940293,0.0331891884834,1,0.4,45,16,10,3,20,0.000318262705156,6.87447443136e-05,0.000318262705156,0.241328586754,0.00475947613828,0.00342062539224,0.000318262705156,6.87447443136e-05,0.000318262705156,0.189490789173,0.370099194598,0.189490787634
