run_ID,t1_initial,t2_initial,t3_initial,t4_initial,t5_initial,t6_initial,t7_initial,t8_initial,t9_initial,t10_initial,t11_initial,t12_initial,alpha,prior_cost_c,lambda,k,sample_amount,learning_parameter,generations,t1_final,t2_final,t3_final,t4_final,t5_final,t6_final,t7_final,t8_final,t9_final,t10_final,t11_final,t12_final
0,0.0417234415047,0.0614919534417,0.0854715306973,0.183076235634,0.0615653611808,0.0767504823426,0.0255623939747,0.152887344724,0.0644342130796,0.0261902766417,0.137830580099,0.0830161866797,1,0.4,49,17,10,3,20,0.000244810268219,5.28790179353e-05,0.000244810268219,0.0359246550823,0.00188667508699,0.00350725374494,0.000244810268219,5.28790179353e-05,0.000244810268219,0.242237829012,0.473120759236,0.242237828729
1,0.00285287193687,0.00863887067307,0.215298058967,0.156888574637,0.0338101302697,0.0895152566098,0.141738841854,0.0718378716105,0.0874098692661,0.0318005457372,0.109091604392,0.0511175040463,1,0.4,49,17,10,3,20,0.000592813287702,0.000128047670144,0.000592813287702,0.0104136350285,0.0031465279289,0.00265196913003,0.000592813287702,0.000128047670144,0.000592813287702,0.248198708687,0.484763102338,0.248198708397
2,0.0635313368791,0.0240150944158,0.0461933629314,0.00334974171754,0.0743575629168,0.0617856786887,0.0736254076277,0.0609051767968,0.263203439922,0.24136549119,0.0348257003165,0.0528420065981,1,0.4,49,17,10,3,20,8.57169715148e-05,1.85148658472e-05,8.57169715148e-05,0.0038232333803,0.00195810308791,0.00100193122354,8.57169715148e-05,1.85148658472e-05,8.57169715148e-05,0.251152401089,0.490532032805,0.251152400796
3,0.0799911685154,0.150640787371,0.0341941966059,0.0236587021184,0.0282377806601,0.0584424456594,0.261611797048,0.0554000865902,0.00324086022776,0.0915134767787,0.0502059724054,0.162862726019,1,0.4,49,17,10,3,20,9.14521792338e-05,1.97536707145e-05,9.14521792338e-05,0.0119147626401,0.00103446137828,0.00252407405486,9.14521792338e-05,1.97536707145e-05,9.14521792338e-05,0.248947702571,0.486225981017,0.248947702281
4,0.0146451599795,0.194495507156,0.217172987875,0.0191425340753,0.0421748053222,0.0104375745253,0.200362894381,0.0637658322222,0.0543911364002,0.0197718925613,0.0270597156236,0.136579959878,1,0.4,49,17,10,3,20,0.000260057038267,5.61723202657e-05,0.000260057038267,0.035627032387,0.00981717732307,0.00171324710886,0.000260057038267,5.61723202657e-05,0.000260057038267,0.240743708134,0.4702025544,0.240743707853
5,0.0131411061693,0.161540106554,0.143643985537,0.140891009274,0.000888966288176,0.122866888649,0.0213850869361,0.0454032217011,0.0144226262224,0.0844650809361,0.00260485759974,0.248747064133,1,0.4,49,17,10,3,20,6.11976396527e-05,1.3218690165e-05,6.11976396527e-05,0.000448661058191,0.00119910822605,0.000195912188639,6.11976396527e-05,1.3218690165e-05,6.11976396527e-05,0.25242943025,0.493026230382,0.252429429956
6,0.184769659637,0.213556839103,0.112572197614,0.00835949221993,0.0758545132387,0.00564897147172,0.0327311604136,0.00855792387654,0.164621723087,0.0438785018891,0.105971502595,0.0434775148547,1,0.4,49,17,10,3,20,0.000208673047383,4.50733782346e-05,0.000208673047383,0.0240327655926,0.0086824582117,0.00118859177089,0.000208673047383,4.50733782346e-05,0.000208673047383,0.244154016461,0.476863312843,0.244154016175
7,0.0114934460924,0.337018538641,0.0362251373867,0.0810259616871,0.0227615189109,0.204083327408,0.0810812828085,0.0304628795657,0.0314836977703,0.108295803786,0.0294440247103,0.0266243812336,1,0.4,49,17,10,3,20,0.000265751842693,5.74023980218e-05,0.000265751842693,0.00281669118371,0.00365331811548,0.00322783409341,0.000265751842693,5.74023980218e-05,0.000265751842693,0.25021327312,0.488697798492,0.250213272828
8,0.0426769970668,0.00297984422389,0.179594445043,0.029521010522,0.182486494664,0.0787724984479,0.226046508812,0.0309871601062,0.0457745904524,0.00325086322689,0.0945663081791,0.0833432792554,1,0.4,49,17,10,3,20,0.000518742755635,0.000112048435217,0.000518742755635,0.0342776496248,0.00520807696916,0.00173298116064,0.000518742755635,0.000112048435217,0.000518742755635,0.241955977913,0.472570268809,0.24195597763
9,0.100184615368,0.0443107109756,0.0167850645303,0.104957774985,0.00888025941406,0.243212647251,0.0199830422522,0.262106929507,0.0793230780618,0.0451837317036,0.04626664167,0.0288055042812,1,0.4,49,17,10,3,20,0.000405393831675,8.75650676418e-05,0.000405393831675,0.0185740638904,0.0118516293055,0.00907204124214,0.000405393831675,8.75650676418e-05,0.000405393831675,0.242518402766,0.47366875485,0.242518402483
10,0.121980307985,0.145309504335,0.020536635794,0.0085628841258,0.0301440939335,0.060041616856,0.260297433667,0.00220710623662,0.0247068208625,0.233981608886,0.0245867088541,0.067645278465,1,0.4,49,17,10,3,20,7.63731078901e-05,1.64965913043e-05,7.63731078901e-05,0.00587314959398,0.00402056060924,0.000487580614295,7.63731078901e-05,1.64965913043e-05,7.63731078901e-05,0.250252704994,0.488774813872,0.250252704702
11,0.0593070962272,0.0486616634461,8.79342075479e-06,0.326248198694,0.00942337841444,0.0779212021395,0.0894186689979,0.0696153390464,0.0594278888528,0.0165917876135,0.0730076764303,0.170368306717,1,0.4,49,17,10,3,20,0.000164582309713,3.55497788979e-05,0.000164582309713,0.00315581113346,0.00472298005884,0.000312191001026,0.000164582309713,3.55497788979e-05,0.000164582309713,0.250707880443,0.489663828418,0.25070788015
12,0.00775580634448,0.0474086071344,0.0518184851173,0.132110277572,0.162085703726,0.238840992492,0.112871617185,0.0584894662224,0.0523123901338,0.0188807143426,0.104924290637,0.012501649092,1,0.4,49,17,10,3,20,0.000587959458165,0.000126999242964,0.000587959458165,0.0959768137406,0.0109335124104,0.00268202350174,0.000587959458165,0.000126999242964,0.000587959458165,0.224582277262,0.438637259766,0.224582277
13,0.13253694499,0.0616921211027,0.0246078279366,0.0656614504022,0.053600923434,0.192140489461,0.13104929059,0.0117921857726,0.0746537072521,0.0898216352005,0.100577421635,0.0618660022226,1,0.4,49,17,10,3,20,0.000312032446971,6.73990085458e-05,0.000312032446971,0.0272078297574,0.00450217846513,0.00176233892848,0.000312032446971,6.73990085458e-05,0.000312032446971,0.244147282438,0.476850160454,0.244147282152
14,0.317290930191,0.00522811570087,0.00631488391757,0.0465967433414,0.29232234938,0.203942926689,8.82183911315e-06,0.0182349131008,0.00676441447108,0.000120152450961,0.0754397914332,0.0277359574847,1,0.4,49,17,10,3,20,0.00103642857017,0.000223868571156,0.00103642857017,0.0363461833646,0.0184318085996,0.0055153814185,0.00103642857017,0.000223868571156,0.00103642857017,0.236550368635,0.462012438201,0.236550368359
15,0.00718477319826,0.0299741874118,0.00234627821318,0.239994437079,0.015171875528,0.069052476391,0.043240130716,0.143523602914,0.201469330921,0.0912390911858,0.153539243024,0.00326457341837,1,0.4,49,17,10,3,20,8.7047294244e-05,1.88022155567e-05,8.7047294244e-05,0.00348370532321,0.00585925887407,0.000169782013943,8.7047294244e-05,1.88022155567e-05,8.7047294244e-05,0.250460448644,0.489180563186,0.250460448351
16,0.204010049115,0.0671200578251,0.0603295113383,0.0529464683361,0.0804472319703,0.115225332453,0.0681450902659,0.0287087791067,0.0645135497386,0.0844125146618,0.119470812307,0.0546706028821,1,0.4,49,17,10,3,20,0.000102148825377,2.20641462813e-05,0.000102148825377,0.00824084786368,0.00162149906606,0.00365705812832,0.000102148825377,2.20641462813e-05,0.000102148825377,0.249429975578,0.487167920483,0.249429975287
17,0.0968703846731,0.132138763192,0.281268225416,0.147842502928,0.000892399422168,0.096942769774,0.0815699578633,0.00960808655615,0.0991541780855,0.00860720223693,0.0381440136629,0.00696151619064,1,0.4,49,17,10,3,20,0.00130166315239,0.000281159240916,0.00130166315239,0.145385915375,0.0413941601079,0.0129407781499,0.00130166315239,0.000281159240916,0.00130166315239,0.200982811312,0.392544552886,0.200982811078
18,0.0507502187818,0.0534911643434,0.256209907917,0.0961646452786,0.0160946449996,0.00180500147863,0.0699108195943,0.0808770181429,0.0274537249656,0.0443677578375,0.197583349768,0.105291746892,1,0.4,49,17,10,3,20,8.7758303681e-05,1.89557935951e-05,8.7758303681e-05,0.00184688585029,0.00024821879863,0.00194813588777,8.7758303681e-05,1.89557935951e-05,8.7758303681e-05,0.251843241873,0.491881331209,0.251843241579
19,0.0720436526929,0.0836405258049,0.179559681149,0.0118291907978,0.0902243391555,0.108911483424,0.0670715191533,0.0390274278426,0.0385514404066,0.260713453757,0.00245118999534,0.0459760958215,1,0.4,49,17,10,3,20,3.05091640486e-07,6.58997943449e-08,3.05091640486e-07,9.36538519835e-06,2.66363056517e-05,2.91645686519e-06,3.05091640486e-07,6.58997943449e-08,3.05091640486e-07,0.252954240141,0.494051249699,0.252954239846
20,0.0598680034263,0.203075360597,0.164631890367,0.131396535531,0.0941092956012,0.0258961611795,0.0512783724846,0.0106553440934,0.115089521776,0.0184015152306,0.0729868269779,0.0526111727354,1,0.4,49,17,10,3,20,0.000588025258186,0.000127013455768,0.000588025258186,0.0108763196631,0.00752117479456,0.00279509962614,0.000588025258186,0.000127013455768,0.000588025258186,0.246944197015,0.482312884231,0.246944196726
21,0.0308596380901,0.10034067471,0.00418926739023,0.0259577749062,0.0791736177356,0.13955871167,0.0574353051507,0.268118422646,0.0689590453522,0.0052777183069,0.0576023802331,0.162527443809,1,0.4,49,17,10,3,20,0.000350057568534,7.56124348034e-05,0.000350057568534,0.017600187233,0.00324290336205,0.00338457221414,0.000350057568534,7.56124348034e-05,0.000350057568534,0.246443227294,0.481334427747,0.246443227006
22,0.0686759258037,0.0743510153673,0.0592860945743,0.00168955064812,0.145184120844,0.0960578441774,0.238736658639,0.151541877054,0.016786335625,0.0142050860516,0.0868348179733,0.0466506732427,1,0.4,49,17,10,3,20,0.000431431901667,9.318929076e-05,0.000431431901667,0.0663602415232,0.00387144186885,0.00672811929014,0.000431431901667,9.318929076e-05,0.000431431901667,0.233012639857,0.455102811688,0.233012639585
23,0.301717960721,0.0712817146218,0.0352244968381,0.100580220172,0.0988226688917,0.0904068561396,0.0454544393086,0.00540082343281,0.0090206322457,0.0161421369654,0.0381808222935,0.18776722837,1,0.4,49,17,10,3,20,0.000180646886871,3.90197275641e-05,0.000180646886871,0.0112524407409,0.00692234334454,0.000909531778149,0.000180646886871,3.90197275641e-05,0.000180646886871,0.247934243918,0.484246569587,0.247934243629
24,0.0731470345086,0.0392361663388,0.0539178091591,0.0137391591113,0.136387913135,0.000401310464375,0.0519561417615,0.0395410188445,0.171096741761,0.125691194805,0.0786105796501,0.21627493046,1,0.4,49,17,10,3,20,7.83255323081e-05,1.69183149785e-05,7.83255323081e-05,0.0080844631959,0.00278698732461,0.000203469196528,7.83255323081e-05,1.69183149785e-05,7.83255323081e-05,0.250075052619,0.488427836577,0.250075052327
25,0.0170300507606,0.0199886209353,0.209197379337,0.0466243916353,0.201862814071,0.13463223527,0.0325313630461,0.0541225473545,0.0173261618942,0.0409525138191,0.00799081847779,0.217741103399,1,0.4,49,17,10,3,20,0.000328896512799,7.10416467645e-05,0.000328896512799,0.0218760529029,0.0033546831819,0.00159274105244,0.000328896512799,7.10416467645e-05,0.000328896512799,0.245810303081,0.480098247644,0.245810302794
26,0.213002004728,0.00830091334077,0.0117688383223,0.057334149148,0.0470149995966,0.218852323749,0.0256118063993,0.132275967474,0.107462398764,0.0582492138192,0.0667581120073,0.0533692726508,1,0.4,49,17,10,3,20,0.000262498060742,5.66995811202e-05,0.000262498060742,0.0038194256773,0.0012033885613,0.0058704183281,0.000262498060742,5.66995811202e-05,0.000262498060742,0.249914530122,0.488114316075,0.249914529831
27,0.211641230948,0.110056933601,0.148349194158,0.093179760936,0.0224014623768,0.0573025340194,0.043317133931,0.0169531115536,0.163231717842,0.0858999261011,0.0428025500372,0.00486444449622,1,0.4,49,17,10,3,20,0.000381607794434,8.24272835978e-05,0.000381607794434,0.081299585273,0.00727692394281,0.00569810155591,0.000381607794434,8.24272835978e-05,0.000381607794434,0.228688469065,0.446657165621,0.228688468798
28,0.319197671468,0.00719262522087,0.00243680858869,0.0546442188176,0.189601639668,0.0301667507384,0.11330053347,0.0555161383054,0.0762299233671,0.0722258428403,0.0135020956923,0.0659857518231,1,0.4,49,17,10,3,20,0.0002149811214,4.64359222224e-05,0.0002149811214,0.0526155622595,0.00852712623055,0.00182694574872,0.0002149811214,4.64359222224e-05,0.0002149811214,0.236794326071,0.462488917567,0.236794325794
29,0.0057309259107,0.0939750568998,0.00795885370544,0.000304334501926,0.0823945544939,0.0856099431874,0.00677955040141,0.149200572856,0.0922737990157,0.142874619154,0.0666787025315,0.266219087342,1,0.4,49,17,10,3,20,4.6597583967e-05,1.00650781369e-05,4.6597583967e-05,0.012260197739,0.000974427204119,0.000718358120513,4.6597583967e-05,1.00650781369e-05,4.6597583967e-05,0.249382576393,0.487075343949,0.249382576102
30,0.159177452067,0.0638592060072,0.0979281595283,0.000628470602174,0.0320026937371,0.0262417472218,0.0599420415923,0.280650980179,0.0283122200575,0.104064450632,0.12796704431,0.0192255340658,1,0.4,49,17,10,3,20,0.000149091442622,3.22037516064e-05,0.000149091442622,0.0178548092204,0.00272625527693,0.00422921733376,0.000149091442622,3.22037516064e-05,0.000149091442622,0.246521156236,0.481486632711,0.246521155948
31,0.0733156686497,0.011207937688,0.155433116171,0.0457763669341,0.000377657636939,0.140944607345,0.0528254486511,0.213891176414,0.00428787168105,0.152184980558,0.0578844587298,0.0918707095424,1,0.4,49,17,10,3,20,9.6791613248e-05,2.09069884616e-05,9.6791613248e-05,0.0147881595689,0.00286651577296,0.000340377095177,9.6791613248e-05,2.09069884616e-05,9.6791613248e-05,0.248303802179,0.484968363065,0.248303801889
32,0.172442521295,0.066541029437,0.0126299649205,0.208022855735,0.00240793917652,0.111011806666,0.144988474263,0.060296734926,0.0588562108399,0.0366220002492,0.0929564454186,0.0332240170726,1,0.4,49,17,10,3,20,0.000324269155921,7.0042137679e-05,0.000324269155921,0.0533692654994,0.00222582833099,0.0100779399547,0.000324269155921,7.0042137679e-05,0.000324269155921,0.235987935147,0.460913935297,0.235987934872
33,0.173536430758,0.0491958451497,0.0183657782284,0.124204456264,0.123781224479,0.0551813189524,0.0138186064384,0.248056440815,0.0555238378667,0.0854881620794,0.0211839387326,0.031663960236,1,0.4,49,17,10,3,20,0.000246184991816,5.31759582322e-05,0.000246184991816,0.0992603902344,0.00703583434823,0.00483305606446,0.000246184991816,5.31759582322e-05,0.000246184991816,0.224576664852,0.438626298027,0.22457666459
34,0.12911155858,0.276093247283,0.0836335201419,0.0844095259225,0.119218046156,0.153005400534,0.00537215069078,0.0688672394039,0.0207536798037,0.000157817882273,0.0282372943236,0.0311405192778,1,0.4,49,17,10,3,20,0.00188211530015,0.000406536904832,0.00188211530015,0.0216492821452,0.0228270686733,0.0200960471685,0.00188211530015,0.000406536904832,0.00188211530015,0.23451979581,0.458046475657,0.234519795536
35,0.0128027037834,0.281605245662,0.0245534920845,0.102563303636,0.0339199926886,0.135447788611,0.0202815879958,0.141384230125,0.0531578089724,0.052317132742,0.0878886374174,0.0540780762824,1,0.4,49,17,10,3,20,0.000366019484529,7.90602086583e-05,0.000366019484529,0.050463634955,0.00572744055229,0.00383322867667,0.000366019484529,7.90602086583e-05,0.000366019484529,0.237370054901,0.463613387936,0.237370054623
36,0.0808503805329,0.0221228105933,0.165174772939,0.00243253577388,0.14331405991,0.165412882625,0.0275036318018,0.116286153062,0.18610395765,0.0554564377671,0.0138147055488,0.0215276717962,1,0.4,49,17,10,3,20,0.0017669059048,0.000381651675438,0.0017669059048,0.0960374016813,0.0230799067878,0.00264879620523,0.0017669059048,0.000381651675438,0.0017669059048,0.220180988235,0.430040992144,0.220180987977
37,0.115694802428,0.09833991337,0.0481581062908,0.122500199064,0.0564494613005,0.0106873998911,0.0871692451723,0.00617971287231,0.0566816774149,0.320198279289,0.036606575256,0.0413346276517,1,0.4,49,17,10,3,20,5.34742304136e-07,1.15504337693e-07,5.34742304136e-07,3.29607510577e-06,3.07873668574e-06,5.19263776824e-06,5.34742304136e-07,1.15504337693e-07,5.34742304136e-07,0.252960901425,0.494064260018,0.252960901129
38,0.0313108727449,0.260802765639,0.23716972153,0.121831261656,0.0785303520157,0.0615073446506,0.0350691398213,0.054211610376,0.0562978247125,0.00522362312797,0.0215914212863,0.0364540624393,1,0.4,49,17,10,3,20,0.00144477148382,0.000312070640505,0.00144477148382,0.154002708676,0.026409850449,0.0081064676356,0.00144477148382,0.000312070640505,0.00144477148382,0.203656030792,0.397765684676,0.203656030554
39,0.00125097615845,0.0101727137043,0.0120700284796,0.308480405259,0.010700959742,0.133616367522,0.0538580410008,0.14160437325,0.0589522036681,0.029445008516,0.0819088523246,0.157940070375,1,0.4,49,17,10,3,20,0.000233407484086,5.04160165625e-05,0.000233407484086,0.00558492017915,0.00359256373175,0.0016830255879,0.000233407484086,5.04160165625e-05,0.000233407484086,0.249955422455,0.488194183913,0.249955422163
40,0.0107039988797,0.0520185316316,0.242467844362,0.0404153732397,0.0460412668934,0.0702598853547,0.274047429181,0.031131855873,0.0605216524147,0.0419911692122,0.100326045201,0.0300749477572,1,0.4,49,17,10,3,20,0.000316746475677,6.84172387463e-05,0.000316746475677,0.0582045860891,0.00775754516488,0.000933667438817,0.000316746475677,6.84172387463e-05,0.000316746475677,0.235687053088,0.460326275026,0.235687052813
41,0.096034087438,0.104323276421,0.103278000307,0.0773460642316,0.0536045266111,0.0155809068588,0.0373969290264,0.0524296952645,0.23603590406,0.179359870105,0.013569124812,0.0310416148646,1,0.4,49,17,10,3,20,0.000264018724277,5.70280444438e-05,0.000264018724277,0.0275337617558,0.00388761245928,0.00322496915638,0.000264018724277,5.70280444438e-05,0.000264018724277,0.243904133182,0.476375259564,0.243904132897
42,0.378383450154,0.00289949379472,0.0115655674779,0.086559181406,0.0281048759029,0.0199420732452,0.0477882986081,0.0884972999403,0.00454152903576,0.00960088762833,0.143308990415,0.178808352392,1,0.4,49,17,10,3,20,7.462360261e-05,1.61186981638e-05,7.462360261e-05,0.000579275136085,0.00096967711459,0.000333285180928,7.462360261e-05,1.61186981638e-05,7.462360261e-05,0.252404624603,0.492977781851,0.252404624308
43,0.0142191297655,0.0476964337116,0.103829042475,0.0352076819097,0.168268432977,0.0583352047297,0.0381380961361,0.205167948591,0.0362186166652,0.0327423796667,0.00655246195398,0.253624571419,1,0.4,49,17,10,3,20,0.000125811923852,2.71753755521e-05,0.000125811923852,0.0052618612359,0.00359256897994,0.000319919457712,0.000125811923852,2.71753755521e-05,0.000125811923852,0.250502590417,0.489262871338,0.250502590125
44,0.0501265116498,0.10374587015,0.021587610548,0.182424168518,0.0263200020984,0.0572132524063,0.0736718854902,0.0449172975026,0.0389723162492,0.0885743459555,0.180044785584,0.132401953848,1,0.4,49,17,10,3,20,8.31449318199e-05,1.79593052731e-05,8.31449318199e-05,0.0231696008821,0.00162291497276,0.00106058126065,8.31449318199e-05,1.79593052731e-05,8.31449318199e-05,0.246331296227,0.481115812381,0.246331295939
45,0.033411199348,0.0612855552327,0.0286087829785,0.0148537516156,0.014402973172,0.0403990528113,0.417136630146,0.196393623955,0.0142584908151,0.0235670389795,0.129419546854,0.0262633540922,1,0.4,49,17,10,3,20,0.000452150072241,9.7664415604e-05,0.000452150072241,0.0124048387938,0.00497996920731,0.0044179170221,0.000452150072241,9.7664415604e-05,0.000452150072241,0.246942190472,0.482308965202,0.246942190183
46,0.0366655116095,0.144416524914,0.0330492624128,0.00861124051619,0.144642115615,0.0303207580519,0.134718217594,0.0554652862878,0.0312960256771,0.0212993218163,0.143381839674,0.216133895831,1,0.4,49,17,10,3,20,2.36767506428e-06,5.11417813884e-07,2.36767506428e-06,8.09809619259e-06,5.94288490897e-05,3.82479588332e-06,2.36767506428e-06,5.11417813884e-07,2.36767506428e-06,0.252943723155,0.494030708709,0.252943722859
47,0.306960585007,0.0703535394612,0.0502190467404,0.0951793098731,0.0114218999245,0.0148343732154,0.0398234456112,0.00549373798607,0.0171270503002,0.162052048771,0.140363086976,0.0861718761347,1,0.4,49,17,10,3,20,2.87766550186e-05,6.21575748402e-06,2.87766550186e-05,9.92123636e-05,0.000545663405768,0.000104218042149,2.87766550186e-05,6.21575748402e-06,2.87766550186e-05,0.2527426704,0.493638027549,0.252742670105
48,0.0537876538906,0.0491807291561,0.0610268919886,0.00398954826412,0.233497326717,0.122309914163,0.138211743294,0.104103983366,0.052872055836,0.108748664694,0.0343277576276,0.0379437310022,1,0.4,49,17,10,3,20,0.000413099268497,8.92294419953e-05,0.000413099268497,0.00356084389629,0.00251096228504,0.00104959340289,0.000413099268497,8.92294419953e-05,0.000413099268497,0.250699824904,0.489648094943,0.250699824611
49,0.0260627449418,0.165268817922,0.0188954082578,0.00632509260991,0.143704989055,0.269573907064,0.0394257198143,0.0549731779578,0.121849274501,0.0569593426115,0.0469635546882,0.0499979705764,1,0.4,49,17,10,3,20,0.000278154069806,6.00812790782e-05,0.000278154069806,0.0279423131806,0.0133395750353,0.00460734324915,0.000278154069806,6.00812790782e-05,0.000278154069806,0.241044234758,0.470789520462,0.241044234477
50,0.0260777823412,0.166843507209,0.112284752693,0.102775640214,0.0193097145742,0.0640579950335,0.164777681654,0.0292861936585,0.116613482072,0.0721211204001,0.0812453104606,0.0446068196905,1,0.4,49,17,10,3,20,0.000283932206459,6.13293565952e-05,0.000283932206459,0.0533661924646,0.000339230458834,0.00769412309701,0.000283932206459,6.13293565952e-05,0.000283932206459,0.237114198832,0.463113669053,0.237114198555
51,0.0484035611246,0.0451588520222,0.224843532088,0.0727196975049,0.0118473347092,0.0989778762829,0.00155805290128,0.00907535921576,0.0225188020251,0.01502720026,0.383173483025,0.0666962488407,1,0.4,49,17,10,3,20,4.52407024583e-05,9.771991731e-06,4.52407024583e-05,0.00297117704643,0.00116048773717,0.000985493258216,4.52407024583e-05,9.771991731e-06,4.52407024583e-05,0.25161924706,0.491443841339,0.251619246766
52,0.178882826985,0.0251586345472,0.122880628678,0.0129263931597,0.124643541391,0.110265740568,0.0184050982107,0.173670644492,0.0678464512779,0.0108210654969,0.0943740452168,0.0601249299772,1,0.4,49,17,10,3,20,0.000593750808596,0.000128250174657,0.000593750808596,0.0353791214226,0.00783278811384,0.00468940816564,0.000593750808596,0.000128250174657,0.000593750808596,0.240181420912,0.469104337171,0.240181420631
53,0.0448543118042,0.00689814083394,0.0729374800529,0.0211146793785,0.112356748536,0.101589050999,0.193611928661,0.053091670872,0.213398663272,0.0589937168724,0.109560029525,0.0115935791938,1,0.4,49,17,10,3,20,0.000246672808855,5.32813267127e-05,0.000246672808855,0.00485921592234,0.00534747158636,0.00139252680543,0.000246672808855,5.32813267127e-05,0.000246672808855,0.249753684151,0.487800163787,0.249753683859
54,0.0196918540606,0.00487766093609,0.116489663529,0.280548471645,0.0523619650843,0.0473195358874,0.0225355081959,0.0408945813855,0.0580010112861,0.0603900131589,0.103248045286,0.193641689545,1,0.4,49,17,10,3,20,0.000115768650958,2.5006028607e-05,0.000115768650958,0.0248927210403,0.00344407210904,0.00144762623447,0.000115768650958,2.5006028607e-05,0.000115768650958,0.245300235839,0.479102022564,0.245300235553
55,0.0633167103799,0.144389016575,0.0121723343317,0.390092734655,0.008000103317,0.00828764855274,0.131664307133,0.160390541181,0.0145440444798,0.0302821856048,0.00201844033568,0.0348419334535,1,0.4,49,17,10,3,20,0.0017510851947,0.000378234402056,0.0017510851947,0.0953250232364,0.0161513160503,0.0194115616424,0.0017510851947,0.000378234402056,0.0017510851947,0.217891235476,0.425568818791,0.217891235221
56,0.0344523589135,0.118316269461,0.0323542855537,0.239021005141,0.00458889955144,0.115947308017,0.094589197244,0.00989424796582,0.0930570747052,0.131250085617,0.0539576371383,0.0725716306927,1,0.4,49,17,10,3,20,0.000187897076786,4.05857685859e-05,0.000187897076786,0.0497521896334,0.00197335757235,0.000955442789983,0.000187897076786,4.05857685859e-05,0.000187897076786,0.239427352028,0.467631546384,0.239427351748
57,0.0777206629008,0.117044145939,0.0488322034904,0.0144079242437,0.0176033327845,0.0403496772389,0.0729583261556,0.00146474712039,0.0713496010854,0.368002774531,0.0152171741566,0.155049430353,1,0.4,49,17,10,3,20,4.70896639938e-05,1.01713674227e-05,4.70896639938e-05,0.00468050050774,0.000879116500755,0.000191207269213,4.70896639938e-05,1.01713674227e-05,4.70896639938e-05,0.251456879102,0.491126716422,0.251456878808
58,0.0435326092795,0.126888229517,0.0194965914905,0.096920474455,0.022162722216,0.0549044348622,0.0366194048799,0.18231917384,0.150408734345,0.0414678182988,0.0150798898152,0.210199917001,1,0.4,49,17,10,3,20,0.000140117473146,3.02653741996e-05,0.000140117473146,0.0421183564344,0.00244695237361,0.00157907223902,0.000140117473146,3.02653741996e-05,0.000140117473146,0.241134449111,0.470965720371,0.24113444883
59,0.0368700440978,0.212476490129,0.0171167575857,0.151715836642,0.2043901985,0.0439923816977,0.0425659267584,0.066930164511,0.0520795154022,0.107869885613,0.0198106401822,0.0441821588816,1,0.4,49,17,10,3,20,0.000364051414358,7.86351055014e-05,0.000364051414358,0.0182283123716,0.00718634682935,0.00272712614655,0.000364051414358,7.86351055014e-05,0.000364051414358,0.245437404491,0.479369930088,0.245437404205
60,0.0773411959128,0.179460557958,0.0894465199031,0.218740878512,0.0444346904166,0.0965750900475,0.0298627915024,0.0693881643991,0.0392012536394,0.00570489401277,0.122518358208,0.0273256054875,1,0.4,49,17,10,3,20,0.000381013297696,8.22988723022e-05,0.000381013297696,0.0487144665521,0.00857573621624,0.0054509317021,0.000381013297696,8.22988723022e-05,0.000381013297696,0.236665983345,0.462238248181,0.236665983069
61,0.262439828736,0.0110595532738,0.000694473803332,0.0790862714219,0.0695160726435,0.0691264536207,0.109661083568,0.0450755298076,0.0994185673369,0.0436893643668,0.125366750673,0.0848660507485,1,0.4,49,17,10,3,20,0.00013831603796,2.98762641994e-05,0.00013831603796,0.045226067557,0.0021133094545,0.00431050912529,0.00013831603796,2.98762641994e-05,0.00013831603796,0.239743771829,0.468249553806,0.239743771549
62,0.00425336683336,0.0783471584709,0.0170462678365,0.0413526548181,0.11038001751,0.00983971111542,0.405639525091,0.203126996986,0.0138588555034,0.00706385321969,0.0751225293168,0.0339690632995,1,0.4,49,17,10,3,20,0.000632041561312,0.000136520977243,0.000632041561312,0.029365563045,0.0182797050501,0.00554015208978,0.000632041561312,0.000136520977243,0.000632041561312,0.238801801724,0.466409768447,0.238801801445
63,0.147513721598,0.10292503141,0.0141083175148,0.00192154850579,0.0395447603998,0.0571911526643,0.135352910054,0.0624162547179,0.0557879465977,0.0294139822583,0.0294592141854,0.324365160094,1,0.4,49,17,10,3,20,0.000122848021334,2.65351726081e-05,0.000122848021334,0.00405944542658,0.000596754396381,0.00148584188813,0.000122848021334,2.65351726081e-05,0.000122848021334,0.251272979409,0.490767537334,0.251272979115
64,0.00864549888085,0.0517604910995,0.16868329242,0.0691268777189,0.0976154702154,0.0191890749832,0.0663617683917,0.0259389460655,0.087508965885,0.101882844681,0.276026269374,0.0272605002854,1,0.4,49,17,10,3,20,0.000148617112718,3.2101296347e-05,0.000148617112718,0.00711670837348,0.00147485422092,0.00101798587748,0.000148617112718,3.2101296347e-05,0.000148617112718,0.250366932831,0.488997915115,0.250366932539
65,0.145175343779,0.105531030803,0.0299598319803,0.126263382512,0.0894524326822,0.0107944275401,0.166822683958,0.0533423293857,0.117538969808,0.0292397229941,0.000672690581401,0.125207153977,1,0.4,49,17,10,3,20,0.000315928853673,6.82406323934e-05,0.000315928853673,0.00715060718258,0.00762154552726,0.0033318860456,0.000315928853673,6.82406323934e-05,0.000315928853673,0.248030549355,0.484434666144,0.248030549066
66,0.177795268719,0.0549259698662,0.104316423075,0.15579261138,0.101642928921,0.0625803214784,0.016839755784,0.102290871311,0.0198135594679,0.0123306583214,0.0713637343732,0.120307897303,1,0.4,49,17,10,3,20,0.000398712737101,8.61219512138e-05,0.000398712737101,0.0228169043227,0.00575490454005,0.00373208099067,0.000398712737101,8.61219512138e-05,0.000398712737101,0.244345679972,0.477237655638,0.244345679686
67,0.0364774914392,0.0750405789791,0.231569304759,0.0231593795918,0.0256801711169,0.0483901495741,0.323397220163,0.00737770561451,0.103658450661,0.0887616415212,0.0309843220399,0.00550358454022,1,0.4,49,17,10,3,20,0.000533608074991,0.000115259344198,0.000533608074991,0.0616024304453,0.00821686508924,0.0144059023795,0.000533608074991,0.000115259344198,0.000533608074991,0.231060199689,0.45128945199,0.231060199419
68,0.227786096968,0.171303588567,0.0977714235338,0.0238598202898,0.0590321418787,0.0694122311617,0.166504757886,0.0379727136429,0.00570211400256,0.0674338563336,0.0385773456842,0.0346439100518,1,0.4,49,17,10,3,20,0.000453902457992,9.80429309263e-05,0.000453902457992,0.0497180502754,0.0101993265217,0.00293668328262,0.000453902457992,9.80429309263e-05,0.000453902457992,0.236555698351,0.462022847801,0.236555698074
69,0.0114921390504,0.130736447084,0.0367934626078,0.0975692012741,0.0741149386731,0.247222523413,0.0183170439657,0.0881753449919,0.0322610111726,0.0267311544018,0.161207039608,0.0753796937573,1,0.4,49,17,10,3,20,0.000156050151539,3.37068327323e-05,0.000156050151539,0.0263362861102,0.00569336714803,0.00134918421114,0.000156050151539,3.37068327323e-05,0.000156050151539,0.244345814793,0.477237918959,0.244345814507
70,0.220653835677,0.00451436501056,0.135255160373,0.133799789277,0.0039054031883,0.080721157437,0.0559676304417,0.15466570422,0.0280059378082,0.0680638806843,0.10796457687,0.0064825590122,1,0.4,49,17,10,3,20,0.000171462615517,3.70359249517e-05,0.000171462615517,0.0206119704263,0.00246779644329,0.010539648985,0.000171462615517,3.70359249517e-05,0.000171462615517,0.244267677515,0.477085307089,0.24426767723
71,0.0393651941129,0.0308956037914,0.17455641632,0.0366608424127,0.15856765197,0.0383089887152,0.00632581564413,0.147892682769,0.10951884499,0.153050910465,0.06230030151,0.0425567472998,1,0.4,49,17,10,3,20,6.40716675566e-05,1.38394801922e-05,6.40716675566e-05,0.00518400290792,0.00467416793357,0.00119764597159,6.40716675566e-05,1.38394801922e-05,6.40716675566e-05,0.250095865529,0.488468486791,0.250095865237
72,0.164964311501,0.120299236452,0.0494204462886,0.155146454884,0.200254143942,0.0137260697924,0.0377094838391,0.0316318944953,0.0703500577261,0.0988541542702,0.0218288119502,0.0358149348601,1,0.4,49,17,10,3,20,0.000449174996618,9.70217992695e-05,0.000449174996618,0.0093234498784,0.00684155629127,0.00343552994342,0.000449174996618,9.70217992695e-05,0.000449174996618,0.247502601399,0.483403517793,0.24750260111
73,0.0261616624377,0.0343223702055,0.0468854551879,0.0995596797583,0.00725812556462,0.528387785682,0.10486177509,0.0418253449398,0.026230740093,0.0151889205622,0.0561881384455,0.0131300020334,1,0.4,49,17,10,3,20,0.000540063522239,0.000116653720804,0.000540063522239,0.0354043749593,0.0359580260153,0.00227650090969,0.000540063522239,0.000116653720804,0.000540063522239,0.23373091855,0.456505699759,0.233730918277
74,0.140650837217,0.0536798575933,0.015294733071,0.0353430428247,0.219925717606,0.110307166943,0.00952466404428,0.032624389241,0.103517444791,0.12080645042,0.0428910341743,0.115434662074,1,0.4,49,17,10,3,20,0.000137254766674,2.96470296015e-05,0.000137254766674,0.00217944387783,0.000758761473321,0.00260075881228,0.000137254766674,2.96470296015e-05,0.000137254766674,0.25140938462,0.491033953763,0.251409384327
75,0.155616504083,0.171648206023,0.0535054847675,0.0736537610744,0.0199754932552,0.0848780034893,0.0174608494063,0.058923922635,0.0491757936024,0.079659636748,0.131782722728,0.103719622188,1,0.4,49,17,10,3,20,0.000166460602371,3.5955490112e-05,0.000166460602371,0.0206617216505,0.00148621931477,0.0011009252763,0.000166460602371,3.5955490112e-05,0.000166460602371,0.246896665605,0.482220049447,0.246896665317
76,0.051067561685,0.00319777211928,0.00485541560946,0.0240026383349,0.460976924407,0.0721275881652,0.119001324762,0.0558716876845,0.0424660447124,0.0908014727767,0.0424048174978,0.0332267522453,1,0.4,49,17,10,3,20,5.72798688557e-07,1.23724516728e-07,5.72798688557e-07,2.47450855216e-06,1.55629038422e-06,3.66391789014e-06,5.72798688557e-07,1.23724516728e-07,5.72798688557e-07,0.252961838422,0.494066090091,0.252961838127
77,0.0700892698564,0.0320898682932,0.0812004966414,0.0152735437142,0.0723815304085,0.0139717064698,0.370976861796,0.0135383441964,0.233899198099,0.00300880053702,0.0397200402904,0.0538503396984,1,0.4,49,17,10,3,20,0.000378765299081,8.18133046016e-05,0.000378765299081,0.0578507294885,0.0281814772917,0.00186706782774,0.000378765299081,8.18133046016e-05,0.000378765299081,0.230304389156,0.449813259544,0.230304388887
78,0.108762004039,0.0667707408168,0.0294695020863,0.0310650404158,0.0848811773354,0.074437522985,0.0793557647068,0.0212029153162,0.1650254982,0.019883309038,0.0245699504431,0.294576574617,1,0.4,49,17,10,3,20,0.000152244008829,3.2884705907e-05,0.000152244008829,0.0204794375136,0.00242542228845,0.00143503047401,0.000152244008829,3.2884705907e-05,0.000152244008829,0.246636614103,0.481712136358,0.246636613815
79,0.158306429234,0.0438231479838,0.00180723142849,0.00726470687149,0.0942183198081,0.0517990075709,0.101689193714,0.375811496707,0.00180918492528,0.0518409239253,0.0754656306421,0.0361647271897,1,0.4,49,17,10,3,20,0.000179648502674,3.88040765776e-05,0.000179648502674,0.0645139439487,0.0111799156747,0.000808994607322,0.000179648502674,3.88040765776e-05,0.000179648502674,0.233410515582,0.455879912714,0.23341051531
80,0.123846530436,0.0236934777819,0.121632605242,0.0445622121556,0.0698522887961,0.0498053737801,0.0766297488131,0.17128260839,0.137910925407,0.0998384656561,0.0686069506139,0.0123388129279,1,0.4,49,17,10,3,20,0.000393495630493,8.49950561865e-05,0.000393495630493,0.0235927981965,0.00437154166779,0.00223061217402,0.000393495630493,8.49950561865e-05,0.000393495630493,0.244885015316,0.478291044981,0.24488501503
81,0.0248387798049,0.00598976298315,0.0386606674146,0.0210419896356,0.163575850139,0.00128455878233,0.159271376194,0.358169965095,0.0020631062274,0.16837004982,0.0224992044246,0.0342346894801,1,0.4,49,17,10,3,20,0.00010563466793,2.28170882728e-05,0.00010563466793,0.0279442774059,0.00406190529259,0.0016942014026,0.00010563466793,2.28170882728e-05,0.00010563466793,0.244320997665,0.477189448007,0.244320997379
82,0.30759613858,0.0033027268814,0.0991646853927,0.028458566277,0.108144285003,0.0290969407894,0.0496994459531,0.0268843439658,0.0808200950433,0.0734001218365,0.081516941165,0.111915709113,1,0.4,49,17,10,3,20,0.000216531380314,4.67707781478e-05,0.000216531380314,0.00776214385388,0.00168704660445,0.000613634417627,0.000216531380314,4.67707781478e-05,0.000216531380314,0.250176128736,0.488625250867,0.250176128444
83,0.131658116938,0.138003079351,0.029179187477,0.0396958908269,0.050155302492,0.0317014038339,0.0535333792298,0.0734452557375,0.121620406597,0.0394352060602,0.00333629882721,0.28823647263,1,0.4,49,17,10,3,20,0.000131508999719,2.84059439394e-05,0.000131508999719,0.0165674675932,0.00232883548933,0.000871156288176,0.000131508999719,2.84059439394e-05,0.000131508999719,0.247816523281,0.484016646469,0.247816522992
84,0.0662710021824,0.00505978649184,0.0388331679936,0.151095682024,0.00782750645321,0.144415615963,0.0629217773066,0.0256092225826,0.23422760952,0.0852481902205,0.173631185139,0.00485925412352,1,0.4,49,17,10,3,20,0.000201293167895,4.34793242653e-05,0.000201293167895,0.0172724478014,0.0027027925548,0.00363170939181,0.000201293167895,4.34793242653e-05,0.000201293167895,0.246767031091,0.481966857037,0.246767030803
85,0.0135583394969,0.119119417093,0.0280040675876,0.0341594840292,0.0915469654902,0.441527135408,0.147635051405,0.0516117111933,0.00265294981208,0.041355388145,0.0118732011089,0.0169562892309,1,0.4,49,17,10,3,20,0.000579029633231,0.000125070400778,0.000579029633231,0.189792171444,0.00371633312973,0.0147196814663,0.000579029633231,0.000125070400778,0.000579029633231,0.199640930988,0.389923692881,0.199640930755
86,0.0967637950903,0.144174229437,0.0683023859352,0.0186238567352,0.00387037131489,0.098937101148,0.0400256179295,0.0561511848765,0.0886408404219,0.137474917208,0.185008819833,0.0620268800713,1,0.4,49,17,10,3,20,0.000127200237011,2.74752511944e-05,0.000127200237011,0.00590981605315,0.00219488683909,0.000293859740297,0.000127200237011,2.74752511944e-05,0.000127200237011,0.250697280451,0.489643125308,0.250697280158
87,0.050014229781,0.0321109778664,0.14753868284,0.0698009880189,0.058600409466,0.116078689621,0.100415387965,0.0345965826955,0.023076688124,0.201987004819,0.137437989106,0.0283423696974,1,0.4,49,17,10,3,20,0.00014872873908,3.21254076412e-05,0.00014872873908,0.0131137690081,0.00203352465399,0.000958143565863,0.00014872873908,3.21254076412e-05,0.00014872873908,0.248723578905,0.485788239481,0.248723578614
88,0.00788745161793,0.231293880326,0.284793517431,0.0315737219151,0.124785637607,0.0398169979037,0.00884346168734,0.0747038443321,0.0300841793479,0.0630207525963,0.0802259249684,0.0229706302679,1,0.4,49,17,10,3,20,0.000611062095223,0.000131989412568,0.000611062095223,0.0201361593507,0.00708765428578,0.00436095613702,0.000611062095223,0.000131989412568,0.000611062095223,0.244289518764,0.477127965778,0.244289518478
89,0.0138852034615,0.0784707257436,0.0330865666319,0.1017944599,0.133818139761,0.0113729216269,0.0574345304746,0.0235205680298,0.104676894219,0.0263703648762,0.404185984416,0.0113836408603,1,0.4,49,17,10,3,20,0.000115874939852,2.5028987008e-05,0.000115874939852,0.0114575406013,0.00147960702594,0.000145104721874,0.000115874939852,2.5028987008e-05,0.000115874939852,0.24952517079,0.487353848629,0.249525170498
90,0.0423346069815,0.0181368801684,0.09016442495,0.352484310659,0.045442042937,0.0335013905397,0.131595277814,0.0305804107825,0.0333817383351,0.0405731527601,0.00495452354154,0.176851240532,1,0.4,49,17,10,3,20,0.000460031983125,9.93669083549e-05,0.000460031983125,0.0336632769725,0.00518855426997,0.00284690844059,0.000460031983125,9.93669083549e-05,0.000460031983125,0.241900369809,0.472461659232,0.241900369527
91,0.00595660677073,0.0277007208908,0.118929608909,0.0263892495958,0.0132601156146,0.0704407914533,0.0665824605383,0.0315165258693,0.478395300231,0.137633136747,0.000912598969061,0.0222828844103,1,0.4,49,17,10,3,20,0.000725391236869,0.000156684507164,0.000725391236869,0.0536974801235,0.00695807301655,0.00486936838045,0.000725391236869,0.000156684507164,0.000725391236869,0.235575688937,0.460108766918,0.235575688662
92,0.0149586757483,0.0411447396947,0.0247791889632,0.0539310990628,0.00569446999105,0.009612054015,0.051498945657,0.00416073117635,0.17129677722,0.0853557937707,0.167698931771,0.36986859293,1,0.4,49,17,10,3,20,2.23537384426e-05,4.82840750361e-06,2.23537384426e-05,0.00288054348043,0.000442959152747,0.000629993328884,2.23537384426e-05,4.82840750361e-06,2.23537384426e-05,0.251939271624,0.492068889316,0.25193927133
93,0.244196900959,0.136243517024,0.103848282903,0.0158886113996,0.1040560651,0.0567348067759,0.0259802191707,0.0406385790727,0.0209380526134,0.106307447426,0.00619576337641,0.138971754179,1,0.4,49,17,10,3,20,0.000206342699498,4.45700230916e-05,0.000206342699498,0.0279547411328,0.00458224725318,0.00147796111483,0.000206342699498,4.45700230916e-05,0.000206342699498,0.244128516173,0.476813507594,0.244128515888
94,0.0214826800964,0.148054309415,0.115183909329,0.268657805568,0.022960663551,0.0615433639039,0.0686513167234,0.0143466141454,0.0958377762384,0.0513935966314,1.83471956243e-05,0.131869617203,1,0.4,49,17,10,3,20,0.000466359585325,0.00010073367043,0.000466359585325,0.0129293610927,0.00489344590152,0.00373046818255,0.000466359585325,0.00010073367043,0.000466359585325,0.246989361579,0.482401096271,0.246989361291
