run_ID,t1_initial,t2_initial,t3_initial,t4_initial,t5_initial,t6_initial,t7_initial,t8_initial,t9_initial,t10_initial,t11_initial,t12_initial,alpha,prior_cost_c,lambda,k,sample_amount,learning_parameter,generations,t1_final,t2_final,t3_final,t4_final,t5_final,t6_final,t7_final,t8_final,t9_final,t10_final,t11_final,t12_final
0,0.160630388877,0.0433306922313,0.134976229828,0.0906087086166,0.0221473915766,0.116071133673,0.122851453805,0.0511622380849,0.0583236132162,0.00835925022426,0.132949036234,0.0585898636332,1,0.4,48,16,10,3,20,0.000433944037325,9.37319120621e-05,0.000433944037325,0.00741316346766,0.0023433162585,0.00278190816809,0.000433944037325,9.37319120621e-05,0.000433944037325,0.24930614981,0.486926072965,0.249306149358
1,0.0230106112972,0.0494976797182,0.230829464261,0.0243660746253,0.194194538468,0.0873194628917,0.0845448744256,0.0596725282437,0.0183757068557,0.130411710731,0.0361627881834,0.0616145602994,1,0.4,48,16,10,3,20,0.000194308035425,4.19705356517e-05,0.000194308035425,0.00292304847385,0.000360198489948,0.00444378356284,0.000194308035425,4.19705356517e-05,0.000194308035425,0.25079191718,0.489827962355,0.250791916726
2,0.037387476448,0.38880980244,0.015740859564,0.108250173702,0.0706135685061,0.0522090880843,0.0494860568202,0.0332050780722,0.00865375233397,0.0522822433584,0.168622376742,0.0147395239288,1,0.4,48,16,10,3,20,0.000189981509331,4.10360060155e-05,0.000189981509331,0.0149090524406,0.00278299289855,0.00300947284437,0.000189981509331,4.10360060155e-05,0.000189981509331,0.247514683976,0.483427116264,0.247514683527
3,0.0650769725371,0.0263899467082,0.112629832202,0.00613608032626,0.00379675169109,0.337308122046,0.060594590564,0.00390684916436,0.0827809631764,0.119956420603,0.0476247870849,0.133798683896,1,0.4,48,16,10,3,20,9.37336563425e-05,2.024646977e-05,9.37336563425e-05,0.0254526240007,0.00120428948248,0.00297330250748,9.37336563425e-05,2.024646977e-05,9.37336563425e-05,0.245363948207,0.479226460474,0.245363947763
4,0.0520020864975,0.142739649843,0.0210660774555,0.225424281246,0.0352586088397,0.0310729145226,0.0994388324101,0.0205604375584,0.0332491726644,0.00757586100467,0.128219904579,0.20339217338,1,0.4,48,16,10,3,20,0.000167584585603,3.61982704902e-05,0.000167584585603,0.00856715370295,0.0029925593672,0.00141632905254,0.000167584585603,3.61982704902e-05,0.000167584585603,0.249494064652,0.487293094141,0.2494940642
5,0.0619409193036,0.0767065510055,0.142266662764,0.0448965410999,0.00417930280848,0.0287838564718,0.301312347566,0.0474316264689,0.0179573929727,0.204388052541,0.0400413570644,0.0300953899344,1,0.4,48,16,10,3,20,0.000240022411409,5.18448408643e-05,0.000240022411409,0.019448697626,0.00222228088284,0.00360331666444,0.000240022411409,5.18448408643e-05,0.000240022411409,0.24630183129,0.481058263366,0.246301830843
6,0.00193080690378,0.081584374377,0.00122518622212,0.0650745072713,0.00538900469665,0.1172548732,0.0441200933814,0.00596108546184,0.143562274066,0.0890446663026,0.261189686614,0.183663441503,1,0.4,48,16,10,3,20,2.26537441092e-05,4.89320872758e-06,2.26537441092e-05,0.00215437988677,0.00161679004123,7.25415338523e-05,2.26537441092e-05,4.89320872758e-06,2.26537441092e-05,0.25196670697,0.49212247366,0.251966706514
7,0.108174313066,0.029634614534,0.112907612617,0.0291179868807,0.0347570067896,0.0211458620892,0.189168741133,0.145697346267,0.0541067705977,0.052231093233,0.161552573408,0.0615060793862,1,0.4,48,16,10,3,20,1.5293370752e-06,3.30336808242e-07,1.5293370752e-06,2.76208215199e-05,2.49774875208e-05,6.93574824232e-06,1.5293370752e-06,3.30336808242e-07,1.5293370752e-06,0.252947652623,0.494038383134,0.252947652164
8,0.00755969900446,0.021111179089,0.0588237105839,0.064920505868,0.0610575246976,0.157922868462,0.126359102314,0.133864606966,0.0782354313077,0.00668895654027,0.236793391856,0.0466630233108,1,0.4,48,16,10,3,20,0.000186819435752,4.03529981224e-05,0.000186819435752,0.0126757841955,0.00185266660788,0.00285391697182,0.000186819435752,4.03529981224e-05,0.000186819435752,0.24835785608,0.485073936776,0.24835785563
9,0.00506551596427,0.0456435176129,0.175090449748,0.0236938160686,0.114365842618,0.0804496610132,0.166473550289,0.0771673209244,0.16638218189,0.0210205840706,0.0802288363844,0.0444187234168,1,0.4,48,16,10,3,20,0.0004804934935,0.000103786594596,0.0004804934935,0.00301624180499,0.00195274622554,0.00425424114846,0.0004804934935,0.000103786594596,0.0004804934935,0.250092578655,0.488462066801,0.250092578202
10,0.0668472198332,0.0505274972816,0.0379776694834,0.0136978492269,0.0066149773902,0.0999045176955,0.0447593945599,0.314519013754,0.01941354368,0.0754703891173,0.0900020741136,0.180265853864,1,0.4,48,16,10,3,20,9.662381239e-05,2.08707434762e-05,9.662381239e-05,0.00291978183299,0.00106971823805,0.0017524842984,9.662381239e-05,2.08707434762e-05,9.662381239e-05,0.251403580772,0.491022617806,0.251403580316
11,0.126228646016,0.210021583476,0.0829967331024,0.0448705757029,0.124206039116,0.0599404395897,0.0215163892946,0.0870044677894,0.0736851972515,0.134855679868,0.0315616856211,0.00311256317265,1,0.4,48,16,10,3,20,0.000553071707605,0.000119463488843,0.000553071707605,0.0588687424166,0.00395204679174,0.00643545107889,0.000553071707605,0.000119463488843,0.000553071707605,0.234824992167,0.458642561996,0.234824991742
12,0.0564338390074,0.102720265628,0.00377041975637,0.0694471510027,0.013535094822,0.030220621771,0.386540139926,0.00590951701072,0.039667774468,0.0667639550464,0.094160502239,0.130830719322,1,0.4,48,16,10,3,20,2.49556333275e-06,5.39041679874e-07,2.49556333275e-06,9.37997766712e-06,3.69668572275e-05,4.55364090269e-06,2.49556333275e-06,5.39041679874e-07,2.49556333275e-06,0.252948753338,0.494040532969,0.25294875288
13,0.0612235345724,0.052804096785,0.0808322032375,0.275376633778,0.173188695498,0.0246560729203,0.0596018211048,0.126394661013,0.0460651699133,0.00998079639357,0.0692330083317,0.0206433064527,1,0.4,48,16,10,3,20,0.000959033083505,0.000207151146037,0.000959033083505,0.0864012498114,0.00454127281227,0.0164643368038,0.000959033083505,0.000207151146037,0.000959033083505,0.224719103785,0.438904498784,0.224719103378
14,0.194631686992,0.00537336346353,0.138692199214,0.0876358631605,0.125280296457,0.023193883481,0.0765535291563,0.0146792976755,0.0382932978738,0.178338391556,0.0835932503715,0.0337349405995,1,0.4,48,16,10,3,20,0.000106556287433,2.30161580855e-05,0.000106556287433,0.000991730893829,0.00180268169691,8.79419186154e-05,0.000106556287433,2.30161580855e-05,0.000106556287433,0.252115829723,0.492413729036,0.252115829266
15,0.0666160049866,0.00324262433451,0.207329917525,0.0483279331768,0.0758747193105,0.0530380682989,0.0150441047395,0.114067076333,0.0204083208669,0.283072491662,0.0869346051786,0.0260441335887,1,0.4,48,16,10,3,20,5.4519177802e-06,1.17761424052e-06,5.4519177802e-06,9.02148405243e-06,9.3523849217e-05,2.7644870506e-05,5.4519177802e-06,1.17761424052e-06,5.4519177802e-06,0.252925381376,0.493994884604,0.252925380917
16,0.00689926249669,0.12696103449,0.181876615327,0.0468109133039,0.16469718535,0.313376738347,0.0220370790224,0.00630140611633,0.0396626224577,0.0558350080467,0.00396214514669,0.0315799898949,1,0.4,48,16,10,3,20,0.000940063735951,0.000203053766965,0.000940063735951,0.101913987503,0.0264623039172,0.0041991181011,0.000940063735951,0.000203053766965,0.000940063735951,0.218373623189,0.426510982018,0.218373622793
17,0.0796623518911,0.0437363841991,0.0117118423754,0.0646325735283,0.00413107416014,0.110007549072,0.115592898762,0.0653112323071,0.00144666692933,0.181067440458,0.25318241068,0.0695175756382,1,0.4,48,16,10,3,20,6.51347917724e-05,1.40691150228e-05,6.51347917724e-05,0.00267459425285,0.00104347467477,0.000421700212077,6.51347917724e-05,1.40691150228e-05,6.51347917724e-05,0.251844187778,0.491883178363,0.251844187322
18,0.027953224585,0.22874774103,0.0855648544317,0.123666528353,0.0396472396696,0.0743218756224,0.0438491374031,0.0477543316239,0.124038498439,0.0755164046487,0.0295612145332,0.0993789496609,1,0.4,48,16,10,3,20,0.000126265241368,2.72732921355e-05,0.000126265241368,0.00796543872876,0.00973956102742,0.000111915436212,0.000126265241368,2.72732921355e-05,0.000126265241368,0.24831582067,0.484991836368,0.24831582022
19,0.0185198207371,0.0798029486905,0.0390793552836,0.0299557624572,0.0947542711917,0.131615831796,0.0137991903655,0.0459383596657,0.177800834349,0.048064971369,0.139200381254,0.18146827284,1,0.4,48,16,10,3,20,0.000132886879214,2.87035659102e-05,0.000132886879214,0.00430342260099,0.000786263517487,0.00192021206027,0.000132886879214,2.87035659102e-05,0.000132886879214,0.251042187767,0.490316772094,0.251042187312
20,0.00520962411772,0.103462657764,0.00033728014698,0.0547204860242,0.0342661751889,0.0574663535921,0.121643425887,0.175152360129,0.0312290885277,0.128496700144,0.232325393606,0.0556904548724,1,0.4,48,16,10,3,20,5.5918384349e-05,1.20783710194e-05,5.5918384349e-05,0.00815683807316,0.000345375159175,0.00221738357581,5.5918384349e-05,1.20783710194e-05,5.5918384349e-05,0.250190058309,0.488652456749,0.250190057855
21,0.104707605022,0.0660157375618,0.065295633284,0.0223838398887,0.0277493126434,0.0729237442764,0.0882147368961,0.100832268201,0.0826315480636,0.111448758722,0.0278092667896,0.229987548651,1,0.4,48,16,10,3,20,0.000122789088508,2.65224431177e-05,0.000122789088508,0.00822445298872,0.000797882200407,0.0018916466174,0.000122789088508,2.65224431177e-05,0.000122789088508,0.250065914508,0.488409988389,0.250065914055
22,0.0338188266184,0.125958624191,0.261709408477,0.0681291330282,0.00265423288598,0.0908120903152,0.195680627437,0.0320036793365,0.100301320291,0.0476498202171,0.0296725661376,0.0116096710655,1,0.4,48,16,10,3,20,0.00157162213306,0.00033947038074,0.00157162213306,0.0716954083559,0.0121485520629,0.0140915808641,0.00157162213306,0.00033947038074,0.00157162213306,0.226428213283,0.442242603267,0.226428212873
23,0.0529346326747,0.0446102650568,0.000913068600317,0.043081254041,0.0819104869525,0.0929754969815,0.0576813040983,0.115566606418,0.198484986638,0.194882122783,0.111897184345,0.00506259141035,1,0.4,48,16,10,3,20,8.83001543715e-05,1.90728333443e-05,8.83001543715e-05,0.00977715304191,0.00257334102368,0.00165432708419,8.83001543715e-05,1.90728333443e-05,8.83001543715e-05,0.249322708971,0.486958415076,0.249322708519
24,0.0310464117615,0.157273053133,0.191743827363,0.0965385632875,0.0382002946784,0.0649599494126,0.0459662145248,0.0338056795326,0.248417383795,0.00564896789768,0.06922648023,0.0171731743831,1,0.4,48,16,10,3,20,0.000765572453854,0.000165363650032,0.000765572453854,0.005727038092,0.0190214555151,0.000819430415734,0.000765572453854,0.000165363650032,0.000765572453854,0.245638339333,0.479762380641,0.245638338888
25,0.049537451977,0.117031639327,0.0483384358118,0.0405721853155,0.155107977588,0.051056455739,0.0713803790059,0.0859161181028,0.0924592094875,0.00183283664472,0.233180417634,0.0535868933667,1,0.4,48,16,10,3,20,0.000135872077829,2.9348368811e-05,0.000135872077829,0.0143347845017,0.00295265935646,0.00202936753734,0.000135872077829,2.9348368811e-05,0.000135872077829,0.247925629694,0.484229744618,0.247925629244
26,0.0182879135951,0.0263437978381,0.142415233847,0.049808531571,0.0516750951781,0.0731027623765,0.1727060577,0.205680774194,0.0457125145638,0.0269561421019,0.115250189287,0.0720609877474,1,0.4,48,16,10,3,20,0.000162700405359,3.51432875576e-05,0.000162700405359,0.0498803539189,0.00580965039408,0.000437298831471,0.000162700405359,3.51432875576e-05,0.000162700405359,0.238583806466,0.465983996159,0.238583806034
27,0.110601655873,0.0681434639406,0.168976231065,0.0165696430998,0.0893940234288,0.0405125616189,0.129499805079,0.0213803206141,0.172381890648,0.0620898513483,0.104531258239,0.0159192950448,1,0.4,48,16,10,3,20,0.00013735703378,2.96691192965e-05,0.00013735703378,0.000663115049679,0.00324898202777,0.00126985977017,0.00013735703378,2.96691192965e-05,0.00013735703378,0.251499580237,0.49121011676,0.251499579781
28,0.0019764305744,0.30810857558,0.0201846349053,0.0108711488877,0.0293051673248,0.275548953783,0.0127803693486,0.0329807200442,0.0479722358055,0.0977205216536,0.150623290659,0.0119279514345,1,0.4,48,16,10,3,20,0.000238008929432,5.14099287573e-05,0.000238008929432,0.0156107883903,0.00358683419009,0.00306383092565,0.000238008929432,5.14099287573e-05,0.000238008929432,0.247066230448,0.48255123047,0.247066230001
29,0.0480608983299,0.0143937238757,0.0411374929123,0.21176784067,0.0627732352144,0.152952658926,0.0904398502739,0.153401270992,0.0712518045511,0.0946358820804,0.050531729508,0.0086536126667,1,0.4,48,16,10,3,20,0.000573076556691,0.000123784536245,0.000573076556691,0.0507053698507,0.00509252322922,0.00581008003603,0.000573076556691,0.000123784536245,0.000573076556691,0.236737303488,0.462377545037,0.236737303059
30,0.0466750721497,0.138018208853,0.00761090473724,0.0922477720479,0.00669992555514,0.0114712365455,0.0648009853307,0.160414571924,0.0804260360881,0.0586644222718,0.12460406461,0.208366799887,1,0.4,48,16,10,3,20,4.84682763948e-05,1.04691477013e-05,4.84682763948e-05,0.0203398931455,0.00221210662144,0.000452139326346,4.84682763948e-05,1.04691477013e-05,4.84682763948e-05,0.247090858707,0.482599332539,0.24709085826
31,0.0173490347165,0.0970306748714,0.0595635612355,0.014852317943,0.0287924237029,0.00143700917124,0.121799569506,0.112481594897,0.0739328960122,0.227774432084,0.00292000372932,0.24206648213,1,0.4,48,16,10,3,20,5.75072529013e-05,1.24215666267e-05,5.75072529013e-05,0.00502326859265,0.000805481804428,0.000846140115596,5.75072529013e-05,1.24215666267e-05,5.75072529013e-05,0.251211443778,0.490647350241,0.251211443323
32,0.000759313490804,0.0892625650669,0.0979447960807,0.00361934897038,0.109039605293,0.0557879263978,0.169457903965,0.0249625257862,0.0983673510054,0.233611054845,0.040440531931,0.0767470771689,1,0.4,48,16,10,3,20,0.000100028130377,2.16060761614e-05,0.000100028130377,0.015866892446,0.000563074110814,0.000373484730305,0.000100028130377,2.16060761614e-05,0.000100028130377,0.248601606418,0.485550011654,0.248601605967
33,0.0680122695522,0.200971191307,0.118297805912,0.0824501869028,0.0270575453892,0.0558215636278,0.0341862779508,0.0115513012767,0.0315729029663,0.085027996034,0.190968842045,0.0940821170351,1,0.4,48,16,10,3,20,0.00018140856441,3.91842499126e-05,0.00018140856441,0.00391119931593,0.00131041349126,0.000580592884591,0.00018140856441,3.91842499126e-05,0.00018140856441,0.251293291483,0.490807209039,0.251293291028
34,0.0162776136253,0.0449104121151,0.0785111887023,0.0499287261883,0.146760476822,0.0828205841926,0.0123832795499,0.0480455650166,0.25194168368,0.018123458853,0.117612594267,0.132684416988,1,0.4,48,16,10,3,20,0.000130259986456,2.81361570746e-05,0.000130259986456,0.00766780485865,0.00366157546905,0.0018660533597,0.000130259986456,2.81361570746e-05,0.000130259986456,0.24948041243,0.487266429645,0.249480411978
35,0.0191589751048,0.0265979125085,0.00141364249126,0.0263193993335,0.0275126472359,0.219623855948,0.0503244709986,0.0484887641541,0.263270404239,1.66143826846e-05,0.225993899728,0.0912794138751,1,0.4,48,16,10,3,20,0.000242998359411,5.24876456328e-05,0.000242998359411,0.00971265486128,0.00130249326905,0.00245063849038,0.000242998359411,5.24876456328e-05,0.000242998359411,0.249285627443,0.486885990217,0.249285626991
36,0.0873524459508,0.170605473805,0.0201478417699,0.0717404797258,0.0420857542697,0.0842515092209,0.287450557424,0.0190765346005,0.0350883433698,0.0902802664172,0.0889004513702,0.00302034207665,1,0.4,48,16,10,3,20,0.000244513558287,5.281492859e-05,0.000244513558287,0.00296916490478,0.00508012782635,0.000770226016922,0.000244513558287,5.281492859e-05,0.000244513558287,0.250459269186,0.489178259243,0.250459268732
37,0.027403552366,0.0934329015996,0.0732966960725,0.00900821343131,0.17280198864,0.149696737636,0.0194524097404,0.0953414878616,0.115193317107,0.0225651574741,0.0810088508489,0.140798687223,1,0.4,48,16,10,3,20,7.61101463819e-05,1.64397916185e-05,7.61101463819e-05,0.000223146555594,0.00171496099166,5.99448417109e-05,7.61101463819e-05,1.64397916185e-05,7.61101463819e-05,0.252373661038,0.492917305823,0.252373660581
38,0.0991122784083,0.126544177235,0.0821736145979,0.259992952346,0.00377610944402,0.0253449623437,0.0102918507268,0.0417306259155,0.0676486880225,0.224618345764,0.0279154375097,0.0308509576859,1,0.4,48,16,10,3,20,0.000182809160692,3.94867787095e-05,0.000182809160692,0.00702109551767,0.00299806559819,0.00219859927477,0.000182809160692,3.94867787095e-05,0.000182809160692,0.249668814102,0.487634401658,0.249668813649
39,0.0310747320172,0.00510958487728,0.148966459305,0.249574434805,0.0556399489557,0.132748591597,0.00538224839314,0.129184646984,1.01456882682e-05,0.0543813000892,0.117784925452,0.0701429818369,1,0.4,48,16,10,3,20,0.000441752203457,9.54184759467e-05,0.000441752203457,0.0086561332999,0.0035832370974,0.00158685931172,0.000441752203457,9.54184759467e-05,0.000441752203457,0.248971617608,0.48627268976,0.248971617157
40,0.0213290365579,0.223170579408,0.0435888697952,0.196225224877,0.0655639975337,0.0284746245614,0.00835733572127,0.0445976533993,0.115665043937,0.0116987158478,0.168058294819,0.073270623543,1,0.4,48,16,10,3,20,0.000226309312832,4.88828115718e-05,0.000226309312832,0.00974768741284,0.00219735384478,0.00483434270405,0.000226309312832,4.88828115718e-05,0.000226309312832,0.248466115919,0.485285381776,0.248466115469
41,0.025549252907,0.18897874287,0.0582756523036,0.0105008974679,0.0892477189576,0.0278038299899,0.0178893431995,0.114765801274,0.204470013353,0.140348286478,0.0333972523188,0.0887732088812,1,0.4,48,16,10,3,20,0.000195775379517,4.22874819756e-05,0.000195775379517,0.043745947075,0.00267797081183,0.00100652170854,0.000195775379517,4.22874819756e-05,0.000195775379517,0.240746721951,0.470208440458,0.240746721514
42,0.0607884638306,0.00569733238184,0.010215783288,0.0359178101115,0.256274402103,0.137020764936,0.0923383432391,0.0367071659518,0.0696273084617,0.0257756534151,0.0662206256856,0.203416346597,1,0.4,48,16,10,3,20,3.61156419029e-06,7.80097865103e-07,3.61156419029e-06,3.80756776928e-06,2.73322840141e-05,4.45286703267e-06,3.61156419029e-06,7.80097865103e-07,3.61156419029e-06,0.252951374465,0.494045652357,0.252951374007
43,0.0583105032098,0.189722780166,0.133958963288,0.0800022594203,0.0179525390644,0.277603125361,0.0261533138703,0.0222985321108,0.0257243772333,0.0992411722226,0.0524035730902,0.0166288609637,1,0.4,48,16,10,3,20,0.000286063532814,6.17897230879e-05,0.000286063532814,0.00966261024719,0.00877284220085,0.00292126748899,0.000286063532814,6.17897230879e-05,0.000286063532814,0.247241219999,0.482893006936,0.247241219551
44,0.22556816692,0.0732045543018,0.0106970158802,0.0835428144231,0.429434411377,0.102509291806,0.0150472531857,0.00713002852089,0.000586193083795,0.00841435746049,0.0223955763511,0.0214703366895,1,0.4,48,16,10,3,20,0.00270759658077,0.000584840861447,0.00270759658077,0.139981805355,0.0422411968064,0.00593386188679,0.00270759658077,0.000584840861447,0.00270759658077,0.202331843539,0.395179381195,0.202331843172
45,0.0553749902406,0.227386542108,0.0219431326495,0.0154771775844,0.0254258567883,0.160033810908,0.071166669321,0.0339507341697,0.199335557763,0.00292053282169,0.0660113988669,0.120973596778,1,0.4,48,16,10,3,20,0.000404641013761,8.74024589723e-05,0.000404641013761,0.00896073050585,0.00524727582928,0.00117158733348,0.000404641013761,8.74024589723e-05,0.000404641013761,0.248620278562,0.485586480686,0.248620278111
46,0.0616063895253,0.125625234966,0.0209639760026,0.0316357232789,0.052171638714,0.155048626297,0.0547542613424,0.050473560856,0.247622890387,0.0154503657562,0.16763784804,0.0170094848339,1,0.4,48,16,10,3,20,0.00030497843145,6.58753411932e-05,0.00030497843145,0.0208162612688,0.00178871114805,0.00858531719779,0.00030497843145,6.58753411932e-05,0.00030497843145,0.24473247046,0.477993105501,0.244732470016
47,0.00239062565577,0.0753486807551,0.0797931484168,0.0163490442881,0.0338393289888,0.157662345624,0.242870456568,0.043027383324,0.0368669638651,0.11325335355,0.0346377101969,0.163960958767,1,0.4,48,16,10,3,20,0.000190638008545,4.11778098457e-05,0.000190638008545,0.00426612282878,0.00198843814802,0.000520108569163,0.000190638008545,4.11778098457e-05,0.000190638008545,0.251036945238,0.490306532779,0.251036944783
48,0.0349183714105,0.00776945993527,0.208217049621,0.270016664083,0.0991893571811,0.102403113011,0.0328961432704,0.00309181510867,0.118379078246,0.107767710109,0.00977960515153,0.00557163287304,1,0.4,48,16,10,3,20,0.000423093156066,9.13881217103e-05,0.000423093156066,0.0758142431643,0.0130136690558,0.00762228659137,0.000423093156066,9.13881217103e-05,0.000423093156066,0.228091611963,0.445491428808,0.22809161155
49,0.00599307821725,0.0112155426728,0.0176456192145,0.0575731000397,0.0366426009034,0.0710720644681,0.0643902896121,0.0372434740592,0.0294202536481,0.107148683034,0.440704010761,0.12095128337,1,0.4,48,16,10,3,20,5.55115119063e-05,1.19904865718e-05,5.55115119063e-05,0.00391802689472,0.00044554137633,0.000290943647017,5.55115119063e-05,1.19904865718e-05,5.55115119063e-05,0.251724765194,0.491649931129,0.251724764738
50,0.0101777661781,0.163952690366,0.015384803072,0.127539381036,0.194029735807,0.00369628590716,0.0253737044575,0.03730036206,0.172962916986,0.0828792155974,0.0557241575574,0.110978980976,1,0.4,48,16,10,3,20,0.000303432476039,6.55414148245e-05,0.000303432476039,0.0227896907737,0.00311990658741,0.00122436556363,0.000303432476039,6.55414148245e-05,0.000303432476039,0.245760310048,0.480000604692,0.245760309602
51,0.0846446202257,0.075195628551,0.391793962376,0.0362482685883,0.201457739448,0.0220461599736,0.0026814499043,0.0801197005781,0.0200702750383,0.00480457243549,0.0334699310821,0.0474676917987,1,0.4,48,16,10,3,20,0.00139714765519,0.000301783893522,0.00139714765519,0.0278432323487,0.0206827463813,0.00493951693366,0.00139714765519,0.000301783893522,0.00139714765519,0.237873162928,0.464596020503,0.237873162497
52,0.06493515167,0.0483127306342,0.0474384984773,0.0687428775444,0.0764389179307,0.133776006084,0.143731523315,0.159347200483,0.017070329755,0.0608978790828,0.0236116296998,0.155697255323,1,0.4,48,16,10,3,20,0.000165270341108,3.56983936794e-05,0.000165270341108,0.0283212851897,0.00621431221545,0.0020744886404,0.000165270341108,3.56983936794e-05,0.000165270341108,0.243518086857,0.47562126253,0.243518086416
53,0.0152787837733,0.00271772179456,0.0317051512048,0.170625875731,0.309896793765,0.0857602805604,0.0003968703694,0.118717505517,0.143899646228,0.0317283620695,0.0293261590125,0.0599468499749,1,0.4,48,16,10,3,20,0.000887102620225,0.000191614165969,0.000887102620225,0.0171490942423,0.00459238972914,0.00886932049258,0.000887102620225,0.000191614165969,0.000887102620225,0.244226417842,0.477004721483,0.244226417399
54,0.292098180481,0.00245502237219,0.122736512808,0.0450464763861,0.111952744204,0.0394321263446,0.0584811574023,0.152702965024,0.0316743481003,0.0535649855046,2.50464522724e-07,0.0898552309077,1,0.4,48,16,10,3,20,0.000267472013025,5.77739548133e-05,0.000267472013025,0.0182455604674,0.00357632781079,0.0107773928395,0.000267472013025,5.77739548133e-05,0.000267472013025,0.244418095615,0.477379092133,0.244418095172
55,0.269512792535,0.135780187118,0.0270406750328,0.0120140470396,0.0358620114419,0.0636596162995,0.150479360939,0.0166710355602,0.0480472642676,0.0512914789601,0.0116522974501,0.177989233356,1,0.4,48,16,10,3,20,0.000348357837032,7.52452927989e-05,0.000348357837032,0.00697967942122,0.00242636029272,0.00123840896921,0.000348357837032,7.52452927989e-05,0.000348357837032,0.249881203028,0.48804922378,0.249881202575
56,0.0746126384895,0.21634841315,0.0594951215816,0.121332984036,0.0471490404204,0.0151635323392,0.169787906542,0.0278416395943,0.100310335994,0.0151995765913,0.113304460264,0.0394543509983,1,0.4,48,16,10,3,20,0.00038160784524,8.24272945719e-05,0.00038160784524,0.0287140302075,0.00834970146508,0.00437597981945,0.00038160784524,8.24272945719e-05,0.00038160784524,0.242053819151,0.472761364674,0.242053818713
57,0.0568241555717,0.0698528531556,0.130141353557,0.270919682241,0.0617033199803,0.11027088055,0.0121927743502,0.0121723451371,0.0366644332631,0.033376191884,0.0455191742738,0.160362836037,1,0.4,48,16,10,3,20,0.000115090191401,2.48594813426e-05,0.000115090191401,0.000894005248045,0.000554489199587,0.00279197116364,0.000115090191401,2.48594813426e-05,0.000115090191401,0.251762708239,0.491724038638,0.251762707783
58,0.050102632088,0.105465611571,0.0348948079673,0.316550916687,0.0544246280143,0.12841658299,0.018828362582,0.0640505478868,0.0181101960375,0.0724166631743,0.102295550379,0.0344435006222,1,0.4,48,16,10,3,20,0.000183756870185,3.969148396e-05,0.000183756870185,0.0753024050118,0.00364994322931,0.000381209785899,0.000183756870185,3.969148396e-05,0.000183756870185,0.232689842282,0.454472347383,0.23268984186
59,0.0119373715418,0.0581261155177,0.0417858425758,0.0389459501729,0.0604883660102,0.188602364709,0.0442812852427,0.274874990645,0.156803761461,0.00847571344049,0.00105122621724,0.114627012466,1,0.4,48,16,10,3,20,0.000392221415967,8.4719825849e-05,0.000392221415967,0.0561985004319,0.0190055935122,0.00378379894535,0.000392221415967,8.4719825849e-05,0.000392221415967,0.23254356567,0.454186650876,0.232543565249
60,0.141609606899,0.163719878058,0.15272590625,0.000360742928384,0.0160479278374,0.0281178542821,0.231315216797,0.00333432337935,0.0448070123383,0.0138782341905,0.125952962897,0.0781303341436,1,0.4,48,16,10,3,20,4.37441555901e-05,9.44873760745e-06,4.37441555901e-05,0.00107540333278,0.000356258429368,0.000557113689329,4.37441555901e-05,9.44873760745e-06,4.37441555901e-05,0.252412294527,0.492992761855,0.25241229407
61,0.00146374923056,0.144905434519,0.0384132351396,0.235510181519,0.140733391328,0.00323038698598,0.00842713812652,0.119924448916,0.0538260042446,0.0384687406057,0.0108340075313,0.204263281854,1,0.4,48,16,10,3,20,0.000315406149817,6.81277283604e-05,0.000315406149817,0.015578514938,0.00100998587294,0.00544821357229,0.000315406149817,6.81277283604e-05,0.000315406149817,0.24703630846,0.482492789088,0.247036308013
62,0.0304883204569,0.0145504165196,0.146369062496,0.0186765615735,0.0342873773097,0.00273595343956,0.121685790556,0.209293519882,0.0673625011009,0.267087855852,0.0623414179684,0.0251212228451,1,0.4,48,16,10,3,20,6.34054518114e-05,1.36955775913e-05,6.34054518114e-05,0.00111969174821,0.000961891369422,0.000817253903519,6.34054518114e-05,1.36955775913e-05,6.34054518114e-05,0.25216003829,0.492500073893,0.252160037833
63,0.211769247454,0.17210503959,0.02518757377,0.155934061213,0.0971815814814,0.107505551551,0.0240118507192,0.00812237511499,0.0988193735607,0.0835910679298,0.00172011117203,0.0140521664433,1,0.4,48,16,10,3,20,0.00123358422952,0.000266454193577,0.00123358422952,0.124070764144,0.00436526201727,0.00976385401059,0.00123358422952,0.000266454193577,0.00123358422952,0.216621755113,0.423089364689,0.216621754721
64,0.00527364104241,0.0507647256272,0.0491742943054,0.157573271641,0.0234495610165,0.118207847639,0.00194360921731,0.0987331441914,0.0366016344407,0.0366017544213,0.159267762913,0.262408753545,1,0.4,48,16,10,3,20,0.000105416865459,2.27700429392e-05,0.000105416865459,0.019262950153,0.000738243546064,0.00178959250716,0.000105416865459,2.27700429392e-05,0.000105416865459,0.247333946579,0.483074113536,0.247333946131
65,0.175126463983,0.0651269460578,0.025976595993,0.0386017150217,7.61729244589e-05,0.0896420418593,0.0658201152141,0.0867393199594,0.0134148679943,0.275998542661,0.144814268585,0.0186629497472,1,0.4,48,16,10,3,20,4.5189769421e-05,9.76099019494e-06,4.5189769421e-05,0.015226934817,0.000815100847445,0.000866247629521,4.5189769421e-05,9.76099019494e-06,4.5189769421e-05,0.248636569038,0.485618298022,0.248636568587
66,0.00520404319234,0.0265104601754,0.0340060767039,0.0488853372648,0.0602604148598,0.0676591751342,0.0113190995988,0.220600991552,0.130247561843,0.246016559913,0.138849673133,0.0104406066292,1,0.4,48,16,10,3,20,3.52760333845e-05,7.61962321105e-06,3.52760333845e-05,0.000855444091556,0.000624190343822,0.000984770451279,3.52760333845e-05,7.61962321105e-06,3.52760333845e-05,0.252301471136,0.492776309919,0.252301470679
67,0.353210776109,0.0766926697086,0.0575838171119,0.0226792104926,0.159522387878,0.118215719278,0.0918933093078,0.0119386536041,0.000500079243662,0.0621602310992,0.00993017338763,0.035672972779,1,0.4,48,16,10,3,20,0.000735329350226,0.000158831139649,0.000735329350226,0.0338985294979,0.00851123721403,0.0139513843775,0.000735329350226,0.000158831139649,0.000735329350226,0.237882654989,0.464614559683,0.237882654558
68,0.231193146486,0.237148193984,0.0370224147817,0.0256010893775,0.0798280285687,0.00435780687132,0.0573202938671,0.0218893762684,0.187981321945,0.0089264066575,0.10356702577,0.00516489542321,1,0.4,48,16,10,3,20,0.000327345632418,7.07066566022e-05,0.000327345632418,0.1072637757,0.00948045238499,0.00498312709785,0.000327345632418,7.07066566022e-05,0.000327345632418,0.2218047368,0.433212375777,0.221804736398
69,0.0442519837525,0.112484815403,8.60018385847e-06,0.128355093051,0.0879463026136,0.110818938282,0.00684075501782,0.218929448645,0.153628284263,0.120206564788,0.0040996058105,0.0124296081887,1,0.4,48,16,10,3,20,0.000431608163952,9.32273634135e-05,0.000431608163952,0.0412347829773,0.0118953323871,0.00539810546879,0.000431608163952,9.32273634135e-05,0.000431608163952,0.2376749769,0.464208938416,0.237674976469
70,0.0363669693512,0.0221301386305,0.0670371711548,0.0699940849539,0.0349195046386,0.0555205151181,0.0679879131548,0.213700539185,0.116918527076,0.0964962958433,0.0644790021826,0.154449338711,1,0.4,48,16,10,3,20,0.000144983841691,3.13165098052e-05,0.000144983841691,0.00400827567442,0.00191418713351,0.00117301271005,0.000144983841691,3.13165098052e-05,0.000144983841691,0.251006977376,0.490248001799,0.251006976921
71,0.0110655561614,0.0976511217006,0.130294111713,0.113789907058,0.0901736437375,0.0222463024894,0.0720166782712,0.15636903815,0.0443442626896,0.134785054317,0.0464178573874,0.0808464663249,1,0.4,48,16,10,3,20,0.000169178584022,3.65425741488e-05,0.000169178584022,0.0306944240106,0.00255961929189,0.00381413991223,0.000169178584022,3.65425741488e-05,0.000169178584022,0.243397822888,0.475386371966,0.243397822447
72,0.0951213320219,0.0101567830607,0.163441973513,0.103868088944,0.0171427982513,0.079552608913,0.0350705402729,0.0431267165298,0.171237291423,0.0456515810383,0.0726095804618,0.163020705571,1,0.4,48,16,10,3,20,0.0001240510966,2.67950368655e-05,0.0001240510966,0.000899036681433,0.000939913688656,0.000690416991615,0.0001240510966,2.67950368655e-05,0.0001240510966,0.252185508813,0.492549821008,0.252185508356
73,0.0714327606154,0.126765119474,0.0129696209825,0.0950150974544,0.0817665501978,0.0696710654631,0.116384855805,0.113004687228,0.0413494614134,0.073160820088,0.12086055213,0.0776194091482,1,0.4,48,16,10,3,20,0.000199354520936,4.30605765222e-05,0.000199354520936,0.0340545628431,0.00281132472813,0.00183291763484,0.000199354520936,4.30605765222e-05,0.000199354520936,0.24295150213,0.474514651738,0.24295150169
74,0.119938711135,0.093226833913,0.00739338645169,0.0813174051559,0.0847044712354,0.0201000164329,0.0769493996366,0.193468275662,0.0628230408821,0.0645987859979,0.0575496066309,0.137930066867,1,0.4,48,16,10,3,20,0.000192575824337,4.15963780569e-05,0.000192575824337,0.0416977617284,0.00215985503972,0.00238406737419,0.000192575824337,4.15963780569e-05,0.000192575824337,0.241051021937,0.470802776367,0.2410510215
75,0.065527732547,0.00785313623864,0.0576080690073,0.0478957976284,0.14628568033,0.00595578713803,0.00746513778303,0.116260651615,0.381355506961,0.0143156642313,0.0815777218883,0.0678991146312,1,0.4,48,16,10,3,20,0.000361654722364,7.81174200306e-05,0.000361654722364,0.026004461384,0.00639603743935,0.00161454649743,0.000361654722364,7.81174200306e-05,0.000361654722364,0.243954365788,0.476473369816,0.243954365346
76,0.0239373589817,0.00156163279122,0.156902620673,0.0359379599016,0.013369063533,0.00288736089081,0.0667942434319,0.225866200274,0.0609676497236,0.321111384816,0.0133997877675,0.0772647372156,1,0.4,48,16,10,3,20,7.14641113333e-05,1.5436248048e-05,7.14641113333e-05,0.00187816171023,0.000789785353218,0.000102248522692,7.14641113333e-05,1.5436248048e-05,7.14641113333e-05,0.252183545125,0.49254598568,0.252183544668
77,0.0638433092686,0.0213777756302,0.15167115234,0.0365684849838,0.177477788604,0.098901693658,0.037932428205,0.0657207552289,0.117973987354,0.0883955921393,0.100345216278,0.0397918163107,1,0.4,48,16,10,3,20,0.000354248097981,7.6517589164e-05,0.000354248097981,0.0142780563054,0.00194491666766,0.00463578842166,0.000354248097981,7.6517589164e-05,0.000354248097981,0.247290741466,0.482989728551,0.247290741018
78,0.0104134658315,0.0835912702319,0.000718551181707,0.0625416504236,0.120751363603,0.0518411810125,0.0331040091473,0.092244004478,0.0506040629626,0.232869280464,0.137017903166,0.124303257498,1,0.4,48,16,10,3,20,9.20324344056e-05,1.98790058316e-05,9.20324344056e-05,0.0031471694055,0.000880386472519,0.000309544324324,9.20324344056e-05,1.98790058316e-05,9.20324344056e-05,0.251764114061,0.491726784383,0.251764113604
79,0.00980940457502,0.208789119055,0.00764450123885,0.0174688884682,0.212984429521,0.105382649438,0.234380620919,0.079991738459,0.0168535014145,0.00232317832751,0.065694743526,0.0386772250587,1,0.4,48,16,10,3,20,0.000871538259159,0.000188252263978,0.000871538259159,0.0322307112695,0.0180668461711,0.00468478772971,0.000871538259159,0.000188252263978,0.000871538259159,0.238078734808,0.46499752808,0.238078734377
80,0.00430371655763,0.0517265642622,0.0194570939702,0.0530104548437,0.229884726286,0.101296665913,0.0737046344751,0.0477013629479,0.0334512055114,0.293405885487,0.0761815871023,0.0158761026437,1,0.4,48,16,10,3,20,0.000125035040722,2.70075687959e-05,0.000125035040722,0.0303099930285,0.000336007856195,0.0019344265465,0.000125035040722,2.70075687959e-05,0.000125035040722,0.244582556478,0.477700304756,0.244582556035
81,0.0275787429336,0.0022663574776,0.0548607967674,0.0185727578287,0.123425392914,0.0560308476928,0.253827400229,0.0806019817332,0.0100960821116,0.139280864761,0.219976314186,0.0134824613655,1,0.4,48,16,10,3,20,5.54228814479e-05,1.19713423927e-05,5.54228814479e-05,0.00190252861004,0.0016920494027,0.00056655335149,5.54228814479e-05,1.19713423927e-05,5.54228814479e-05,0.25184967229,0.491893890301,0.251849671834
82,0.0211949473036,0.123524487112,0.0844088239755,0.151523405219,0.0949755547944,0.0798434190032,0.0160922412182,0.218626568623,0.00974895080404,0.062628883085,0.0142012910068,0.123231427855,1,0.4,48,16,10,3,20,0.000240540526608,5.19567537473e-05,0.000240540526608,0.0287066613405,0.00528337605185,0.0056665286899,0.000240540526608,5.19567537473e-05,0.000240540526608,0.242663047488,0.473951263767,0.242663047049
83,0.0597943798436,0.120968772532,0.0463155079457,0.0533951371113,0.103462141118,0.0380785998775,0.244750040511,0.00721088871715,0.101760641869,0.0294044371014,0.00694538213758,0.187914071237,1,0.4,48,16,10,3,20,0.000401437591813,8.67105198317e-05,0.000401437591813,0.0261139767156,0.0031283143505,0.00407932385913,0.000401437591813,8.67105198317e-05,0.000401437591813,0.24408517691,0.476728860289,0.244085176468
84,0.000353140312867,0.161130934415,0.00482665027372,0.0219399581234,0.0485176925248,0.0778491164994,0.256357259658,0.185554325697,0.0244527311405,0.0191460838883,0.0766054616242,0.123266645843,1,0.4,48,16,10,3,20,2.84319013568e-07,6.14129069306e-08,2.84319013568e-07,2.98980457689e-06,5.61393004565e-06,4.24478798512e-07,2.84319013568e-07,6.14129069306e-08,2.84319013568e-07,0.252961824642,0.494066062859,0.252961824184
85,0.064776484957,0.0143191395878,0.00579341866106,0.00407693710503,0.00767573412564,0.161983363441,0.0226772523546,0.0279947103364,0.0734473779476,0.338539591117,0.239271524302,0.0394444660653,1,0.4,48,16,10,3,20,2.50165140604e-05,5.40356703704e-06,2.50165140604e-05,0.00292834524355,0.000622795676664,0.000195773530199,2.50165140604e-05,5.40356703704e-06,2.50165140604e-05,0.251988544179,0.492165124458,0.251988543722
86,0.0175333866854,0.101103598612,0.0114149927306,0.227804058702,0.027594275084,0.0870897314789,0.0152953627044,0.161455290466,0.188656533042,0.0748174303681,0.0525083106958,0.0347270294302,1,0.4,48,16,10,3,20,0.000534183467375,0.000115383628953,0.000534183467375,0.0352712769006,0.00163627818402,0.0125373513076,0.000534183467375,0.000115383628953,0.000534183467375,0.239857731229,0.468472130457,0.239857730794
87,0.0228503453003,0.171241275172,0.0766646110543,0.109717776164,0.0205265374729,0.0670685591443,0.323758794844,0.0237729925388,0.0937294228682,0.0180954466238,0.000299506100881,0.072274732717,1,0.4,48,16,10,3,20,0.000449640302827,9.71223054106e-05,0.000449640302827,0.00606919094981,0.0139109990745,0.0104961337344,0.000449640302827,9.71223054106e-05,0.000449640302827,0.244750892453,0.478029085956,0.24475089201
88,0.0209252234398,0.0786682575585,0.0854849048332,0.26324863548,0.132920956252,0.0238299479259,0.0207753082523,0.043886176663,0.0564228785143,0.132922337979,0.0494976650982,0.0914177080038,1,0.4,48,16,10,3,20,0.000226245709011,4.88690731465e-05,0.000226245709011,0.0267410194178,0.00168771210048,0.00581002797281,0.000226245709011,4.88690731465e-05,0.000226245709011,0.244049586298,0.476659347374,0.244049585855
89,0.0619747013299,0.0930948798482,0.0517224815188,0.0876970032734,0.103129594747,0.0992244377008,0.163485994822,0.0643692946087,0.031870867283,0.00872697665082,0.1928302073,0.041873560917,1,0.4,48,16,10,3,20,0.000394652666524,8.52449759691e-05,0.000394652666524,0.0136876634279,0.00507839848784,0.00111952578183,0.000394652666524,8.52449759691e-05,0.000394652666524,0.247491620682,0.483382070769,0.247491620234
90,0.169603887047,0.0548713550014,0.0721456232295,0.00418312836337,0.26691554737,0.0736452029554,0.00924453862481,0.00378551091336,0.0974102006046,0.0358816475582,0.0536010416653,0.158712316667,1,0.4,48,16,10,3,20,0.000184188888425,3.97847998997e-05,0.000184188888425,0.0177289742725,0.0036709811676,0.0021870677817,0.000184188888425,3.97847998997e-05,0.000184188888425,0.246791248176,0.48201415572,0.246791247729
91,0.0864130668795,0.118038744049,0.137603535097,0.069843820384,0.212296960686,0.0581971873426,0.109270800084,0.00624070935388,0.081492343921,0.0352913969082,0.0146797903649,0.0706316449293,1,0.4,48,16,10,3,20,0.000695787313963,0.000150290059816,0.000695787313963,0.0585216343991,0.00468195210847,0.0160605013081,0.000695787313963,0.000150290059816,0.000695787313963,0.232133358811,0.453385465607,0.232133358391
92,0.0908035812362,0.0309352509229,0.0954917761824,0.123932570528,0.00782290883718,0.0129476024147,0.0122439065254,0.0604350132715,0.0365715163055,0.262330490699,0.247443006566,0.0190423765121,1,0.4,48,16,10,3,20,7.42623486943e-05,1.6040667318e-05,7.42623486943e-05,0.0118181450796,0.000295529655686,0.00102237019498,7.42623486943e-05,1.6040667318e-05,7.42623486943e-05,0.249558216772,0.487418391249,0.24955821632
93,0.108857874816,0.0319712097273,0.0750833820052,0.0237634930943,0.0788796928782,0.0542955234964,0.00711544144884,0.30918319137,0.15659663641,0.0422508799873,0.00704688513196,0.104955789634,1,0.4,48,16,10,3,20,0.000760600230834,0.00016428964986,0.000760600230834,0.0189839345373,0.00895675791028,0.00189651190048,0.000760600230834,0.00016428964986,0.000760600230834,0.244563937831,0.47766394021,0.244563937388
94,0.0636756242722,0.160736185025,0.0318482753465,0.003418056061,0.0399059851263,0.156564117391,0.264213236083,0.0144508615779,0.0971543954105,0.0922727179295,0.0371527454647,0.0386078003117,1,0.4,48,16,10,3,20,0.000480448812206,0.000103776943437,0.000480448812206,0.0194982942107,0.00311104280106,0.00553220154868,0.000480448812206,0.000103776943437,0.000480448812206,0.245306969452,0.479115173844,0.245306969008
