0.33333333333333331,0.33333333333333331,0.33333333333333331,0.33333333333333331,0.33333333333333331,0.33333333333333331,0.33333333333333331,0.33333333333333331,0.33333333333333331,0.33333333333333331,0.33333333333333331,0.33333333333333331,0.33333333333333331,0.33333333333333331,0.33333333333333331,0.33333333333333331,0.33333333333333331,0.33333333333333331,0.33333333333333331,0.33333333333333331,0.33333333333333331,0.33333333333333331,0.33333333333333331,0.33333333333333331,0.33333333333333331,0.33333333333333331,0.33333333333333331,0.33333333333333331,0.33333333333333331,0.33333333333333331,0.33333333333333331,0.33333333333333331,0.33333333333333331,0.33333333333333331,0.33333333333333331,0.33333333333333331,0.33333333333333331,0.33333333333333331,0.33333333333333331,0.33333333333333331,0.33333333333333331,0.33333333333333331,0.33333333333333331,0.33333333333333331,0.33333333333333331,0.33333333333333331,0.33333333333333331,0.33333333333333331,0.33333333333333331,0.33333333333333331,0.33333333333333331,0.33333333333333331,0.33333333333333331,0.33333333333333331,0.33333333333333331,0.33333333333333331,0.33333333333333331,0.33333333333333331,0.33333333333333331,0.33333333333333331,0.33333333333333331,0.33333333333333331,0.33333333333333331,0.33333333333333331,0.33333333333333331,0.33333333333333331,0.33333333333333331,0.33333333333333331,0.33333333333333331,0.33333333333333331,0.33333333333333331,0.33333333333333331,0.33333333333333331,0.33333333333333331,0.33333333333333331,0.33333333333333331,0.33333333333333331,0.33333333333333331,0.33333333333333331,0.33333333333333331,0.33333333333333331,0.33333333333333331,0.33333333333333331,0.33333333333333331,0.33333333333333331,0.33333333333333331,0.33333333333333331,0.33333333333333331,0.33333333333333331,0.33333333333333331,0.33333333333333331,0.33333333333333331,0.33333333333333331,0.33333333333333331,0.33333333333333331,0.33333333333333331,0.33333333333333331,0.33333333333333331,0.33333333333333331,0.33333333333333331,0.33333333333333331,0.33333333333333331,0.33333333333333331,0.33333333333333331,0.33333333333333331,0.33333333333333331,0.33333333333333331,0.33333333333333331,0.33333333333333331,0.33333333333333331,0.33333333333333331,0.33333333333333331
0.33333333333333331,0.66666666666658869,0.52777777777772705,0.44444444444442888,0.36111111111110716,0.61111111111104877,0.49999999999996098,0.33333333333333331,0.30555555555556724,0.19444444444447956,0.44444444444442105,0.40277777777776413,0.34722222222223198,0.26388888888891032,0.48611111111108579,0.4166666666666472,0.30555555555555947,0.58333333333326709,0.34722222222222021,0.5972222222221617,0.47222222222219101,0.33333333333333331,0.13888888888893958,0.16666666666670565,0.027777777777851852,0.27777777777779333,0.26388888888890255,0.26388888888890255,0.15277777777781482,0.37499999999999023,0.22222222222225341,0.083333333333399595,0.36111111111110716,0.18055555555559261,0.43055555555553404,0.30555555555556335,0.33333333333333331,0.30555555555556724,0.22222222222224561,0.41666666666665497,0.3194444444444503,0.20833333333336257,0.45833333333330406,0.25000000000002343,0.47222222222219884,0.40277777777776025,0.33333333333333331,0.19444444444447953,0.49999999999995326,0.29166666666667251,0.56944444444438014,0.38888888888887718,0.33333333333333331,0.58333333333327486,0.45833333333330406,0.33333333333333331,0.33333333333333331,0.61666666666657399,0.58333320587405257,0.40555555555554812,0.37222219673037826,0.61111100914365801,0.47083333333329036,0.33749999999999769,0.30555555555557501,0.28703698605335709,0.34259264357630004,0.44642850769894121,0.33333338431700316,0.31249999999998979,0.46759257984662927,0.41805555555552654,0.36805550457185909,0.60185174988440793,0.38293645695282269,0.61574063877328844,0.47222220947625648,0.33333333333333331,0.10000012745926855,0.21944444444447905,0.027777879745253684,0.26111113660297941,0.22619053992010274,0.27777772679414608,0.16203704978302658,0.31250000000004241,0.23194444444448364,0.074074176041504416,0.29444449542814322,0.18055556830152975,0.35185185185187207,0.27182544780908935,0.33333333333333331,0.30555555555557246,0.21944446993632744,0.40555553006369971,0.3194444444444558,0.19444450817408304,0.47222215849257926,0.23194449542815698,0.47222218398441856,0.41805550457185325,0.33333333333333331,0.15555565752296796,0.52777767581035318,0.28174604449196938,0.60416651371554586,0.39087300312707457,0.33333333333333331,0.61666653920737913,0.47083326960369298,0.33333333333333331
0.33333333333333331,0.52777777777772705,0.44444444444441328,0.36111111111110716,0.33333333333333331,0.47222222222218713,0.43055555555553027,0.33333333333333331,0.27777777777779333,0.23611111111113645,0.37499999999999023,0.37499999999999023,0.30555555555556724,0.27777777777779333,0.40277777777776413,0.36111111111110328,0.31944444444444642,0.47222222222218324,0.33333333333333331,0.47222222222218713,0.40277777777776025,0.33333333333333331,0.22222222222225341,0.19444444444447953,0.13888888888893955,0.27777777777779333,0.2916666666666764,0.25000000000001948,0.20833333333336257,0.33333333333333337,0.25000000000002337,0.19444444444448342,0.34722222222222027,0.23611111111113642,0.37499999999999023,0.30555555555556335,0.33333333333333331,0.27777777777779333,0.25000000000001948,0.36111111111110716,0.30555555555556335,0.26388888888890638,0.40277777777776025,0.27777777777779333,0.40277777777776413,0.36111111111110328,0.33333333333333331,0.27777777777779333,0.44444444444441328,0.31944444444444642,0.47222222222218324,0.37499999999999023,0.33333333333333331,0.47222222222218713,0.40277777777776025,0.33333333333333331,0.33333333333333331,0.49999999999993783,0.48333326960367706,0.34444444444445188,0.32777776503186934,0.47222217123849175,0.4083333333333079,0.34166666666666318,0.27777777777780899,0.27777775228595325,0.31481484030668383,0.39880949194470405,0.29629632178814735,0.2916666666666754,0.3842592528862846,0.36944444444443092,0.34444441895259909,0.49074068975699958,0.34920632371451032,0.4907406897570018,0.40277777140479298,0.33333333333333331,0.2166667303963033,0.23888888888892412,0.13888893987265705,0.27222223496816994,0.27976193662671889,0.25925923376746884,0.20833333970635021,0.29166666666671054,0.26388888888891804,0.19444449542816106,0.31388891438073763,0.2361111174841089,0.3333333333333498,0.29365081914264368,0.33333333333333331,0.27777777777780377,0.23888890163484833,0.34444443169852768,0.3055555555555744,0.25462966149445143,0.41203700517220665,0.26388891438075468,0.40277775865887394,0.36944441895259428,0.33333333333333331,0.244444495428153,0.45555550457182736,0.30753968891265215,0.49999992352441402,0.37103173965877079,0.33333333333333331,0.49999993627034039,0.40833330146850921,0.33333333333333331
0.33333333333333331,0.44444444444442888,0.36111111111110716,0.66666666666658869,0.52777777777772705,0.61111111111104877,0.4166666666666472,0.30555555555555947,0.63888888888880702,0.47222222222217924,0.58333333333326709,0.34722222222222021,0.65277777777770174,0.5138888888888401,0.59722222222216181,0.49999999999996098,0.33333333333333331,0.44444444444442105,0.40277777777776413,0.48611111111108579,0.47222222222219101,0.33333333333333331,0.19444444444447953,0.55555555555549319,0.36111111111109939,0.49999999999995326,0.29166666666667251,0.62499999999992006,0.4583333333332924,0.56944444444438014,0.41666666666664709,0.22222222222225343,0.36111111111110716,0.34722222222221633,0.45833333333330406,0.38888888888887718,0.33333333333333331,0.6388888888888149,0.49999999999995315,0.58333333333327486,0.48611111111107402,0.31944444444444642,0.43055555555553404,0.38888888888887718,0.47222222222219884,0.45833333333330406,0.33333333333333331,0.13888888888893958,0.27777777777779333,0.26388888888890255,0.37499999999999023,0.30555555555556335,0.33333333333333331,0.41666666666665497,0.40277777777776025,0.33333333333333331,0.33333333333333331,0.40555555555554812,0.37222219673037826,0.61666666666657399,0.58333320587405268,0.61111100914365801,0.41805555555552654,0.36805550457185909,0.63888888888876805,0.58333318038219562,0.60185174988440793,0.38293645695282263,0.6481481481480228,0.60416651371552832,0.61574063877328844,0.47083333333329036,0.33749999999999769,0.34259264357629993,0.44642850769894121,0.46759257984662927,0.47222220947625648,0.33333333333333331,0.15555565752296796,0.53611111111103271,0.36111111111108835,0.52777767581035318,0.28174604449196938,0.62962957864584435,0.48611102188962002,0.60416651371554586,0.3902777777777604,0.11111126406223497,0.29444449542814322,0.34722222222221377,0.47222215849257931,0.39087300312707457,0.33333333333333331,0.63888886339694051,0.53611100914368626,0.61666653920737913,0.48611106012737315,0.23148154521113107,0.35185185185187207,0.39027776503183631,0.47222218398441851,0.47083326960369298,0.33333333333333331,0.10000012745926855,0.26111113660297941,0.22619053992010274,0.31250000000004241,0.27182544780908935,0.33333333333333331,0.40555553006369971,0.41805550457185325,0.33333333333333331
0.33333333333333331,0.36111111111110716,0.33333333333333331,0.52777777777772705,0.44444444444441328,0.47222222222218713,0.36111111111110328,0.31944444444444642,0.52777777777772317,0.43055555555552633,0.47222222222218324,0.33333333333333331,0.52777777777772705,0.44444444444441328,0.47222222222218713,0.43055555555553027,0.33333333333333331,0.37499999999999023,0.37499999999999023,0.40277777777776413,0.40277777777776025,0.33333333333333331,0.27777777777779333,0.49999999999995315,0.3888888888888733,0.44444444444441328,0.31944444444444642,0.52777777777772317,0.43055555555552633,0.47222222222218324,0.40277777777776019,0.29166666666668029,0.34722222222222027,0.36111111111110328,0.40277777777776025,0.37499999999999023,0.33333333333333331,0.52777777777772705,0.44444444444441328,0.47222222222218713,0.43055555555553027,0.33333333333333331,0.37499999999999023,0.37499999999999023,0.40277777777776413,0.40277777777776025,0.33333333333333331,0.22222222222225341,0.27777777777779333,0.2916666666666764,0.33333333333333337,0.30555555555556335,0.33333333333333331,0.36111111111110716,0.36111111111110328,0.33333333333333331,0.33333333333333331,0.34444444444445188,0.32777776503186934,0.49999999999993783,0.48333326960367712,0.47222217123849175,0.36944444444443092,0.34444441895259909,0.52777777777769197,0.49074066426515517,0.49074068975699958,0.34920632371451032,0.52777777777769375,0.49999992352441402,0.4907406897570018,0.4083333333333079,0.34166666666666318,0.31481484030668383,0.39880949194470405,0.3842592528862846,0.40277777140479298,0.33333333333333331,0.244444495428153,0.47222222222216398,0.3888888888888512,0.45555550457182742,0.30753968891265215,0.5277777522858571,0.44907402946330699,0.49999992352441402,0.38055555555553794,0.23148155795704717,0.31388891438073768,0.36111111111109806,0.41203700517220665,0.37103173965877079,0.33333333333333331,0.52777776503178209,0.47222217123849075,0.49999993627034039,0.43055553006367153,0.29166669853149157,0.3333333333333498,0.38055554918257584,0.40277775865887394,0.40833330146850921,0.33333333333333331,0.2166667303963033,0.27222223496816994,0.27976193662671889,0.29166666666671054,0.29365081914264368,0.33333333333333331,0.34444443169852768,0.36944441895259428,0.33333333333333331
0.33333333333333331,0.61111111111104877,0.47222222222218713,0.61111111111104877,0.47222222222218713,0.66666666666658869,0.48611111111107408,0.31944444444444642,0.49999999999995709,0.33333333333332943,0.54166666666661401,0.38888888888887718,0.54166666666662178,0.40277777777776025,0.58333333333327886,0.48611111111107402,0.31944444444444642,0.54166666666661401,0.38888888888887718,0.58333333333327864,0.49999999999996098,0.33333333333333331,0.13888888888893958,0.36111111111109939,0.16666666666670565,0.3888888888888733,0.2638888888889025,0.45833333333329629,0.29166666666666863,0.48611111111107019,0.3194444444444503,0.12500000000005657,0.36111111111110716,0.25000000000001948,0.45833333333330406,0.34722222222222021,0.33333333333333331,0.49999999999996103,0.36111111111109939,0.52777777777773482,0.41666666666664715,0.25000000000001948,0.45833333333330406,0.3194444444444503,0.4999999999999688,0.44444444444441711,0.33333333333333331,0.13888888888893958,0.3888888888888733,0.2638888888889025,0.48611111111107019,0.34722222222222027,0.33333333333333331,0.52777777777773494,0.44444444444441716,0.33333333333333331,0.33333333333333331,0.54444444444437878,0.49444436796887226,0.54444444444437878,0.49444436796887226,0.66666656469917585,0.46527777777773105,0.34861108561926346,0.49999999999993372,0.44444434247702336,0.49999997450812173,0.42063486327826016,0.52777780326952695,0.47916659019107044,0.58333327597660301,0.46527777777773105,0.34861108561926346,0.49999997450812173,0.42063486327826016,0.58333327597660301,0.49999998725402128,0.33333333333333331,0.094444559157804558,0.38611111111108359,0.16666671765041213,0.4111110728733231,0.24206353030127975,0.47222217123850646,0.31944440620669512,0.47916659019112312,0.30694444444445823,0.055555683014854904,0.30277782876147308,0.25000000637298941,0.43055552369073757,0.33730160642046014,0.33333333333333331,0.49999998725402128,0.38611107287333446,0.54444436796885709,0.41666664117479396,0.19444450817409953,0.43055552369073757,0.30694446356333283,0.49999996176218464,0.46527772042109572,0.33333333333333331,0.094444559157804558,0.4111110728733231,0.24206353030127975,0.47916659019112312,0.33730160642046014,0.33333333333333331,0.54444436796885709,0.46527772042109572,0.33333333333333331
0.33333333333333331,0.49999999999996098,0.43055555555553027,0.4166666666666472,0.36111111111110328,0.48611111111107408,0.66666666666658869,0.54166666666662577,0.63888888888880702,0.52777777777773105,0.65277777777770174,0.4722222222221949,0.51388888888884399,0.45833333333330023,0.52777777777773882,0.55555555555549319,0.44444444444441711,0.62499999999992006,0.3888888888888733,0.51388888888884399,0.63888888888881479,0.33333333333333331,0.23611111111113645,0.27777777777778562,0.19444444444447564,0.31944444444444642,0.1944444444444717,0.18055555555558872,0.15277777777781093,0.22222222222224952,0.16666666666670563,0.083333333333395695,0.26388888888889867,0.05555555555561794,0.18055555555558872,0.30555555555555947,0.33333333333333331,0.34722222222221633,0.29166666666667251,0.38888888888887718,0.36111111111109939,0.25000000000002337,0.4583333333332924,0.19444444444447953,0.34722222222221633,0.49999999999995326,0.33333333333333331,0.25000000000002337,0.40277777777776025,0.22222222222224558,0.3194444444444503,0.41666666666665497,0.33333333333333331,0.45833333333330406,0.58333333333327486,0.33333333333333331,0.33333333333333331,0.47083333333329036,0.44999993627036572,0.3902777777777604,0.36944443169851027,0.48611106012737315,0.61666666666657399,0.57291661568290198,0.63888888888876805,0.62037031938654752,0.6481481481480228,0.54761892015979452,0.61111100914361893,0.60416651371549324,0.60648140500584236,0.53611111111103282,0.48611106012737143,0.62962957864584435,0.45634910438182125,0.60185174988437729,0.63888886339694051,0.33333333333333331,0.20833339706297371,0.297222222222226,0.19444449542817105,0.31388890163481087,0.10714298460211745,0.083333435300801229,0.078703780179325791,0.083333486284481909,0.1638888888889469,0.074074125057831119,0.20763893987261264,0.055555581047487076,0.087963064930421844,0.23412708609435462,0.33333333333333331,0.34722222222221377,0.29722223496815015,0.39027776503183631,0.36111111111108835,0.22222231144368493,0.48611102188962002,0.16388899085629349,0.34722222222221438,0.53611100914368626,0.33333333333333331,0.23611116209482341,0.42222217123851602,0.21825399374585075,0.31250000000002487,0.43650791101606123,0.33333333333333331,0.47083326960369298,0.61666653920737913,0.33333333333333331
0.33333333333333331,0.33333333333333331,0.33333333333333331,0.30555555555555947,0.31944444444444642,0.31944444444444642,0.54166666666662577,0.49999999999997663,0.55555555555550096,0.52777777777773871,0.52777777777773882,0.41666666666665497,0.43055555555553016,0.44444444444441711,0.40277777777776802,0.44444444444441711,0.41666666666665497,0.45833333333330406,0.34722222222222021,0.34722222222222027,0.51388888888885187,0.33333333333333331,0.33333333333333331,0.30555555555555947,0.31944444444444642,0.31944444444444642,0.25000000000001171,0.18055555555558872,0.23611111111112476,0.19444444444447564,0.19444444444447562,0.20833333333336257,0.25000000000001166,0.13888888888892786,0.13888888888892789,0.30555555555555947,0.33333333333333331,0.30555555555555947,0.31944444444444642,0.31944444444444642,0.31944444444444642,0.29166666666668423,0.37499999999998246,0.22222222222224952,0.26388888888889861,0.43055555555553016,0.33333333333333331,0.34722222222222021,0.34722222222222021,0.27777777777778556,0.23611111111113642,0.40277777777776802,0.33333333333333331,0.33333333333333331,0.49999999999996492,0.33333333333333331,0.33333333333333331,0.33749999999999769,0.3416666666666629,0.31250000000000772,0.31666666666667415,0.31944444444445191,0.51249999999995199,0.55416661568291437,0.5555555555554853,0.5648147893228892,0.5648147893228892,0.48809514250080277,0.52777765031850876,0.54166651371556196,0.48148141137886358,0.44583333333329767,0.43958330784145838,0.46296296296291845,0.41071420923875435,0.43518513420145671,0.51388886976995518,0.33333333333333331,0.3416666666666629,0.31250000000000777,0.31944444444445191,0.31666666666667415,0.18452390511824285,0.083333460792624853,0.14814821825078192,0.083333486284458511,0.2041666666667078,0.21296296296299644,0.22291669215854276,0.13888890800782713,0.087963064930401041,0.24404769552315436,0.33333333333333331,0.30555555555556468,0.31250000000000777,0.31250000000000772,0.31944444444445191,0.27777783513442567,0.38888883153223663,0.20416674314221775,0.2638889080077888,0.44583325685778774,0.33333333333333331,0.3416666666666629,0.3416666666666629,0.26785716197604281,0.22916674314220148,0.40476188564300286,0.33333333333333331,0.33749999999999769,0.51249990440555582,0.33333333333333331
0.33333333333333331,0.30555555555556724,0.27777777777779333,0.63888888888880702,0.52777777777772317,0.49999999999995709,0.63888888888880702,0.55555555555550096,0.99999999999981293,0.8333333333331967,0.8333333333331967,0.44444444444441711,0.83333333333319692,0.72222222222211307,0.66666666666658092,0.63888888888880702,0.47222222222219101,0.49999999999995709,0.44444444444441711,0.41666666666665109,0.66666666666658081,0.33333333333333331,0.27777777777779333,0.63888888888880702,0.49999999999995709,0.52777777777772317,0.19444444444447562,0.49999999999995709,0.41666666666663932,0.3888888888888733,0.30555555555556724,0.16666666666671737,0.22222222222224952,0.16666666666670954,0.16666666666670957,0.36111111111110716,0.33333333333333331,0.66666666666658092,0.55555555555549707,0.55555555555549707,0.49999999999995709,0.33333333333334114,0.41666666666663932,0.30555555555556724,0.33333333333333331,0.55555555555549707,0.33333333333333331,0.19444444444448344,0.19444444444448344,0.19444444444447559,0.13888888888894346,0.36111111111110716,0.33333333333333331,0.30555555555556724,0.55555555555549707,0.33333333333333331,0.33333333333333331,0.28055555555558426,0.25555559379334586,0.59722222222212307,0.57222210750885738,0.49999994901625067,0.59722222222212307,0.63055545358808085,0.99999999999971934,0.94444429149313947,0.94444429149313947,0.50793639322318529,0.94444429149313947,0.91666636076434038,0.7777776120806339,0.59722222222212307,0.45138888888884565,0.38888899085624506,0.50793639322318529,0.47222220947621962,0.66666664117470131,0.33333333333333331,0.25555559379334586,0.59722222222212307,0.49999994901625067,0.57222210750885738,0.15079372726922952,0.38888899085624506,0.36111108561928529,0.33333333333336845,0.28055555555558426,0.055555657523044248,0.18472227320595958,0.16666667941264934,0.16666670490449509,0.34126987950758525,0.33333333333333331,0.66666664117470131,0.5972221075088523,0.5972221075088523,0.49999994901625067,0.22222231144372218,0.36111108561928529,0.28055559379333339,0.33333333333333331,0.5972221075088523,0.33333333333333331,0.17222229869779676,0.17222229869779676,0.15079372726922952,0.041666819617829844,0.34126987950758525,0.33333333333333331,0.28055559379333339,0.5972221075088523,0.33333333333333331
0.33333333333333331,0.19444444444447956,0.23611111111113645,0.47222222222217924,0.43055555555552633,0.33333333333332943,0.52777777777773105,0.52777777777773871,0.8333333333331967,0.74999999999989475,0.66666666666658081,0.40277777777776413,0.66666666666657304,0.62499999999992006,0.49999999999995709,0.51388888888884399,0.43055555555554192,0.37499999999999423,0.38888888888887718,0.29166666666668029,0.54166666666661789,0.33333333333333331,0.37499999999999023,0.58333333333326709,0.54166666666661401,0.47222222222218324,0.2500000000000156,0.4166666666666432,0.41666666666663937,0.30555555555555947,0.29166666666668029,0.25000000000002731,0.20833333333336257,0.20833333333336257,0.12500000000004874,0.34722222222222027,0.33333333333333331,0.54166666666661012,0.49999999999995703,0.43055555555552627,0.4166666666666472,0.33333333333334503,0.33333333333332943,0.29166666666668029,0.2500000000000156,0.47222222222218713,0.33333333333333331,0.29166666666668029,0.19444444444448344,0.2500000000000156,0.11111111111116959,0.36111111111110716,0.33333333333333331,0.23611111111113645,0.48611111111107408,0.33333333333333331,0.33333333333333331,0.20277777777783157,0.20277782876150971,0.46388888888883045,0.46388883790515456,0.33333333333332943,0.50694444444438802,0.58402770130216775,0.83333333333312654,0.80555547907984448,0.77777767581021373,0.46230149808011833,0.77777762482655599,0.77083310390660897,0.61111099639771338,0.49305555555550112,0.43263888888885815,0.30555563203111141,0.44841261556419348,0.34722221584924085,0.5416666475477161,0.33333333333333331,0.3611110983651854,0.52916666666659107,0.54166661568289098,0.49166660293700437,0.20039689549942155,0.30555568301475877,0.3472222413411048,0.25000007647554506,0.27916666666668821,0.19444446993636513,0.20000002549188969,0.20833334607929455,0.1250000701026239,0.30952385413452682,0.33333333333333331,0.5416666539206626,0.52916660293699358,0.46388883790515711,0.41666664117479402,0.2777778351344552,0.30555553006375225,0.27916671127739945,0.25000001911890768,0.4930554727070291,0.33333333333333331,0.30555556830148595,0.17500006372965998,0.2281746477853549,0.041666819617806446,0.35119048893638505,0.33333333333333331,0.20277782876150485,0.506944355222954,0.33333333333333331
0.33333333333333331,0.44444444444442105,0.37499999999999023,0.58333333333326709,0.47222222222218324,0.54166666666661401,0.65277777777770174,0.52777777777773882,0.8333333333331967,0.66666666666658081,0.74999999999989475,0.45833333333330795,0.70833333333323378,0.59722222222215016,0.62499999999993183,0.62499999999992006,0.45833333333330406,0.58333333333326698,0.43055555555553016,0.49999999999996098,0.66666666666658481,0.33333333333333331,0.23611111111113645,0.47222222222217936,0.33333333333332943,0.43055555555552633,0.1944444444444717,0.37499999999998246,0.29166666666666469,0.33333333333332943,0.26388888888890255,0.12500000000005262,0.26388888888889861,0.12500000000004483,0.20833333333335868,0.34722222222221633,0.33333333333333331,0.54166666666661012,0.43055555555552633,0.49999999999995715,0.45833333333329629,0.29166666666668029,0.4583333333332924,0.26388888888890644,0.37499999999998634,0.54166666666661012,0.33333333333333331,0.19444444444448344,0.29166666666668029,0.19444444444447559,0.23611111111114033,0.374999999999998,0.33333333333333331,0.40277777777776413,0.56944444444438791,0.33333333333333331,0.33333333333333331,0.39861111111109515,0.3611110983651854,0.52916666666659107,0.49166660293700437,0.54166661568289109,0.61111111111101468,0.58402770130216763,0.83333333333312676,0.77777767581021373,0.80555547907984448,0.52182527573911341,0.80555542809614278,0.77083310390657389,0.72222210113581597,0.58333333333323734,0.46666664117477574,0.52777780326955814,0.49404751070725872,0.56944438708769185,0.66666664117470531,0.33333333333333331,0.20277782876150974,0.46388888888883045,0.33333333333332943,0.46388883790515467,0.12301597498329447,0.27777787974516166,0.23611113660299432,0.2500000764755626,0.23888888888892151,0.055555632031181607,0.21597227320594253,0.12500001911894668,0.16666673676928731,0.29960324470572541,0.33333333333333331,0.5416666539206626,0.46388883790515717,0.52916660293699358,0.45833330784142656,0.22222231144370136,0.44444438708777828,0.23888895899146939,0.37499999999998046,0.58333322499292861,0.33333333333333331,0.17500006372966001,0.30555556830148595,0.17857147955516114,0.18750007647560207,0.38293651430944675,0.33333333333333331,0.398611098365171,0.61111099002478186,0.33333333333333331
0.33333333333333331,0.40277777777776413,0.37499999999999023,0.34722222222222021,0.33333333333333331,0.38888888888887718,0.4722222222221949,0.41666666666665497,0.44444444444441711,0.40277777777776413,0.45833333333330795,0.38888888888888112,0.38888888888887718,0.37499999999999023,0.40277777777776802,0.3888888888888733,0.34722222222222021,0.43055555555553016,0.33333333333333331,0.38888888888887718,0.44444444444442099,0.33333333333333331,0.2916666666666764,0.29166666666667251,0.2638888888889025,0.31944444444444642,0.27777777777778556,0.2500000000000156,0.25000000000001171,0.27777777777778945,0.22222222222224558,0.19444444444447562,0.27777777777778556,0.19444444444447173,0.2500000000000156,0.30555555555555947,0.33333333333333331,0.31944444444444636,0.30555555555555947,0.34722222222222021,0.30555555555555947,0.26388888888890638,0.36111111111109939,0.25000000000001948,0.31944444444444636,0.3888888888888733,0.33333333333333331,0.30555555555556335,0.37499999999999023,0.30555555555555947,0.34722222222222021,0.38888888888888107,0.33333333333333331,0.38888888888887718,0.44444444444442105,0.33333333333333331,0.33333333333333331,0.39583333333331583,0.39166663480185065,0.34305555555555578,0.33888888251592858,0.38888886339703499,0.44999999999996948,0.44374997450812381,0.44444444444440934,0.44444441895256015,0.45370370370366242,0.44047612674656567,0.43518513420146832,0.43749992352444766,0.43981477657701751,0.39722222222220216,0.38472219673036329,0.4351851596933205,0.37698407600044198,0.43518513420146887,0.44444443169849168,0.33333333333333331,0.28333336519814556,0.30277777777778525,0.26388891438075024,0.31111111748407888,0.238095301824859,0.20370375468743707,0.20833337157114246,0.20833340980890469,0.23611111111114219,0.19444446993632702,0.25486113660297827,0.19444445719040632,0.20833338431705883,0.26587306685670864,0.33333333333333331,0.31944444444444897,0.30277778415074735,0.34305554918259373,0.30555555555557046,0.25462967424037036,0.37037032575964629,0.23611116209481553,0.31944444444444831,0.39722217123852888,0.33333333333333331,0.29722224771407041,0.37777775228592581,0.29365080639672564,0.35416666666664764,0.38492062217469891,0.33333333333333331,0.39583330146851708,0.44999993627037205,0.33333333333333331
0.33333333333333331,0.34722222222223198,0.30555555555556724,0.65277777777770174,0.52777777777772705,0.54166666666662178,0.51388888888884399,0.43055555555553016,0.83333333333319692,0.66666666666657304,0.70833333333323378,0.38888888888887718,0.74999999999989464,0.62499999999992006,0.62499999999993183,0.52777777777773094,0.36111111111110716,0.41666666666665109,0.40277777777776413,0.41666666666665886,0.54166666666661789,0.33333333333333331,0.25000000000001948,0.62499999999992006,0.45833333333329629,0.52777777777772317,0.2500000000000156,0.58333333333326698,0.4583333333332924,0.48611111111107019,0.3333333333333372,0.16666666666671348,0.25000000000002337,0.25000000000001948,0.29166666666668029,0.36111111111110716,0.33333333333333331,0.66666666666658481,0.54166666666661012,0.56944444444438791,0.45833333333330406,0.29166666666668029,0.37499999999999023,0.3333333333333372,0.37499999999999811,0.48611111111107408,0.33333333333333331,0.16666666666670957,0.22222222222225341,0.2500000000000156,0.26388888888891032,0.34722222222222027,0.33333333333333331,0.34722222222222809,0.47222222222218713,0.33333333333333331,0.33333333333333331,0.32222222222224584,0.29722222859520636,0.61111111111101468,0.58611099002478462,0.54166659019107877,0.49305555555550107,0.49722214574663715,0.83333333333312676,0.77777762482655599,0.77777765031839519,0.44841261556419343,0.80555547907984448,0.77083310390660897,0.69444431061215395,0.50694444444438802,0.37361111111109757,0.30555563203112968,0.46230149808011833,0.43055554280959779,0.5416666475477161,0.33333333333333331,0.213888958991483,0.58333333333323734,0.45833330784142656,0.55833322499293492,0.2281746477853549,0.52777780326955814,0.44444438708777828,0.47916659019112312,0.32083333333334518,0.055555683014883499,0.21250005098373073,0.25000000637298941,0.30555554280965436,0.35119048893638505,0.33333333333333331,0.66666664117470531,0.58333322499292872,0.61111099002478175,0.45833328234961423,0.19444452092003928,0.30555554280968422,0.32083334607925768,0.37499998088111186,0.50694435522295389,0.33333333333333331,0.14444454641185872,0.20000005098373241,0.20039689549942158,0.18750007647558453,0.30952385413452682,0.33333333333333331,0.32222222859519623,0.49305547270702904,0.33333333333333331
0.33333333333333331,0.26388888888891032,0.27777777777779333,0.5138888888888401,0.44444444444441328,0.40277777777776025,0.45833333333330023,0.44444444444441711,0.72222222222211307,0.62499999999992006,0.59722222222215016,0.37499999999999023,0.62499999999992006,0.55555555555549319,0.49999999999995709,0.45833333333330017,0.36111111111110716,0.34722222222222027,0.37499999999999023,0.3333333333333372,0.47222222222218713,0.33333333333333331,0.33333333333333337,0.56944444444438014,0.48611111111107019,0.47222222222218324,0.27777777777778945,0.48611111111107019,0.43055555555552633,0.3888888888888733,0.3194444444444503,0.23611111111114036,0.23611111111113647,0.26388888888890638,0.23611111111113645,0.34722222222222027,0.33333333333333331,0.55555555555549707,0.48611111111107019,0.45833333333330017,0.40277777777776025,0.30555555555556724,0.31944444444444642,0.3194444444444503,0.30555555555556335,0.43055555555553016,0.33333333333333331,0.25000000000002343,0.22222222222225341,0.27777777777778945,0.22222222222225341,0.34722222222222027,0.33333333333333331,0.29166666666668029,0.43055555555553027,0.33333333333333331,0.33333333333333331,0.26111111111114965,0.25277779689669749,0.49444444444437852,0.48611105375440899,0.4027777522859125,0.44444444444440556,0.47361106012737719,0.72222222222205068,0.68518510870951554,0.66666659019098695,0.41468248232588112,0.68518510870951554,0.66666651371549468,0.56944436159586731,0.44444444444440556,0.377777777777763,0.27777782876151347,0.41468248232588112,0.34722221584925295,0.47222220947625254,0.33333333333333331,0.30277779689666801,0.51944444444436855,0.48611108561918936,0.48611105375440899,0.25396829220603773,0.4259259769095709,0.40740739466146525,0.37499999999999123,0.31111111111112266,0.17592597690969569,0.23194446993632517,0.2638888952618737,0.24537038948928169,0.33134922546808115,0.33333333333333331,0.55555554280954689,0.51944438708773322,0.49444438708774308,0.4027777522859125,0.25462967424039984,0.28703702429116196,0.3111111302299972,0.30555555555556724,0.44444438708777018,0.33333333333333331,0.26111114934889346,0.21111114934892289,0.25396829220603773,0.16666674314225266,0.33134922546808115,0.33333333333333331,0.26111113023002419,0.44444438708777018,0.33333333333333331
0.33333333333333331,0.48611111111108579,0.40277777777776413,0.59722222222216181,0.47222222222218713,0.58333333333327886,0.52777777777773882,0.40277777777776802,0.66666666666658092,0.49999999999995709,0.62499999999993183,0.40277777777776802,0.62499999999993183,0.49999999999995709,0.58333333333328274,0.51388888888884399,0.34722222222222021,0.49999999999996098,0.38888888888887718,0.4999999999999688,0.54166666666662178,0.33333333333333331,0.20833333333336257,0.4583333333332924,0.29166666666666863,0.43055555555552633,0.25000000000001166,0.4583333333332924,0.33333333333331777,0.43055555555552633,0.29166666666667251,0.12500000000004874,0.29166666666667251,0.2083333333333548,0.33333333333332943,0.34722222222221633,0.33333333333333331,0.54166666666661401,0.41666666666663943,0.51388888888884798,0.41666666666664326,0.25000000000001954,0.4166666666666432,0.2916666666666764,0.41666666666665109,0.47222222222218713,0.33333333333333331,0.16666666666670957,0.3194444444444503,0.25000000000001554,0.36111111111110716,0.3611111111111111,0.33333333333333331,0.44444444444442499,0.48611111111107796,0.33333333333333331,0.33333333333333331,0.44027777777775678,0.4027777331670459,0.54305555555548268,0.50555548545293161,0.5833332568577192,0.50694444444439268,0.45069439346072415,0.66666666666653418,0.61111100914363026,0.63888883790510032,0.46230149808012166,0.6666666156828478,0.6249998470488427,0.63888879966733603,0.49305555555550229,0.38888886339702766,0.4444444444444427,0.44841261556419176,0.52777772042107007,0.54166664754771998,0.33333333333333331,0.16111119395964685,0.44999999999994467,0.29166669215850527,0.4499999553892321,0.20039689549941991,0.41666669215847474,0.31944443807148737,0.39583333333331727,0.27916666666668244,0.05555565752302085,0.24375005098371369,0.20833334607928675,0.30555557467444661,0.30952385413452516,0.33333333333333331,0.54166665392066649,0.44999995538923349,0.54305548545292315,0.41666664117479008,0.19444452092001852,0.38888884427817727,0.27916671127739362,0.41666664754775895,0.49305547270703021,0.33333333333333331,0.147222311443722,0.3333333205874216,0.22817464778535324,0.33333333333335669,0.35119048893638838,0.33333333333333331,0.44027773316703389,0.50694435522295855,0.33333333333333331
0.33333333333333331,0.4166666666666472,0.36111111111110328,0.49999999999996098,0.43055555555553027,0.48611111111107402,0.55555555555549319,0.44444444444441711,0.63888888888880702,0.51388888888884399,0.62499999999992006,0.3888888888888733,0.52777777777773094,0.45833333333330017,0.51388888888884399,0.66666666666658869,0.54166666666662577,0.65277777777770174,0.4722222222221949,0.52777777777773882,0.63888888888881479,0.33333333333333331,0.25000000000002337,0.4166666666666472,0.3194444444444503,0.40277777777776025,0.22222222222224558,0.3333333333333372,0.29166666666667251,0.3194444444444503,0.44444444444442888,0.34722222222223198,0.43055555555554192,0.30555555555556724,0.33333333333334503,0.41666666666665497,0.33333333333333331,0.47222222222219101,0.40277777777776025,0.45833333333330406,0.61111111111104877,0.48611111111108585,0.59722222222216181,0.41666666666665497,0.4722222222221989,0.58333333333327486,0.33333333333333331,0.23611111111113645,0.31944444444444642,0.1944444444444717,0.22222222222224952,0.30555555555555947,0.33333333333333331,0.38888888888887718,0.49999999999995326,0.33333333333333331,0.33333333333333331,0.3902777777777604,0.36944443169851027,0.47083333333329036,0.44999993627036572,0.48611106012737315,0.53611111111103271,0.48611106012737137,0.63888888888876805,0.61111100914361893,0.62962957864584435,0.45634910438182125,0.62037031938654752,0.60416651371549324,0.60185174988437729,0.61666666666657399,0.57291661568290198,0.6481481481480228,0.54761892015979452,0.60648140500584236,0.63888886339694051,0.33333333333333331,0.23611116209482338,0.41805555555552654,0.3194444444444558,0.42222217123851602,0.21825399374585075,0.3240741250577609,0.30555553006373581,0.31250000000002487,0.40555555555554812,0.33333338431700316,0.42430555555552812,0.30555555555557246,0.31944446993629694,0.43650791101606123,0.33333333333333331,0.47222220947625648,0.41805550457185325,0.47083326960369298,0.61111100914365801,0.46759257984662939,0.61574063877328844,0.40555553006369971,0.47222218398441856,0.61666653920737913,0.33333333333333331,0.20833339706297371,0.31388890163481087,0.10714298460211745,0.083333486284481909,0.23412708609435462,0.33333333333333331,0.39027776503183631,0.53611100914368626,0.33333333333333331
0.33333333333333331,0.30555555555555947,0.31944444444444642,0.33333333333333331,0.33333333333333331,0.31944444444444642,0.44444444444441711,0.41666666666665497,0.47222222222219101,0.43055555555554192,0.45833333333330406,0.34722222222222021,0.36111111111110716,0.36111111111110716,0.34722222222222021,0.54166666666662577,0.49999999999997663,0.52777777777773882,0.41666666666665497,0.40277777777776802,0.51388888888885187,0.33333333333333331,0.34722222222222021,0.36111111111110716,0.36111111111110716,0.34722222222222021,0.27777777777778556,0.25000000000002337,0.29166666666667251,0.23611111111113642,0.43055555555554192,0.43055555555554192,0.41666666666665497,0.34722222222222027,0.29166666666668417,0.40277777777776802,0.33333333333333331,0.34722222222222027,0.34722222222222027,0.33333333333333331,0.52777777777773882,0.48611111111108968,0.51388888888885187,0.40277777777776802,0.38888888888888107,0.49999999999996492,0.33333333333333331,0.33333333333333331,0.31944444444444642,0.25000000000001171,0.19444444444447564,0.30555555555555947,0.33333333333333331,0.31944444444444642,0.43055555555553016,0.33333333333333331,0.33333333333333331,0.31250000000000772,0.31666666666667415,0.33749999999999769,0.3416666666666629,0.31944444444445191,0.44583333333329767,0.43958330784145838,0.47222222222217541,0.47222219673032406,0.4629629629629185,0.41071420923875435,0.45370365271996399,0.45833325685776194,0.43518513420145671,0.51249999999995199,0.55416661568291437,0.5648147893228892,0.48809514250080277,0.48148141137886358,0.51388886976995518,0.33333333333333331,0.3416666666666629,0.34999999999999448,0.36111111111109617,0.3416666666666629,0.26785716197604281,0.24074081721627463,0.29166668578555532,0.22916674314220148,0.40416666666665202,0.47222219673032406,0.43958330784145827,0.34722222222221766,0.27777783513442572,0.40476188564300286,0.33333333333333331,0.34722222222221766,0.34999999999999448,0.33749999999999769,0.52777770130220114,0.52314810353736241,0.56018508321775551,0.40416664754776577,0.38888886976999287,0.51249990440555582,0.33333333333333331,0.3416666666666629,0.31666666666667415,0.18452390511824285,0.083333486284458497,0.24404769552315436,0.33333333333333337,0.31250000000000772,0.44583325685778774,0.33333333333333337
