run_ID,t1_initial,t2_initial,t3_initial,t4_initial,t5_initial,t6_initial,t7_initial,t8_initial,t9_initial,t10_initial,t11_initial,t12_initial,alpha,prior_cost_c,lambda,k,sample_amount,learning_parameter,generations,t1_final,t2_final,t3_final,t4_final,t5_final,t6_final,t7_final,t8_final,t9_final,t10_final,t11_final,t12_final
0,0.0210691014415,0.191362703175,0.0628204267658,0.156433588212,0.0700698799142,0.0180561764739,0.000214134953533,0.0276708138235,0.0425104988828,0.0572258585931,0.257335636867,0.0952311808978,20,12,6,20,8.90131979475e-06,4.15299976344e-07,8.90131979475e-06,0.0241284818549,0.00239894849532,5.3730844792e-05,8.90131979475e-06,4.15299976344e-07,8.90131979475e-06,0.167405446064,0.638577655847,0.167399301014
1,0.0639533231773,0.0745852191542,0.110071628237,0.0358468480657,0.173459680724,0.20525587892,0.0291614808082,0.0101229092199,0.0114171393584,0.00665123299351,0.0970078301591,0.182466829183,20,12,6,20,5.45621227562e-05,2.54565039931e-06,5.45621227562e-05,0.0249759676678,0.00339833325292,0.00185363554265,5.45621227562e-05,2.54565039931e-06,5.45621227562e-05,0.16674611755,0.636062609492,0.166739996703
2,0.0325445821136,0.0814894956359,0.173135130245,0.0111351133061,0.0400729960637,0.110619199518,0.174319939842,0.0161481508319,0.0383478400878,0.174177785396,0.0856712038012,0.0623385631588,20,12,6,20,6.54945669417e-05,3.05571451523e-06,6.54945669417e-05,0.032830945744,0.000457342917171,0.00321031234059,6.54945669417e-05,3.05571451523e-06,6.54945669417e-05,0.165659972199,0.631919445881,0.165653891221
3,0.244536051015,0.0525445072122,0.0839844172821,0.127839888691,0.0430135964522,0.103888892371,0.0068971929802,0.0692729113662,0.0196656587728,0.137618566943,0.053673612417,0.0570647044971,20,12,6,20,1.49123369396e-06,6.95749992255e-08,1.49123369396e-06,1.00078782272e-05,0.000204863660468,1.85485029951e-05,1.49123369396e-06,6.95749992255e-08,1.49123369396e-06,0.171942032153,0.655882723144,0.171935720576
4,0.0199461743053,0.0362148382255,0.00602761573364,0.010125049792,0.195515142424,0.0135954056892,0.0535501574795,0.055717161769,0.286977702797,0.0236734803091,0.130715711154,0.167941560322,20,12,6,20,1.7709082363e-05,8.26234946728e-07,1.7709082363e-05,0.0398613566852,0.00131347195701,0.000474425725739,1.7709082363e-05,8.26234946728e-07,1.7709082363e-05,0.164807786289,0.628668733951,0.164801736593
5,0.0308846973149,0.0764636762913,0.118596208421,0.0870855252846,0.218174279955,0.0254976015099,0.0537037844117,0.104171868189,0.166657124546,0.0402111669745,0.0551528871852,0.0234011799169,20,12,6,20,0.000603310847944,2.81480709217e-05,0.000603310847944,0.0269782582326,0.00494420153358,0.0144659971701,0.000603310847944,2.81480709217e-05,0.000603310847944,0.163580470423,0.62398706733,0.163574465778
6,0.0880018469196,0.0342333924634,0.114043026169,0.0756054665839,0.00109759315804,0.0552897122004,0.141141920175,0.131228344496,0.199523472776,0.025584914673,0.116707489593,0.0175428207933,20,12,6,20,0.00030333193049,1.41522545489e-05,0.00030333193049,0.00353792332973,0.00505535204968,0.00345489113412,0.00030333193049,1.41522545489e-05,0.00030333193049,0.16969760382,0.647321222804,0.169691374631
7,0.204057202817,0.0649069197119,0.0438329345041,0.126376627889,0.0388198517175,0.01154519404,9.45219897233e-05,0.0982229231506,0.0607105916807,0.263663513221,0.0291295279175,0.0586401913611,20,12,6,20,5.19224576851e-05,2.42249418576e-06,5.19224576851e-05,0.020405708207,0.00307824824208,0.000833215369854,5.19224576851e-05,2.42249418576e-06,5.19224576851e-05,0.167764528198,0.639947395197,0.167758369967
8,0.174227532777,0.0840270303722,0.000770335385766,0.090519998056,0.116156358225,0.291477181716,0.0483491423702,0.0685009843188,0.0382058200202,0.0226060067902,0.0418039195212,0.0233556904476,20,12,6,20,0.000189109926931,8.82311275089e-06,0.000189109926931,0.228855512489,0.00136362298744,0.000808437776181,0.000189109926931,8.82311275089e-06,0.000189109926931,0.13211722908,0.503968732359,0.132112379375
9,0.0303951606047,0.0150234979687,0.14665310747,0.0766079335463,0.159496023509,0.153928649681,0.098062683759,0.0167351405194,0.0280520928505,0.0977083753377,0.0749476091223,0.102389725632,20,12,6,20,5.05475115642e-05,2.35834469954e-06,5.05475115642e-05,0.0172479183878,0.00575372407149,0.000511844157589,5.05475115642e-05,2.35834469954e-06,5.05475115642e-05,0.167903716508,0.640478336972,0.167897553167
10,0.588905604368,0.0183766999007,0.0375660594804,0.0122299221719,0.0531246401756,0.046150691646,0.0216035675016,0.0325504718715,0.014961753748,0.122133268066,0.0069232749784,0.0454740460922,20,12,6,20,6.15773176661e-05,2.87295133303e-06,6.15773176661e-05,0.0313770730785,0.011107968038,0.000421413795689,6.15773176661e-05,2.87295133303e-06,6.15773176661e-05,0.164560686479,0.627726157582,0.164554645853
11,0.0122980449198,0.0440671152248,0.154372155543,0.244211728869,0.337493440134,0.0177920043175,0.090336844244,0.0315030579218,0.0344154634498,0.00205437917785,0.0151553512203,0.0163004149776,20,12,6,20,4.62007492205e-07,2.15554215563e-08,4.62007492205e-07,5.3067151831e-06,1.89911263931e-05,1.09083970372e-06,4.62007492205e-07,2.15554215563e-08,4.62007492205e-07,0.171978534613,0.656021963868,0.171972221696
12,0.0679348256946,0.0657671640887,0.105792391432,0.152098459501,0.0446763793735,0.106276295024,0.0850356948148,0.109017803833,0.0184552062838,0.0123874215452,0.18931309495,0.0432452634613,20,12,6,20,4.77468028102e-05,2.22767483191e-06,4.77468028102e-05,0.0402323492047,0.00119337979989,0.00169563358691,4.77468028102e-05,2.22767483191e-06,4.77468028102e-05,0.164533462383,0.627622309709,0.164527422756
13,0.0143237950662,0.059848360154,0.0444889212006,0.108328235786,0.127158094919,0.0105303290324,0.000980598585369,0.171160900204,0.0738452410233,0.096880090476,0.26638756056,0.0260678729923,20,12,6,20,3.41461834744e-05,1.59312433618e-06,3.41461834744e-05,0.0157966732056,0.00313669254952,7.1909475188e-05,3.41461834744e-05,1.59312433618e-06,3.41461834744e-05,0.16869059947,0.643479947072,0.168684407245
14,0.0332737546673,0.0661536424325,0.0360462196109,0.23914226275,0.0657387940095,0.0787169704526,0.0326939334655,0.00255353380277,0.097261828443,0.225014885211,0.0808676122071,0.0425365629479,20,12,6,20,9.83304574758e-05,4.58770582399e-06,9.83304574758e-05,0.0414182953221,0.00206335347785,0.00027747541686,9.83304574758e-05,4.58770582399e-06,9.83304574758e-05,0.164388168149,0.627068076537,0.164382133856
15,0.010815592005,0.0941448014665,0.158439356735,0.0966583957902,0.00559007544633,0.0618734081266,0.0365332061123,0.152335553876,0.0756169881801,0.196319789868,0.0424835771579,0.0691892552359,20,12,6,20,2.91491849101e-05,1.35998437117e-06,2.91491849101e-05,0.0198976418753,6.5307676761e-05,0.00586822716014,2.91491849101e-05,1.35998437117e-06,2.91491849101e-05,0.167520176703,0.639015302435,0.167514027441
16,0.080444763563,0.0152949603815,0.11277501141,0.128655826736,0.0064043937006,0.153883637441,0.0724610826871,0.0974088466318,0.0604684748396,0.0560530308681,0.0373753165797,0.178774655162,20,12,6,20,5.39684764541e-05,2.51795323744e-06,5.39684764541e-05,0.00200131303993,0.00150891470484,0.00280241772316,5.39684764541e-05,2.51795323744e-06,5.39684764541e-05,0.170859564369,0.651753587824,0.170853292527
17,0.0333411947157,0.033694303484,0.0536115162465,0.0907826864876,0.00253776862516,0.11773566817,0.177533862482,0.0789713568065,0.126658833579,0.0683019600236,0.0254742960347,0.191356553346,20,12,6,20,3.01389656054e-05,1.40616357928e-06,3.01389656054e-05,0.0651041661723,0.000431577007079,0.000280650628201,3.01389656054e-05,1.40616357928e-06,3.01389656054e-05,0.160642693277,0.612780748256,0.160636796471
18,0.0711516934271,0.165892120844,0.00164647007507,0.0433776309054,0.0493115506015,0.127702950175,0.134005698589,0.0718389998497,0.0963383846909,0.061256910746,0.12043452644,0.0570430636561,20,12,6,20,0.000173258653422,8.08355573404e-06,0.000173258653422,0.0533329572222,0.00581683721256,0.00043930887078,0.000173258653422,8.08355573404e-06,0.000173258653422,0.161612929247,0.616481768897,0.161606996826
19,0.0104974380073,0.0262962938238,0.0350850142705,0.125799025726,0.00156120537778,0.279831262047,0.0257763295475,0.188861447743,0.0263578016893,0.0865770647873,0.134092303568,0.0592648134124,20,12,6,20,8.86902133242e-05,4.13793059285e-06,8.86902133242e-05,0.00367194583176,0.00246921003729,0.00171612625237,8.86902133242e-05,4.13793059285e-06,8.86902133242e-05,0.170569469331,0.650647003696,0.170563208137
20,0.0212245941225,0.020799411667,0.047306613013,0.115329929269,0.0581655431559,0.053429473251,0.00275597626128,0.00626325637989,0.128837950607,0.451924651575,0.00698252084172,0.0869800798567,20,12,6,20,1.96429297114e-05,9.16460528616e-07,1.96429297114e-05,0.0178244339429,0.000841631757886,1.13148405222e-05,1.96429297114e-05,9.16460528616e-07,1.96429297114e-05,0.168757201872,0.643734005745,0.168751007202
21,0.0501485980129,0.0478918812739,0.0721717114533,0.0303749980557,0.110055947263,0.126754149243,0.0372501867,0.095299410605,0.336951835925,0.0363048135152,0.0348535890605,0.0219428788928,20,12,6,20,6.00540441598e-05,2.80188148432e-06,6.00540441598e-05,0.196310573952,0.00499467118199,0.000162000734979,6.00540441598e-05,2.80188148432e-06,6.00540441598e-05,0.137291962444,0.523708048961,0.137286922787
22,0.0594891474649,0.0611191565799,0.129270613133,0.0949642376507,0.00978718694967,0.0450906055935,0.0445771106398,0.00319773984139,0.103163816993,0.282197488454,0.0868422819468,0.0803006147531,20,12,6,20,1.97727163328e-06,9.22515853221e-08,1.97727163328e-06,0.00580021464506,3.12756842093e-05,0.00311211801715,1.97727163328e-06,9.22515853221e-08,1.97727163328e-06,0.170443683706,0.650167187229,0.170437427129
23,0.100640094623,0.0245404502141,0.195075708898,0.0894656295349,0.132020284705,0.00672083608806,0.028747395886,0.114228406958,0.0214869542637,0.00888344295124,0.173729199055,0.104461596824,20,12,6,20,1.86455845666e-05,8.69928393541e-07,1.86455845666e-05,0.0109810182442,0.00418274774847,0.00149312938347,1.86455845666e-05,8.69928393541e-07,1.86455845666e-05,0.169105393541,0.645062202797,0.16909918609
24,0.118589943337,0.035151826403,0.0583095995511,0.0534294590241,0.072945692997,0.0406623480982,0.0161832643027,0.164460132126,0.0583827430666,0.118536487445,0.253231810475,0.0101166931749,20,12,6,20,2.56917118931e-05,1.19867251009e-06,2.56917118931e-05,0.00932209242048,0.00169822282357,0.00210505837188,2.56917118931e-05,1.19867251009e-06,2.56917118931e-05,0.169707795707,0.64736010034,0.169701566144
25,0.0341117894799,0.105528113142,0.00915307212626,0.176899523636,0.0265784601255,0.00225804044649,0.084414953909,0.0134407272886,0.146155922678,0.243616850408,0.0699300413162,0.0879125054444,20,12,6,20,1.19794362268e-08,5.589125766e-10,1.19794362268e-08,3.08699689223e-07,5.83200193323e-07,5.01231963408e-08,1.19794362268e-08,5.589125766e-10,1.19794362268e-08,0.17198305584,0.656039210345,0.171976742757
26,0.0327100231142,0.0825860661266,0.00357550567219,0.0279254451009,0.0559256377144,0.191105736337,0.0807642261554,0.031734450351,0.0527076370931,0.124752594917,0.314031219916,0.00218145750179,20,12,6,20,3.71220149215e-05,1.73196472818e-06,3.71220149215e-05,0.0142681356472,0.000350192443679,0.00109036990628,3.71220149215e-05,1.73196472818e-06,3.71220149215e-05,0.16925546053,0.645634641914,0.16924924757
27,0.123144562893,0.0907444854294,0.0505874058431,0.108217595236,0.158043708751,0.0349703622672,0.0391006539976,0.0183020465985,0.179323541719,0.129522592482,0.0640917797507,0.00395126503386,20,12,6,20,0.000105559945635,4.92500482357e-06,0.000105559945635,0.024169668423,0.00182282061168,0.0119953496642,0.000105559945635,4.92500482357e-06,0.000105559945635,0.16537564303,0.63083485599,0.165369572489
28,0.0289097654028,0.0296656913705,0.00176124546806,0.097010139423,0.0121148670089,0.0294148621131,0.31980822987,0.00532291726098,0.16998738424,0.0166966929657,0.133266213342,0.156041991534,20,12,6,20,2.37321105656e-05,1.10724535055e-06,2.37321105656e-05,0.047279046288,0.000129781173495,0.00237848377573,2.37321105656e-05,1.10724535055e-06,2.37321105656e-05,0.163403936916,0.623313670163,0.163397938751
29,0.187431080312,0.0620993262506,0.00109947466801,0.20958008608,0.0785676619957,0.0603076310028,0.00290145119106,0.0704394655688,0.0812055970189,0.156840168987,0.0220619955237,0.0674660614021,20,12,6,20,3.56015883884e-05,1.66102770785e-06,3.56015883884e-05,0.0753196246903,0.000944635848421,0.00112152573416,3.56015883884e-05,1.66102770785e-06,3.56015883884e-05,0.158649106251,0.605176096441,0.158643282625
30,0.0449038655747,0.137109583826,0.0828907157846,0.0868400378647,0.0786851128399,0.0314264098222,0.0104251742109,0.128558877766,0.129476468001,0.152236388375,0.0673540030703,0.0500933628645,20,12,6,20,0.000139009188288,6.48561268875e-06,0.000139009188288,0.0384722738255,0.00119724307475,0.00311670550978,0.000139009188288,6.48561268875e-06,0.000139009188288,0.164526853887,0.627597101222,0.164520814503
31,0.0769326130177,0.0774761071473,0.000511535414158,0.0396036236151,0.265823027601,0.171985939205,0.00906228047059,0.0505848308263,0.0446586118952,0.0831466862913,0.145884017751,0.0343307267649,20,12,6,20,4.79085416966e-05,2.2352209214e-06,4.79085416966e-05,0.0325424387701,0.00230054023566,0.000382131629951,4.79085416966e-05,2.2352209214e-06,4.79085416966e-05,0.165891371409,0.632802131411,0.165885281937
32,0.00720304813195,0.175344948409,0.289015003661,0.12957602824,0.0223258196237,0.131153404508,0.0573380436722,0.0430870960266,0.0219672466517,0.0421092349509,0.079394080465,0.00148604565919,20,12,6,20,0.000207981205613,9.70357112909e-06,0.000207981205613,0.0224897429801,0.01662870352,0.00713241770403,0.000207981205613,9.70357112909e-06,0.000207981205613,0.163882438623,0.625138942314,0.163876422894
33,0.0335363366744,0.100738032408,0.0582360882585,0.0663838035713,0.116491681224,0.0327996495634,0.174068189127,0.13105670488,0.049638859271,0.118073381901,0.0858472755429,0.0331299975781,20,12,6,20,7.08373405077e-05,3.30498695873e-06,7.08373405077e-05,0.0193765506347,0.00536253525121,0.00500684146442,7.08373405077e-05,3.30498695873e-06,7.08373405077e-05,0.166817557589,0.636335121607,0.166811434118
34,0.00379513093707,0.205528458475,0.049324101851,0.06042071782,0.0815403283998,0.0264467000437,0.0131217114528,0.118506903814,0.308038093794,0.057911822749,0.0593924213438,0.0159736093201,20,12,6,20,0.000826183855666,3.854643397e-05,0.000826183855666,0.027462327818,0.0103383119943,0.0062852999138,0.000826183855666,3.854643397e-05,0.000826183855666,0.163819566397,0.62489911261,0.163813552976
35,0.150229391678,0.0116961205249,0.0632180329295,0.0802936580372,0.145369271018,0.090017993018,0.0653104079725,0.0407430643144,0.0808768647435,0.0698118433844,0.0625928542165,0.139840498163,20,12,6,20,0.000127178557595,5.93364278316e-06,0.000127178557595,0.0490437251471,0.00147164159179,0.0017965876948,0.000127178557595,5.93364278316e-06,0.000127178557595,0.1628969163,0.621379611004,0.162890936747
36,0.0718643200258,0.0214104484079,0.204417497784,0.112024563539,0.0414969186876,0.027022096348,0.0509912264953,0.082652606225,0.0702331421891,0.0760905503454,0.209645089649,0.0321515403031,20,12,6,20,5.57424654432e-05,2.60072046772e-06,5.57424654432e-05,0.018207155362,0.0036457463203,0.00106566570853,5.57424654432e-05,2.60072046772e-06,5.57424654432e-05,0.168002375487,0.640854677295,0.167996208525
37,0.047785803596,0.0491034773308,0.112749050913,0.060971135772,0.0873993227195,0.141253869787,0.0435712694473,0.202837957331,0.0835511485036,0.105102728525,0.000974667775153,0.0646995682988,20,12,6,20,0.00010150844116,4.73597783077e-06,0.00010150844116,0.0381161824809,0.00402015691518,0.0127320811181,0.00010150844116,4.73597783077e-06,0.00010150844116,0.16247531829,0.619771401263,0.162469354213
38,0.127744459303,0.145285994766,0.00553015081658,0.0238087607287,0.0378348961201,0.0547327282018,0.0343899314687,0.0323037406268,0.0934072535333,0.179346873626,0.133896720833,0.131718489975,20,12,6,20,5.53101106859e-06,2.58054852416e-07,5.53101106859e-06,0.0102018905147,0.000540022333639,0.000294900668573,5.53101106859e-06,2.58054852416e-07,5.53101106859e-06,0.170081185762,0.648784418075,0.170074942492
39,0.0308532980536,0.0316725233823,0.211584708051,0.0707847057713,0.0851118937563,0.129852106576,0.275507238219,0.0160310119558,0.04834988804,0.0171001497231,0.0220628716826,0.0610896047891,20,12,6,20,0.000356369008012,1.66267524378e-05,0.000356369008012,0.0999907625665,0.0178857156391,0.00632245767324,0.000356369008012,1.66267524378e-05,0.000356369008012,0.15037221558,0.573603423226,0.150366695778
40,0.100919894112,0.0283716756197,0.0102275381457,0.229762847347,0.198298805466,0.0449262709106,0.00385183202297,0.0449056154099,0.146583999291,0.0691425167277,0.120925517196,0.00208348775147,20,12,6,20,0.00017305220944,8.07392388362e-06,0.00017305220944,0.00687663176681,0.00468919896773,0.00497119766296,0.00017305220944,8.07392388362e-06,0.00017305220944,0.16901730932,0.644726200494,0.169011105102
41,0.0185391603698,0.093286540482,0.010085774373,0.157109690255,0.00501759474544,0.035452360751,0.107754575585,0.144306122103,0.29220859411,0.0183406524623,0.0882612434577,0.0296376913056,20,12,6,20,7.07888923065e-05,3.30272655945e-06,7.07888923065e-05,0.106591479268,0.00384380789604,0.00428443084562,7.07888923065e-05,3.30272655945e-06,7.07888923065e-05,0.152203525028,0.580589057936,0.152197938004
42,0.00596805032392,0.0276085132868,0.00565025510732,0.000907824623514,0.113603285196,0.26780043718,0.0420418635612,0.0737984887871,0.0158128109887,0.129340005419,0.243809061082,0.0736594044442,20,12,6,20,6.43131063261e-05,3.00059228875e-06,6.43131063261e-05,0.0112996989189,0.00146030672337,0.00104304273554,6.43131063261e-05,3.00059228875e-06,6.43131063261e-05,0.169564058288,0.646811805725,0.169557834
43,0.162218578892,0.0736651281413,0.190357639222,0.0121126968921,0.0120076242258,0.079403593511,0.0351857314462,0.0307681705915,0.061693382214,0.11271348735,0.162862455914,0.0670115116006,20,12,6,20,2.32473997731e-05,1.08463068381e-06,2.32473997731e-05,0.0205995656414,0.000608475086084,0.000494932518767,2.32473997731e-05,1.08463068381e-06,2.32473997731e-05,0.168234313199,0.641739416972,0.168228137723
44,0.175875919562,0.00340065601287,0.146085410882,0.0302096712013,0.250395581011,0.0795387315393,0.133792914226,0.0587476991396,0.0726748263176,0.0170245795454,0.0143774794556,0.0178765311076,20,12,6,20,0.00277553801678,0.000129495501711,0.00277553801678,0.0577504535033,0.0352348391498,0.0156126341171,0.00277553801678,0.000129495501711,0.00277553801678,0.151352278432,0.577341929073,0.151346722655
45,0.0172026087007,0.249554645323,0.051757713726,0.0681303104906,0.000660039886986,0.0904677066011,0.0943813990338,0.187358808354,0.0924709764957,0.0799813401685,0.0622881477343,0.00574630348593,20,12,6,20,0.000111357562382,5.19549843049e-06,0.000111357562382,0.0868337696138,0.000495989816685,0.00921092945441,0.000111357562382,5.19549843049e-06,0.000111357562382,0.155301453534,0.592406283542,0.155295752793
46,0.0723897808232,0.161390484846,0.0620056492491,0.0221865613934,0.0660875769783,0.0274811315235,0.106821434027,0.251560223595,0.0563748552702,0.0329686096244,0.048384997912,0.0923486947576,20,12,6,20,7.69442432517e-05,3.58991061315e-06,7.69442432517e-05,0.0525688915646,0.00207896009044,0.00610350842277,7.69442432517e-05,3.58991061315e-06,7.69442432517e-05,0.161480844092,0.615977922516,0.16147491652
47,0.00176060685113,0.136811697934,0.0452179675873,0.136177792103,0.0406682218333,0.0483273338911,0.134215884278,0.0644381187301,0.044624808567,0.101942659717,0.18244860288,0.0633663056278,20,12,6,20,4.55578189992e-05,2.12554560322e-06,4.55578189992e-05,0.0235700754634,0.000596718148974,0.00152587725908,4.55578189992e-05,2.12554560322e-06,4.55578189992e-05,0.167532446018,0.639062104438,0.167526296306
48,0.0793108795979,0.00661405650823,0.0321699920156,0.0120151147683,0.0297943950201,0.134316522553,0.147192277726,0.0908714852175,0.198406234394,0.168899390089,0.0689049574442,0.0315046946669,20,12,6,20,1.48437658501e-05,6.92550739503e-07,1.48437658501e-05,0.0232012559246,0.0045787175511,0.000156339909484,1.48437658501e-05,6.92550739503e-07,1.48437658501e-05,0.16716819925,0.637672664292,0.167162062908
49,0.0131710329644,0.110361268401,0.018663271069,0.0286970868413,0.148411577861,0.0144376047127,0.100799068332,0.0429564598664,0.20927121401,0.0621059796299,0.0370946835352,0.214030752777,20,12,6,20,4.0907645036e-05,1.9085870868e-06,4.0907645036e-05,0.0330713215032,0.00405887613293,5.84303927291e-05,4.0907645036e-05,1.9085870868e-06,4.0907645036e-05,0.165558607851,0.631532785773,0.165552530594
50,0.0478010026849,0.094156633872,0.0246203995274,0.100732736225,0.124247217263,0.0431416597881,0.0531300789383,0.0261042915852,0.0884420428484,0.0851207676054,0.0743588713556,0.238144298307,20,12,6,20,1.58679330822e-05,7.40334285885e-07,1.58679330822e-05,0.00443174362334,0.000130979925731,0.00382392097512,1.58679330822e-05,7.40334285885e-07,1.58679330822e-05,0.170529693379,0.650495276051,0.170523433645
51,0.0349971473298,0.00785794812631,0.105656320369,0.0575213025438,0.0957312037049,0.180024159952,0.0308409324325,0.179473141267,0.153395481925,0.0553496252209,0.0754106364177,0.0237421007104,20,12,6,20,0.000159802204055,7.45573163238e-06,0.000159802204055,0.0914448690099,0.00053738459074,0.00408704477414,0.000159802204055,7.45573163238e-06,0.000159802204055,0.155348420688,0.592585442436,0.155342718222
52,0.0631086617143,0.159328650777,0.048117538265,0.0993280532441,0.043317653102,0.145762577107,0.0596778098668,0.0220045291008,0.108787805506,0.104613619764,0.0164308161391,0.129522285415,20,12,6,20,0.000158970821747,7.41694265945e-06,0.000158970821747,0.0587487611915,0.000459768548885,0.00228535205859,0.000158970821747,7.41694265945e-06,0.000158970821747,0.161295397658,0.615270526478,0.161289476893
53,0.0740926491158,0.0796955755497,0.0807988518201,0.038941836267,0.00941700953563,0.115803002542,0.00599841790683,0.0814937598568,0.0633631761497,0.108134631511,0.162704230249,0.179556859496,20,12,6,20,6.07223764672e-05,2.83306319645e-06,6.07223764672e-05,0.00397913902337,0.00174185974959,0.0005942531473,6.07223764672e-05,2.83306319645e-06,6.07223764672e-05,0.170854361486,0.651733741128,0.170848089834
54,0.107575824075,0.0239792664284,0.0226649154293,0.303909334316,0.0240700179394,0.00554461560913,0.052680359877,0.047366033288,0.0134046234264,0.0116649015995,0.354519249222,0.0326208587902,20,12,6,20,2.42495054211e-05,1.13138492493e-06,2.42495054211e-05,0.0220708140232,0.00297122475131,0.00184747056816,2.42495054211e-05,1.13138492493e-06,2.42495054211e-05,0.167341610524,0.638334151524,0.167335467817
55,0.0259597091068,0.0986736332915,0.145162725439,0.0972789360648,0.0472413169847,0.25733524656,0.0686008226004,0.0680560219425,0.0596449900994,0.0294910732453,0.09091204235,0.0116434823163,20,12,6,20,0.000164992455557,7.69788800646e-06,0.000164992455557,0.10766479736,0.00891761103089,0.00375303536113,0.000164992455557,7.69788800646e-06,0.000164992455557,0.151171396878,0.576651946032,0.151165847741
56,0.0763745803228,0.0689712734164,0.100979234401,0.0043001880225,0.278911560619,0.06135594612,0.0337683083559,0.0293390215541,0.0486338819889,0.185053030434,0.0522470048991,0.0600659698671,20,12,6,20,0.00011007413415,5.1356188029e-06,0.00011007413415,0.0127638928147,0.0026611681659,0.000968337991447,0.00011007413415,5.1356188029e-06,0.00011007413415,0.169086346541,0.644989546924,0.169080139789
57,0.0477484432699,0.000336655674744,0.118048369653,0.0138444873588,0.275033885852,0.0664015342425,0.0130765110578,0.0732103741445,0.0416408914777,0.250655255523,0.060156448485,0.0398471432615,20,12,6,20,1.21330781245e-05,5.66080892976e-07,1.21330781245e-05,0.0313260378116,0.0020053630321,0.00170344431433,1.21330781245e-05,5.66080892976e-07,1.21330781245e-05,0.165949279126,0.633023023713,0.165943187528
58,0.042165748557,0.16677399854,0.0298233152529,0.118940198118,0.240921873102,0.0355572050951,0.0400766246408,0.0774776950505,0.071658985217,0.058858973714,0.038745795268,0.0789995874447,20,12,6,20,8.96473209654e-05,4.18258540696e-06,8.96473209654e-05,0.0254758382084,0.0103708540151,0.000791785739579,8.96473209654e-05,4.18258540696e-06,8.96473209654e-05,0.165618912628,0.631762821797,0.165612833157
59,0.059857155012,0.0563914476873,0.183363978514,0.138379813627,0.0664429877414,0.120312413194,0.0335282193085,0.00529351695991,0.138662608929,0.0903654592204,0.0393252243142,0.0680771754912,20,12,6,20,0.000142224772663,6.63563899334e-06,0.000142224772663,0.0531133886219,0.00816718022253,0.00209550915213,0.000142224772663,6.63563899334e-06,0.000142224772663,0.160983480384,0.614080700182,0.160977571069
60,0.0411161290406,0.0602593834661,0.0586704507563,0.0527584824669,0.0855221162524,0.0198866316019,0.0498191664284,0.00781850077765,0.033690163574,0.0257059600432,0.19618526356,0.368567752032,20,12,6,20,9.16459935575e-06,4.27583547542e-07,9.16459935575e-06,0.00870782440905,0.000522834863343,0.000351618360427,9.16459935575e-06,4.27583547542e-07,9.16459935575e-06,0.170328783559,0.649728894044,0.1703225312
61,0.0921919935071,0.217786103848,0.00103930722942,0.040393693774,0.198143642008,0.0933913118866,0.039096376949,0.0900952163011,0.122158418255,0.0444142166551,0.0607517390405,0.000537980545417,20,12,6,20,0.000205865907884,9.60487979823e-06,0.000205865907884,0.133826629064,0.0177887702954,0.000591079595238,0.000205865907884,9.60487979823e-06,0.000205865907884,0.145661339285,0.555633515962,0.145655992408
62,0.0307619197574,0.136186549937,0.238839482447,0.121778104552,0.052658423024,0.170579104409,0.0303611651738,0.0414369858127,0.0367786488306,0.0276371797107,0.0140169946235,0.0989654417216,20,12,6,20,0.00015334213399,7.15433060343e-06,0.00015334213399,0.101344384644,0.00329019042825,0.00282139580563,0.00015334213399,7.15433060343e-06,0.00015334213399,0.153394651781,0.585132679111,0.153389021033
63,0.00732023914102,0.0902107844168,0.155397112002,0.0122982403375,0.121129566563,0.0326019542201,0.0787374483874,0.189308502536,0.047376889063,0.089282326762,0.100605792864,0.0757311437072,20,12,6,20,0.000115166463717,5.37320653116e-06,0.000115166463717,0.0284000594924,0.00258906476712,0.00212131653848,0.000115166463717,5.37320653116e-06,0.000115166463717,0.16620771085,0.634008826318,0.166201609766
64,0.00151406778638,0.0456610516745,0.0626092784256,0.0117221642576,0.200872889148,0.00972171744406,0.00825159610317,0.00106408375946,0.205287849885,0.210023722161,0.216515379602,0.0267561997537,20,12,6,20,4.28848141665e-05,2.00083388975e-06,4.28848141665e-05,0.00831955427955,0.00143729758313,2.79054275989e-05,4.28848141665e-05,2.00083388975e-06,4.28848141665e-05,0.170270222064,0.649505507867,0.170263971854
65,0.325329291492,0.144348990914,0.00667317145221,0.0610334433288,0.102590491554,0.110704165722,0.0704536087854,0.074724294078,0.0580173006596,0.0121405196586,0.0107802670331,0.0232044553225,20,12,6,20,0.000709452399528,3.31002111524e-05,0.000709452399528,0.240135470834,0.00729312820605,0.0124411023663,0.000709452399528,3.31002111524e-05,0.000709452399528,0.126790555611,0.483649831526,0.126785901436
66,0.0391790603477,0.196757554137,0.267982663501,0.131627823684,0.00538963046365,0.0889560013974,0.0395509903365,0.0364343597958,0.010745444341,0.0262841862965,0.105486835657,0.0516054500424,20,12,6,20,0.000206833477591,9.6500227305e-06,0.000206833477591,0.0443201918754,0.0129985784258,0.000609814858245,0.000206833477591,9.6500227305e-06,0.000206833477591,0.161874874476,0.617480973969,0.16186893244
67,0.0130988009074,0.0303354604579,0.0156483819882,0.0853044230974,0.13028537367,0.00726133719048,0.0687691606564,0.243031790703,0.262232603391,0.00885930524661,0.107357814735,0.0278155479572,20,12,6,20,3.88519861565e-05,1.81267826612e-06,3.88519861565e-05,0.139621907279,0.00471019809856,0.000100025564508,3.88519861565e-05,1.81267826612e-06,3.88519861565e-05,0.147115971366,0.561182293296,0.147110571094
68,0.157020581713,0.0551489040962,0.0500672146562,0.0526799308774,0.0171515566299,0.0443860642442,0.157995216384,0.206282466291,0.0550013234388,0.0769307049969,0.0979332140031,0.0294028226701,20,12,6,20,0.000112738306685,5.25991843667e-06,0.000112738306685,0.0155424856385,0.00706041772404,0.00194708858701,0.000112738306685,5.25991843667e-06,0.000112738306685,0.167681673838,0.6396313425,0.167675518648
69,0.10675626004,0.200281424363,0.0157908684844,0.0257296425126,0.319140720043,0.0425466847269,0.0026011795352,0.106028860079,0.0149912837741,0.00091990047316,0.0362191734717,0.128994002497,20,12,6,20,7.51592434161e-05,3.50662966082e-06,7.51592434161e-05,0.0888645619308,0.00324303884088,0.00372510542557,7.51592434161e-05,3.50662966082e-06,7.51592434161e-05,0.15544869761,0.592967954496,0.155442991463
70,0.0473542072444,0.0169468612136,0.0332350198752,0.0676994743563,0.00853088289533,0.127147295928,0.191658007811,0.00831603436453,0.0115219290209,0.0599814117069,0.20821626172,0.219392613864,20,12,6,20,1.79991842487e-05,8.39769940307e-07,1.79991842487e-05,0.00430393264015,0.00041387186576,0.00112977964695,1.79991842487e-05,8.39769940307e-07,1.79991842487e-05,0.170964868813,0.652155277652,0.170958593105
71,0.0162862591961,0.0968687714581,0.11982523004,0.016558402198,0.0659183338897,0.0254367887722,0.0167031154278,0.0554926281737,0.227664049589,0.0119688650354,0.0983925431633,0.248885013057,20,12,6,20,4.55854098496e-05,2.12683288194e-06,4.55854098496e-05,0.0207349333659,0.00287690537235,0.000389107426197,4.55854098496e-05,2.12683288194e-06,4.55854098496e-05,0.167823374867,0.640171869187,0.167817214476
72,0.0298986921034,0.0309670968089,0.0587794110296,0.0512621140326,0.121096980899,0.177312764898,0.123993871895,0.0196805319792,0.084210690765,0.251560896967,0.00406277467323,0.0471741739486,20,12,6,20,6.8905016862e-05,3.21483246671e-06,6.8905016862e-05,0.0212210286312,0.00177272942291,0.00145186312352,6.8905016862e-05,3.21483246671e-06,6.8905016862e-05,0.167730481664,0.639817522744,0.167724324682
73,0.0268869594386,0.0733484905535,0.0134316409987,0.00782521611244,0.0220600815976,0.137500493652,0.250295474496,0.0329462763862,0.0483192646516,0.151946179495,0.00319953704557,0.232240385572,20,12,6,20,4.58815657379e-05,2.14065033107e-06,4.58815657379e-05,0.0205017944355,0.0022248862495,0.000624971609837,4.58815657379e-05,2.14065033107e-06,4.58815657379e-05,0.167934834034,0.640597036557,0.167928669551
74,0.00996648120702,0.00510587044732,0.20694726567,0.125021137056,0.066879638205,0.0182449180279,0.145657999838,0.0573246051957,0.126879227085,0.0179688686807,0.151367831979,0.0686361566093,20,12,6,20,4.86973864394e-05,2.27202526171e-06,4.86973864394e-05,0.069932187581,0.000538115673866,0.00356206888472,4.86973864394e-05,2.27202526171e-06,4.86973864394e-05,0.15921661804,0.607340902642,0.159210773582
75,0.0403996081475,0.00294371011381,0.287692277843,0.130402291946,0.0477200655548,0.0275178500902,0.0501642328645,0.135636592671,0.191012558556,0.0309336782488,0.0517223289394,0.00385480502515,20,12,6,20,0.000139397866224,6.50374684653e-06,0.000139397866224,0.169067110291,0.0105835674952,0.00217601229681,0.000139397866224,6.50374684653e-06,0.000139397866224,0.14061395205,0.536379968457,0.140608790451
76,0.078873822151,0.176733108043,0.243701769845,0.0321264827829,0.0880398053288,0.0360854573555,0.123297310369,0.080630807278,0.00577224398719,0.108523072866,0.0109277365457,0.0152883834481,20,12,6,20,3.57519739132e-05,1.66804409489e-06,3.57519739132e-05,0.132593985349,0.00275154918598,0.0012763558571,3.57519739132e-05,1.66804409489e-06,3.57519739132e-05,0.148461384084,0.566314447115,0.148455934425
77,0.0498022097713,0.213694426283,0.0862232955346,0.0725344285247,0.0296186463628,0.00570901402151,0.0939265147239,0.159138796932,0.0260615372282,0.0904184201782,0.16826250966,0.00461020077947,20,12,6,20,2.39848424878e-05,1.11903681111e-06,2.39848424878e-05,0.0540024574369,8.95742384064e-05,0.00156084702213,2.39848424878e-05,1.11903681111e-06,2.39848424878e-05,0.162394979781,0.619464945424,0.162389018653
78,0.112564395033,0.00500359010105,0.124505622146,0.0382000208239,0.270660004626,0.0179796410739,0.136404749711,0.0529668392856,0.143585845669,0.0229064133014,0.0680587650324,0.00716411319794,20,12,6,20,0.000384560462419,1.79420529346e-05,0.000384560462419,0.0689586640931,0.0272690694186,0.00742962228257,0.000384560462419,1.79420529346e-05,0.000384560462419,0.153885176547,0.58700381391,0.153879527794
79,0.069446119468,0.265322584579,0.0852610919653,0.0349907319958,0.0133130610145,0.0693110530079,0.0252247603504,0.0913367070305,0.0358495712138,0.204409599909,0.053754830017,0.0517798894491,20,12,6,20,2.62847293982e-05,1.2263403348e-06,2.62847293982e-05,0.0317428875069,0.00266984170816,0.000252861513873,2.62847293982e-05,1.2263403348e-06,2.62847293982e-05,0.1660028222,0.633227266835,0.165996728637
80,0.124888243413,0.126609711665,0.15031686415,0.0878985600253,0.0468211324168,0.0271029620679,0.0521865308497,0.120026418104,0.0424041733133,0.0727960896432,0.00144704429999,0.147502270051,20,12,6,20,0.000200230359237,9.34194764055e-06,0.000200230359237,0.0378806888064,0.00738960576241,0.00124728377878,0.000200230359237,9.34194764055e-06,0.000200230359237,0.163842024713,0.62498478114,0.163836010467
81,0.1055013053,0.0480774089624,0.0164936314534,0.0259561727186,0.144229043615,0.18576201793,0.246995699716,0.0939440890179,0.0513991019197,0.00514767110035,0.0363600526538,0.0401338056136,20,12,6,20,0.000246836249983,1.15163920792e-05,0.000246836249983,0.00420753504907,0.0257907835254,0.00542494389798,0.000246836249983,1.15163920792e-05,0.000246836249983,0.165717251289,0.632137940247,0.165711168208
82,0.106014132341,0.0608857933672,0.0148808369663,0.0790206671425,0.00990497765098,0.000561732583873,0.00417865823068,0.00501727781378,0.0642849346744,0.374431992626,0.151879523025,0.128939473578,20,12,6,20,1.68601031231e-05,7.86624971309e-07,1.68601031231e-05,0.00596174423017,0.000591386216306,0.000372053893519,1.68601031231e-05,7.86624971309e-07,1.68601031231e-05,0.170780341548,0.651451387837,0.170774072613
83,0.076870130755,0.105849764863,0.0260271115398,0.00127190919721,0.0209667589159,0.0648809823099,0.234342064555,0.0966938309034,0.000840266541234,0.00523157774273,0.206064651031,0.160960951646,20,12,6,20,1.70132828674e-05,7.93771725462e-07,1.70132828674e-05,0.0231690862374,0.00157646911986,0.0006211072601,1.70132828674e-05,7.93771725462e-07,1.70132828674e-05,0.16760860878,0.639352631655,0.167602456273
84,0.0692670312771,0.0858062377369,0.15160686356,0.07102599977,0.0202281395341,0.00132278910422,0.0651793939709,0.207910549006,0.20543259093,0.0184787626466,0.0933375741849,0.010404068279,20,12,6,20,0.000380192883367,1.77382791664e-05,0.000380192883367,0.0866452976311,0.00874566517121,0.00754445168955,0.000380192883367,1.77382791664e-05,0.000380192883367,0.154012413034,0.587489164772,0.15400675961
85,0.104605854961,0.0494251694188,0.0783965227528,0.0655392455235,0.0778094188757,0.113690708367,0.0361592137688,0.0703081055178,0.102426305583,0.187769905749,0.0444275486932,0.0694420007893,20,12,6,20,3.98634089887e-05,1.85986720978e-06,3.98634089887e-05,0.0208788353715,0.000630763536919,0.00391389400716,3.98634089887e-05,1.85986720978e-06,3.98634089887e-05,0.167582748868,0.639253987538,0.167576597309
86,0.0358774486488,0.0468134732488,0.0665807699822,0.0205668636064,0.198308457771,0.0561150479168,0.0613229314724,0.0254113944616,0.209476221497,0.116395616006,0.0911716209325,0.0719601544555,20,12,6,20,1.69393809588e-05,7.90323758015e-07,1.69393809588e-05,0.0408453706554,0.00187496659689,0.000380885171173,1.69393809588e-05,7.90323758015e-07,1.69393809588e-05,0.164558613994,0.627718251968,0.164552573444
87,0.0869239702053,0.00585987492157,0.281066156042,0.0628939991205,0.00415115898427,0.0266784440862,0.200134203165,0.0301320838316,0.165607511092,0.00549726343052,0.0554538479996,0.075601487121,20,12,6,20,0.000205042029549,9.56644093062e-06,0.000205042029549,0.0242874238817,0.00699593166627,0.0149066588534,0.000205042029549,9.56644093062e-06,0.000205042029549,0.163894972893,0.625186755003,0.163888956703
88,0.0983912120201,0.145903600591,0.0323478297855,0.0765511259118,0.043540437471,0.0257671361217,0.120345743506,0.0074238870393,0.0785157889143,0.0351629040827,0.228003411938,0.108046922619,20,12,6,20,6.92855729624e-05,3.23258769213e-06,6.92855729624e-05,0.00743743968122,0.00189531834804,0.00153004658555,6.92855729624e-05,3.23258769213e-06,6.92855729624e-05,0.170066230374,0.648727369891,0.170059987653
89,0.0419813185375,0.0257880781583,0.00311296305845,0.255340858692,0.0753416819699,0.060920855643,0.18006879114,0.118738917857,0.0999822263633,0.0686340073174,0.0112556205908,0.0588346806721,20,12,6,20,5.88469055193e-05,2.74556122391e-06,5.88469055193e-05,0.137005968819,0.00470577172185,0.000620241296481,5.88469055193e-05,2.74556122391e-06,5.88469055193e-05,0.147463085742,0.562506380949,0.147457672728
90,0.312337672405,0.0396544649821,0.0742113545615,0.0685037317457,0.0150059819367,0.0401562114673,0.194762559177,0.021519391987,0.00322102270605,0.060068440334,0.0724747697941,0.0980843989035,20,12,6,20,0.000154151574698,7.19209586912e-06,0.000154151574698,0.0346370617846,0.000778809129841,0.00633172499021,0.000154151574698,7.19209586912e-06,0.000154151574698,0.164694820272,0.628237818611,0.164688774722
91,0.00438958143855,0.00945966491757,0.251709723785,0.0561938134624,0.0272004391358,0.0686223263788,0.0451072098068,0.0583048435106,0.107715072142,0.188461347397,0.0976005785503,0.0852353994751,20,12,6,20,3.61014393178e-05,1.68434875281e-06,3.61014393178e-05,0.0307219737641,0.00133033903073,0.000145063938237,3.61014393178e-05,1.68434875281e-06,3.61014393178e-05,0.166420402829,0.634820152045,0.166414293938
92,0.14027742005,0.0355438346938,0.182866911058,0.00935557093039,0.081288530242,0.13442143923,0.00192826739414,0.323959368908,0.0644403627535,0.0042542739723,0.000355339872001,0.0213086808951,20,12,6,20,0.000742596745713,3.4646593768e-05,0.000742596745713,0.467287820582,0.0248332231303,0.00602887118104,0.000742596745713,3.4646593768e-05,0.000742596745713,0.0857870227455,0.32723950848,0.0857838737109
93,0.0972475011578,0.130352111372,0.019413906614,0.124084017921,0.113042665669,0.0211716441278,0.0654628092258,0.0404291800291,0.0541237937377,0.130364748851,0.0345661151298,0.169741506164,20,12,6,20,6.3910818048e-05,2.98182312685e-06,6.3910818048e-05,0.031160730351,0.000339980468411,0.0036977362055,6.3910818048e-05,2.98182312685e-06,6.3910818048e-05,0.165884691804,0.632776651676,0.165878602577
94,0.0265716660869,0.0265656846492,0.0154189784995,0.0475761819632,0.226437484004,0.0853718931122,0.0815708109777,0.0528829268862,0.0492804550153,0.12721208412,0.0155948612143,0.245516973471,20,12,6,20,6.13933093718e-05,2.86436624205e-06,6.13933093718e-05,0.0221732917716,0.000918592793565,0.00273161623919,6.13933093718e-05,2.86436624205e-06,6.13933093718e-05,0.167498797579,0.638933750544,0.167492649103
95,0.138574943756,0.353517212071,0.0473439327189,0.0590727549838,0.0870362462846,0.0453831925368,0.0152610198776,0.011715228139,0.0821924450072,0.113493460668,0.0254783616915,0.0209312022659,20,12,6,20,6.14130738763e-05,2.86528837477e-06,6.14130738763e-05,0.0795871343764,0.0125510851918,0.000723744303644,6.14130738763e-05,2.86528837477e-06,6.14130738763e-05,0.155969292502,0.594953793508,0.155963567245
96,0.0795656530769,0.021128024989,0.134344971832,0.0632925508891,0.0300480701764,0.191353546366,0.051632515628,0.0799065318755,0.075832819495,0.0070446654833,0.0303541613905,0.235496488799,20,12,6,20,8.39761084166e-05,3.91798931429e-06,8.39761084166e-05,0.0300965668307,0.00280788814598,0.00108363576953,8.39761084166e-05,3.91798931429e-06,8.39761084166e-05,0.166078727198,0.633516810794,0.166072630849
97,0.0227500107612,0.0559905654848,0.17570862178,0.0525870051617,0.041879412686,0.142892290954,0.100212743009,0.142521330745,0.139244909172,0.00353385266694,0.0638266935819,0.0588525639969,20,12,6,20,0.000174293787514,8.13185095023e-06,0.000174293787514,0.0795319342588,0.00245336761685,0.0146620111462,0.000174293787514,8.13185095023e-06,0.000174293787514,0.155238810064,0.59216732644,0.155233111622
98,0.093383981095,0.0520933070319,0.0283083148401,0.028374686355,0.235790213944,0.0886160208595,0.074578376241,0.229542139012,0.047906680194,0.021354116541,0.0870663255808,0.0129858383065,20,12,6,20,0.000191400232693,8.92996925654e-06,0.000191400232693,0.0161509605417,0.0127322153112,0.0043112741291,0.000191400232693,8.92996925654e-06,0.000191400232693,0.166139595555,0.633748996623,0.166133496971
99,0.159881334096,0.118743284336,0.00782974335136,0.0572467347811,0.18465069109,0.0635595101381,0.235913706519,0.0616852945,0.0300779866211,0.0391435555778,0.0272572678292,0.0140108911601,20,12,6,20,0.000246359757702,1.14941608553e-05,0.000246359757702,0.06390752624,0.0309109228296,0.0096850101619,0.000246359757702,1.14941608553e-05,0.000246359757702,0.153836951619,0.586819857161,0.153831304636
100,0.269759320477,0.0198995570907,0.119793523559,0.152299857101,0.10117464537,0.00367284343596,0.00230652809327,0.0464934718526,0.0488472137645,0.0588828921375,0.0677879892818,0.109082157837,20,12,6,20,4.36617183887e-05,2.03708113314e-06,4.36617183887e-05,0.0567260016881,0.000398751880639,0.00215467599806,4.36617183887e-05,2.03708113314e-06,4.36617183887e-05,0.161757421716,0.617032943691,0.161751483991
101,0.229444620888,0.0676108133886,0.0950038348301,0.0206184639525,0.0245069478648,0.0151206825569,0.0555896339566,0.0212339641673,0.187551733958,0.0420756683156,0.0669926499655,0.174250986156,20,12,6,20,3.31126042088e-05,1.54490166197e-06,3.31126042088e-05,0.025384695419,0.00275973239231,0.00238186918864,3.31126042088e-05,1.54490166197e-06,3.31126042088e-05,0.166709904596,0.635924473106,0.166703785078
102,0.147596765161,0.342996356711,0.0222846121096,0.0143792275827,0.118345559514,0.0445447993121,0.0200399003372,0.00846099130394,0.0775675377298,0.00197882114738,0.102628158939,0.099177270153,20,12,6,20,0.000258268369664,1.20497690551e-05,0.000258268369664,0.0115752870994,0.00402588867583,0.00477031518012,0.000258268369664,1.20497690551e-05,0.000258268369664,0.16829785552,0.641981802796,0.168291677712
103,0.0369086685363,0.0477000256074,0.0115450435508,0.111415860813,0.0794438874391,0.104692568984,0.0862071393099,0.155164240413,0.0387974790145,0.305345764588,0.00941902677668,0.0133602949671,20,12,6,20,3.86801357973e-05,1.80466041576e-06,3.86801357973e-05,0.00171615608155,0.00294655617008,0.000522059580858,3.86801357973e-05,1.80466041576e-06,3.86801357973e-05,0.171064302417,0.652534572827,0.171058023059
104,0.0632453185872,0.0286726295238,0.0488425258898,0.0140829714051,0.0232077118402,0.225036880541,0.19476453843,0.117240123905,0.0552816335845,0.00396052172433,0.0876405969944,0.138024547574,20,12,6,20,5.61516322353e-05,2.61981055357e-06,5.61516322353e-05,0.00209010892781,0.00597492340758,0.000688994084613,5.61516322353e-05,2.61981055357e-06,5.61516322353e-05,0.170438150896,0.650146082011,0.170431894523
105,0.0100472157307,0.0997513364481,0.0697967272505,0.123779049986,0.0854417120662,0.0914099060079,0.0520054491917,0.0472756883544,0.138361525938,0.184029083854,0.0147383397163,0.0833639654573,20,12,6,20,7.52883136961e-05,3.51265156381e-06,7.52883136961e-05,0.0209727184466,0.00191028751812,0.00393436984986,7.52883136961e-05,3.51265156381e-06,7.52883136961e-05,0.16731808593,0.638244415612,0.167311944086
106,0.0403181169494,0.0299659991773,0.0233394055608,0.164429024031,0.00394336376246,0.00510076382578,0.0432224128221,0.201969832661,0.0229266344641,0.0758576541605,0.302870703046,0.0860560895401,20,12,6,20,3.87031368375e-05,1.80573355229e-06,3.87031368375e-05,0.00296751269964,0.00242608207131,9.34745264646e-05,3.87031368375e-05,1.80573355229e-06,3.87031368375e-05,0.171012296132,0.652336191874,0.171006018683
107,0.0847846350546,0.0653862666898,0.0623298343653,0.0245797021928,0.0907642451423,0.08397596902,0.172819873794,0.00511080154689,0.0380447580548,0.0547475643376,0.061913481603,0.255542868198,20,12,6,20,5.88814170766e-06,2.74717139513e-07,5.88814170766e-06,0.0230686663322,0.000772575005402,0.000186149772668,5.88814170766e-06,2.74717139513e-07,5.88814170766e-06,0.167846772903,0.640261122333,0.167840611653
108,0.00164130731009,0.0990907898251,0.235210199049,0.0762146857074,0.0199679450407,0.0327828753954,0.0977023526667,0.00094841172952,0.0055734623077,0.0138573448112,0.11722324079,0.299787385368,20,12,6,20,3.86111342301e-05,1.80144107864e-06,3.86111342301e-05,0.0234550690145,0.000771264777872,0.000208361538935,3.86111342301e-05,1.80144107864e-06,3.86111342301e-05,0.167753687044,0.639906040995,0.167747529211
109,0.0744251087815,0.0588375472297,0.0900212668196,0.111066541832,0.0538587808277,0.129214121878,0.18987497006,0.015731618502,0.0284481692558,0.0764671659911,0.082976456083,0.0890782527386,20,12,6,20,8.97957051187e-05,4.18950841802e-06,8.97957051187e-05,0.0685515086678,0.00204996506988,0.000397302723553,8.97957051187e-05,4.18950841802e-06,8.97957051187e-05,0.159709413177,0.609220697896,0.159703550629
110,0.150069249876,0.124721452673,0.176723509769,0.0655804107701,0.00389872457972,0.0118854106262,0.137374301592,0.144984577618,0.0758111863347,0.0244425266993,0.0115045609004,0.0730040885609,20,12,6,20,3.57975037259e-05,1.67016833384e-06,3.57975037259e-05,0.192507372662,0.00325153193319,0.000600048041064,3.57975037259e-05,1.67016833384e-06,3.57975037259e-05,0.138187579338,0.527124430868,0.138182506806
111,0.0344426699375,0.0678111708328,0.0879217252811,0.0228657121576,0.0409150424623,0.042487986246,0.265227022185,0.0285859633658,0.00642661199455,0.262964755692,0.0218602953174,0.118491044528,20,12,6,20,2.04804974011e-05,9.55538086744e-07,2.04804974011e-05,0.019321313534,0.000743743374452,0.00154379436226,2.04804974011e-05,9.55538086744e-07,2.04804974011e-05,0.168252448446,0.641808594913,0.168246272305
112,0.0260025728702,0.174389255086,0.0119069120528,0.0035748503441,0.0783041380674,0.136638635049,0.0714707609352,0.100428666995,0.054667807765,0.0289574003228,0.10197225618,0.211686744332,20,12,6,20,1.35697422059e-05,6.33109892356e-07,1.35697422059e-05,0.0144722981322,0.00175265165722,0.000519556339961,1.35697422059e-05,6.33109892356e-07,1.35697422059e-05,0.169093899258,0.645018357195,0.169087692229
113,0.0321474062857,0.00518455160289,0.00797430747034,0.124645294447,0.1096090071,0.155114921747,0.214809874238,0.0323933361917,0.00166716292247,0.175737868756,0.132270976149,0.00844529309056,20,12,6,20,4.53240575826e-05,2.11463923058e-06,4.53240575826e-05,0.033288143496,0.00280769284364,0.00182602856351,4.53240575826e-05,2.11463923058e-06,4.53240575826e-05,0.165429394337,0.631039893428,0.165423321823
114,0.00274644728827,0.0145834459493,0.194368905913,0.0589303111201,0.407528235515,0.0108257712354,0.0535378887216,0.00291212134358,0.0362650869821,0.0406251297813,0.0517081311978,0.125968524952,20,12,6,20,6.3566080557e-05,2.96573905447e-06,6.3566080557e-05,0.0357790816288,0.00434085289042,0.0005206280603,6.3566080557e-05,2.96573905447e-06,6.3566080557e-05,0.164948981902,0.629207332696,0.164942927022
115,0.0758924151071,0.120475460736,0.0455381376912,0.0361839487374,0.0657520093204,0.0298410581588,0.163746772154,0.0280362312468,0.353745622317,0.039617564261,0.0265502903464,0.0146204899241,20,12,6,20,0.000336295921576,1.5690222517e-05,0.000336295921576,0.126997184327,0.00646800590696,0.0099351599434,0.000336295921576,1.5690222517e-05,0.000336295921576,0.147084025471,0.56106043385,0.147078626371
116,0.0640761142228,0.101418360776,0.0132546921728,0.0628124085057,0.0924774582822,0.0916505311534,0.0113696355489,0.12917368142,0.0919965096185,0.0670960372117,0.111252912109,0.163421658979,20,12,6,20,3.4552306223e-05,1.61207239914e-06,3.4552306223e-05,0.0209794173474,0.000456081458313,0.00204844369296,3.4552306223e-05,1.61207239914e-06,3.4552306223e-05,0.167920057921,0.64054067223,0.167913893981
117,0.270895212549,0.259582498182,0.0105211269642,0.0575035994287,0.00270459705891,0.00933749691495,0.00767938744094,0.0745586688832,0.00766099781323,0.281270358333,0.0129046536957,0.00538140273727,20,12,6,20,2.64692300141e-05,1.23494839554e-06,2.64692300141e-05,0.0307709051509,0.00080365159446,0.000426845798657,2.64692300141e-05,1.23494839554e-06,2.64692300141e-05,0.166460887995,0.634974585027,0.166454777617
118,0.0846048669033,0.0344132298378,0.0481296127692,0.116084208912,0.0854846309601,0.113247423132,0.0146699186386,0.280261260167,0.0319677852659,0.0711741478938,0.0250550438781,0.0949078716424,20,12,6,20,0.000128075203717,5.97547670462e-06,0.000128075203717,0.0654718043476,0.00675375206735,0.000703984701277,0.000128075203717,5.97547670462e-06,0.000128075203717,0.159350406002,0.60785124448,0.159344556633
119,0.137590656557,0.0203429520217,0.0884266533204,0.092742153997,0.0541681852354,0.158139132157,0.0526890683731,0.199522659432,0.0600351093712,0.00100066023176,0.124283387973,0.0110593813298,20,12,6,20,0.000495395365178,2.31131661577e-05,0.000495395365178,0.0289221560766,0.00303785954973,0.016351071907,0.000495395365178,2.31131661577e-05,0.000495395365178,0.163325780659,0.62301553865,0.163319785364
120,0.00752038337591,0.0363847818252,0.0370313321208,0.0156580678739,0.0191148383399,0.104647456292,0.335404405843,0.204265627563,0.025062521926,0.0333062080833,0.0680422535199,0.113562123237,20,12,6,20,4.74641563061e-07,2.21448767662e-08,4.74641563061e-07,1.45699006799e-05,5.15114768841e-05,1.0412473814e-05,4.74641563061e-07,2.21448767662e-08,4.74641563061e-07,0.171969736487,0.655988402912,0.171963423893
121,0.0243116119103,0.0556027218484,0.123638330448,0.0687776889996,0.003163980751,0.0928395982449,0.0451952750832,0.174058982889,0.00687756691498,0.073769844001,0.188095201567,0.143669197343,20,12,6,20,3.18927312761e-05,1.48798727042e-06,3.18927312761e-05,0.00936215774177,0.000800419442669,0.00197165380798,3.18927312761e-05,1.48798727042e-06,3.18927312761e-05,0.169873890214,0.647993677341,0.169867654553
122,0.0796798474434,0.13395920152,0.0182042458267,0.0414718408742,0.116156664752,0.0577723827728,0.229371392279,0.0875460821534,0.0329483685032,0.145384866872,0.0406041050275,0.0169010019763,20,12,6,20,1.86509713126e-07,8.7017971756e-09,1.86509713126e-07,3.59735630452e-06,1.27665290727e-05,3.39429793502e-07,1.86509713126e-07,8.7017971756e-09,1.86509713126e-07,0.171980222296,0.65602840163,0.171973909317
123,0.305502407804,0.0233642521836,0.210157495035,0.00325924494858,0.187110107643,0.018659168021,0.085705201257,0.0190344738776,0.016197704912,0.0257707905022,0.0575782980254,0.0476608557894,20,12,6,20,0.000724591919778,3.38065606092e-05,0.000724591919778,0.0199136859887,0.0112056600919,0.00304091619074,0.000724591919778,3.38065606092e-05,0.000724591919778,0.165598135222,0.631683565193,0.165592056514
124,0.0873538320566,0.00914469678825,0.29531943969,0.0449964605601,0.042422269374,0.0877074805566,0.0205796443839,0.00761997530851,0.168460767034,0.0910213219751,0.0012604667224,0.14411364555,20,12,6,20,9.40278276927e-05,4.38696232883e-06,9.40278276927e-05,0.0095256819617,0.00676956012173,0.000970199747454,9.40278276927e-05,4.38696232883e-06,9.40278276927e-05,0.168947666091,0.644460542412,0.16894146443
125,0.00509588010665,0.088546466873,0.259945608321,0.00661797503639,0.0608705133481,0.160478687594,0.0938178685464,0.146229384809,0.0388631564781,0.0700873876398,0.0330982423527,0.0363488288953,20,12,6,20,0.000191913788123,8.95392969866e-06,0.000191913788123,0.0452222317348,0.00708120632888,0.00527128556334,0.000191913788123,8.95392969866e-06,0.000191913788123,0.161946235902,0.617753186212,0.161940291246
126,0.0891108502734,0.0329238315426,0.0484140852165,0.211583033684,0.0456402127808,0.00202992750982,0.0470227946272,0.144103076548,0.0312299477531,0.107476853196,0.0290206999667,0.211444686902,20,12,6,20,5.05440596625e-08,2.35818364761e-09,5.05440596625e-08,2.85930891124e-06,1.87594566909e-06,9.05992032481e-07,5.05440596625e-08,2.35818364761e-09,5.05440596625e-08,0.171982220503,0.656036023906,0.171975907451
127,0.0764645901477,0.17324093753,0.0550110173026,0.0323584957585,0.0333652540165,0.0983499824667,0.00961161133459,0.00949009077582,0.025599323754,0.139495631038,0.199614474013,0.147398591862,20,12,6,20,2.59985501514e-05,1.21298835586e-06,2.59985501514e-05,0.00512665018114,0.00171083638351,0.000550229867736,2.59985501514e-05,1.21298835586e-06,2.59985501514e-05,0.170694360493,0.651123408183,0.170688094715
128,0.0378017515527,0.113765263728,0.345218166639,0.0946614471938,0.0403102403182,0.016036629244,0.112823556253,0.0229079556144,0.0417336581003,0.0153192667825,0.112974368774,0.0464476957993,20,12,6,20,0.000106067112661,4.94866720832e-06,0.000106067112661,0.0588331218884,0.00209682591896,0.00792627070286,0.000106067112661,4.94866720832e-06,0.000106067112661,0.160066442444,0.610582606471,0.160060566791
129,0.0882006086403,0.0302849976986,0.0228975595879,0.150610390447,0.167326155765,0.0922812374964,0.0343695228285,0.0167021770711,0.00838465589778,0.281027781285,0.0379270708687,0.069987842414,20,12,6,20,1.8902011369e-05,8.81892242432e-07,1.8902011369e-05,0.0360212275205,0.000651979869956,0.000455538345865,1.8902011369e-05,8.81892242432e-07,1.8902011369e-05,0.165584398149,0.63163116434,0.165578319945
130,0.0497761329846,0.0178891619071,0.0371928408452,0.000307788806036,0.0994518838534,0.0535574143002,0.194528521289,0.218217690158,0.00141850008871,0.0496230541976,0.0916716433458,0.186365368225,20,12,6,20,2.25352430663e-05,1.0514043005e-06,2.25352430663e-05,0.00299443547017,0.00338165147925,0.000239202551586,2.25352430663e-05,1.0514043005e-06,2.25352430663e-05,0.170829643071,0.65163945132,0.170823372327
131,0.0192982767994,0.058564867766,0.0808588538124,0.105644854917,0.0645119789749,0.0103728789927,0.0598492749542,0.253986107808,0.0773791017365,0.0708408750054,0.144555650799,0.054137278434,20,12,6,20,6.02462495405e-05,2.81084901856e-06,6.02462495405e-05,0.0286696430506,0.000846637348175,0.00143576036444,6.02462495405e-05,2.81084901856e-06,6.02462495405e-05,0.166617582239,0.635572304191,0.16661146611
132,0.0629807214252,0.0375557484335,0.176981262736,0.00943848882436,0.0881401065025,0.0696214667321,0.00280806813396,0.156944599107,0.122488612813,0.123647960225,0.0423244697186,0.107068495348,20,12,6,20,6.8104992987e-05,3.1775065528e-06,6.8104992987e-05,0.0144857489893,0.00517193997081,0.00107142118394,6.8104992987e-05,3.1775065528e-06,6.8104992987e-05,0.168370222423,0.642257850489,0.168364041959
133,0.0582929278365,0.168802059251,0.199117765176,0.146377208066,0.0415323554549,0.139348143232,0.0102556204083,0.0216029800839,0.0700928631361,0.048702595209,0.014822892165,0.0810525899817,20,12,6,20,6.81610592018e-05,3.18012237812e-06,6.81610592018e-05,0.111745609768,0.00506538393088,0.0024145649634,6.81610592018e-05,3.18012237812e-06,6.81610592018e-05,0.15143044596,0.577640103583,0.151424887314
134,0.0745175077869,0.0666285856754,0.0334004665819,0.13233514758,0.0824843321211,0.105442326552,0.0405295326402,0.104937169246,0.125324482334,0.00610161067504,0.0264340543946,0.201864784414,20,12,6,20,0.000153715195181,7.17173614635e-06,0.000153715195181,0.0432870107312,0.00748719619347,0.00160892096859,0.000153715195181,7.17173614635e-06,0.000153715195181,0.16286599437,0.621261657532,0.162860015952
135,0.141820227378,0.0880636313928,0.13073759176,0.0154496327874,0.0230226725723,0.0966932981994,0.176206862359,0.0760540393779,0.148594149083,0.0368499683144,0.0573628667535,0.00914506002202,20,12,6,20,0.000607969658104,2.83654323685e-05,0.000607969658104,0.14272892445,0.0178752867631,0.00118463691779,0.000607969658104,2.83654323685e-05,0.000607969658104,0.143730259116,0.54826730013,0.143724983125
136,0.0400546752885,0.0710200314823,0.117071244114,0.00329548783223,0.0992679897375,0.35776068984,0.0697270184391,0.0303291662867,0.0771671860522,0.0147114037348,0.0303011176441,0.0892939895483,20,12,6,20,0.000187343160847,8.74068251248e-06,0.000187343160847,0.0637844803682,0.00467299342449,0.00503106353822,0.000187343160847,8.74068251248e-06,0.000187343160847,0.159212544514,0.607325363942,0.159206700205
137,0.0909007911467,0.128911296769,0.116118919859,0.103010924431,0.0411726822795,0.0495137653554,0.2432240892,0.0332989002992,0.092781670278,0.00607614134018,0.051443996421,0.0435468226209,20,12,6,20,0.000174063640844,8.12111322722e-06,0.000174063640844,0.116085452856,0.011999961958,0.00631644185967,0.000174063640844,8.12111322722e-06,0.000174063640844,0.148745823859,0.567399458918,0.148740363759
138,0.115054690999,0.0689965982414,0.117828014761,0.127177866819,0.0754552813834,0.0186147087933,0.232693537535,0.0484940985246,0.0355296175623,0.0509210937783,0.0637211031952,0.0455133884077,20,12,6,20,0.000108085017529,5.04281457783e-06,0.000108085017529,0.0688017044604,0.00596023735463,0.0060192210007,0.000108085017529,5.04281457783e-06,0.000108085017529,0.158014131482,0.602753948839,0.158008331164
139,0.021123907242,0.0982838343645,0.0165390484114,0.0547769966157,0.0992014912404,0.136453400834,0.0157363280203,0.302393411508,0.0992397828877,0.0262605665395,0.0139261681457,0.116065064191,20,12,6,20,8.49913833514e-05,3.96535798164e-06,8.49913833514e-05,0.123879182178,0.00126069176976,0.00116780979973,8.49913833514e-05,3.96535798164e-06,8.49913833514e-05,0.15020059101,0.572948751484,0.150195077509
140,0.0553246206905,0.0717779482096,0.041273884534,0.0405713580852,0.0710561045559,0.287058174576,0.0514828844747,0.134386785738,0.0709098124454,0.14981918273,0.0130784811521,0.0132607628085,20,12,6,20,2.38402593848e-05,1.11229114186e-06,2.38402593848e-05,0.122059832913,0.00118539461241,0.000643952220118,2.38402593848e-05,1.11229114186e-06,2.38402593848e-05,0.150659582361,0.574699600262,0.150654052011
141,0.0657963131927,0.165015773911,0.13730244423,0.00758645390261,0.126811453135,0.0563817884958,0.0340368065326,0.0382870696032,0.154684818715,0.106057990548,0.0184424798506,0.0895966078836,20,12,6,20,7.94031461881e-05,3.70463318855e-06,7.94031461881e-05,0.0195722226468,0.00918469068245,0.00156903649661,7.94031461881e-05,3.70463318855e-06,7.94031461881e-05,0.166711773287,0.635931601335,0.1667056537
142,0.0729576514661,0.110168374214,0.0370372452984,0.0100017458769,0.184426135424,0.00815160007879,0.0457246077083,0.10765916481,0.00337280289361,0.0536420443906,0.153820249617,0.213038378222,20,12,6,20,1.9522083858e-05,9.10822344479e-07,1.9522083858e-05,0.00450957084423,0.00189434533334,0.000756911038779,1.9522083858e-05,9.10822344479e-07,1.9522083858e-05,0.170737940942,0.651289648298,0.170731673564
143,0.00881156138953,0.0303071323501,0.00501295122813,0.244191775534,0.149774004655,0.0643455977553,0.0746422316022,0.0966545898655,0.138840944932,0.0719949122417,0.000829154270336,0.114595144176,20,12,6,20,0.000186113683963,8.68332003896e-06,0.000186113683963,0.00802898746482,0.00393866953848,0.00627663601799,0.000186113683963,8.68332003896e-06,0.000186113683963,0.168714493412,0.643571091881,0.16870830031
144,0.0716083362521,0.193076621092,0.0677298857376,0.0741001572415,0.0824281085293,0.181807867113,0.0324754069196,0.00511131851972,0.075868529525,0.0555200473158,0.156988054919,0.00328566683478,20,12,6,20,2.85880828869e-05,1.33380559517e-06,2.85880828869e-05,0.079422653809,0.000392894022984,0.00138537211875,2.85880828869e-05,1.33380559517e-06,2.85880828869e-05,0.157997904628,0.602692050573,0.157992104906
145,0.0881814595138,0.000937837448605,0.011649838896,0.221378006341,0.0362432637122,0.00738700885212,0.0836435038808,0.100667030831,0.169575629834,0.149181069734,0.0651901137685,0.0659652371877,20,12,6,20,2.76099560799e-05,1.28817011086e-06,2.76099560799e-05,0.0508468932735,0.0032086628463,0.000591027686852,2.76099560799e-05,1.28817011086e-06,2.76099560799e-05,0.162565493612,0.620115380192,0.162559526225
146,0.0477524653638,0.150733240486,0.0423956895328,0.044710085604,0.0211957509403,0.0529206471942,0.00592751442021,0.109557217241,0.014321882755,0.159204041363,0.301757730497,0.0495237346028,20,12,6,20,1.56889511764e-05,7.31983706086e-07,1.56889511764e-05,0.0134569144019,0.000560104828715,0.000567549380858,1.56889511764e-05,7.31983706086e-07,1.56889511764e-05,0.169463880398,0.646429671431,0.169457659788
147,0.11433393989,0.041229089012,0.106849303795,0.0433545880443,0.0720630522667,0.0677866872562,0.0101121942375,0.0326560520086,0.0205664042651,0.0795882031427,0.382863729921,0.028596756161,20,12,6,20,1.90581311278e-05,8.89176165901e-07,1.90581311278e-05,0.00857374100324,0.0015045197511,0.000328676883777,1.90581311278e-05,8.89176165901e-07,1.90581311278e-05,0.170179991012,0.649161316358,0.170173744115
148,0.148046878076,0.109358007952,0.0485214294375,0.0582414233057,0.0447099593106,0.0915205197837,0.0222055347103,0.0358469720324,0.00381127898888,0.154667491618,0.0866425006276,0.196428004158,20,12,6,20,5.19031075992e-06,2.42159138815e-07,5.19031075992e-06,4.37107075119e-06,6.27825503806e-05,3.54576930842e-05,5.19031075992e-06,2.42159138815e-07,5.19031075992e-06,0.17196192498,0.655958605472,0.171955612673
149,0.0838182926285,0.00722467354829,0.00457647650822,0.0445243333534,0.0834762554989,0.015296968385,0.0312305318027,0.0955160555136,0.0298166914932,0.0532371273061,0.435002725835,0.116279868127,20,12,6,20,2.29267565034e-06,1.06967075142e-07,2.29267565034e-06,0.00573015527284,0.000454825891475,0.000114188528527,2.29267565034e-06,1.06967075142e-07,2.29267565034e-06,0.170898260758,0.651901197416,0.170891987496
150,0.104155469711,0.139893124479,0.0241789360081,0.0869372360657,0.014930005736,0.0515871901144,0.166910469329,0.0222753265597,0.0379065054247,0.062154620384,0.265697229306,0.0233738868826,20,12,6,20,1.92731705332e-05,8.99209044398e-07,1.92731705332e-05,0.0241242478692,0.00141201853006,0.000772955871575,1.92731705332e-05,8.99209044398e-07,1.92731705332e-05,0.167444913412,0.638728206304,0.167438766913
151,0.0307797706829,0.0068601856683,0.0214148164036,0.033146699416,0.0333952905284,0.0426651152542,0.0600148311282,0.037855528272,0.113895087553,0.0727809408784,0.207612598417,0.339579135798,20,12,6,20,9.16267477374e-06,4.27493754243e-07,9.16267477374e-06,0.00179549749184,0.000853543923903,0.00013913998113,9.16267477374e-06,4.27493754243e-07,9.16267477374e-06,0.171497255504,0.654186097159,0.171490960254
152,0.061020782253,0.0281750739546,0.0968432816945,0.0302052165852,0.177257484956,0.0961273141577,0.0128032669289,0.0545149945962,0.0231664951843,0.127039227469,0.141782320154,0.151064542067,20,12,6,20,1.85215374438e-05,8.64140850979e-07,1.85215374438e-05,0.0174787516555,0.000735873418389,0.000935652163733,1.85215374438e-05,8.64140850979e-07,1.85215374438e-05,0.168676661011,0.643426778022,0.168670469298
153,0.0185666832752,0.117979761755,0.0607124605648,0.126865122752,0.388338671005,0.0412478838571,0.0831956560097,0.00982229822168,0.00778674629987,0.0281675439345,0.0936432668125,0.023673905512,20,12,6,20,7.41206339241e-05,3.45817229636e-06,7.41206339241e-05,0.078985913927,0.00803240970704,0.00280223511494,7.41206339241e-05,3.45817229636e-06,7.41206339241e-05,0.156483417287,0.596914951926,0.156477673158
154,0.0613018054289,0.00585579519891,0.0487140845068,0.0348821925015,0.152547065507,0.104566912448,0.161303555971,0.212357179656,0.0208529785464,0.0719753414868,0.0461556576942,0.079487431054,20,12,6,20,8.87188698602e-05,4.1392675922e-06,8.87188698602e-05,0.0581839788649,0.00823522192827,0.000287429426066,8.87188698602e-05,4.1392675922e-06,8.87188698602e-05,0.160448348406,0.612039408625,0.160442458735
155,0.0971494747991,0.269312398027,0.113727360622,0.292366691623,0.0256394568634,0.0250152809824,0.0619585940503,0.0366734697818,0.0253618492753,0.0309436830251,0.00151836444789,0.020333376503,20,12,6,20,0.00052785087497,2.46274104226e-05,0.00052785087497,0.119222786904,0.0129516561558,0.0581343356081,0.00052785087497,2.46274104226e-05,0.00052785087497,0.138881711551,0.529772237923,0.138876613538
156,0.0995439857785,0.208279529052,0.121145411066,0.0753777512342,0.00461227663863,0.0358216521795,0.0798030689927,0.0977513003009,0.00282609353666,0.22550088224,0.0338729915911,0.0154650573907,20,12,6,20,1.84387102908e-05,8.60276467328e-07,1.84387102908e-05,0.000200413346224,0.00255299276996,0.00019439124827,1.84387102908e-05,8.60276467328e-07,1.84387102908e-05,0.171463274082,0.65405647308,0.171456980079
157,0.0307898438663,0.177873836875,0.292600940918,0.0113879769729,0.0131952118518,0.0175878706853,0.0343905535668,0.137673233969,0.0122437989965,0.102730595217,0.0394286315228,0.130097505558,20,12,6,20,2.61848468383e-05,1.22168021409e-06,2.61848468383e-05,0.0044754915169,0.00484660407001,0.000955595127043,2.61848468383e-05,1.22168021409e-06,2.61848468383e-05,0.170197202243,0.649226969582,0.170190954714
158,0.0268280172326,0.0416599671741,0.253931774908,0.00169841986992,0.0765456897687,0.0765028419141,0.0275773654753,0.0200299385073,0.265166214298,0.0176036839859,0.0364536311972,0.156002455669,20,12,6,20,5.5354084049e-06,2.58260014539e-07,5.5354084049e-06,0.085412074487,0.000228347375947,3.47363956814e-05,5.5354084049e-06,2.58260014539e-07,5.5354084049e-06,0.157244639333,0.599818676993,0.157238867262
159,0.132465921187,0.124499472247,0.0723695288286,0.12281903523,0.0130023624099,0.0444316918287,0.0740386007779,0.0766489648904,0.0320650277515,0.173909023118,0.111949204941,0.0218011667894,20,12,6,20,1.13929785898e-06,5.31550809087e-08,1.13929785898e-06,0.054946883465,0.000920749621501,8.39449991427e-05,1.13929785898e-06,5.31550809087e-08,1.13929785898e-06,0.162359691326,0.619330335593,0.162353731494
160,0.0617995796227,0.162501729062,0.0328651490459,0.160251982496,0.0244877133771,0.0975019018471,0.00931441819957,0.0486971494867,0.0335878172919,0.0908414275528,0.169272279484,0.108878852535,20,12,6,20,1.44995082015e-05,6.76489054648e-07,1.44995082015e-05,0.0457541631415,0.000826315458194,4.28892895069e-05,1.44995082015e-05,6.76489054648e-07,1.44995082015e-05,0.163954581677,0.625414136123,0.1639485633
161,0.343027344372,0.0215410434118,0.116231006859,0.01390508266,0.0178336659581,0.0976650951548,0.00985078110559,0.136774004975,0.0217310232907,0.0268039889426,0.133979777366,0.0606571859048,20,12,6,20,2.92962684367e-05,1.36684670018e-06,2.92962684367e-05,0.0269191910613,0.0108653005556,4.10867336955e-05,2.92962684367e-05,1.36684670018e-06,2.92962684367e-05,0.165457237268,0.631146101882,0.165451163732
162,0.0568813316702,0.0110402396173,0.0393943179874,0.0660692068009,0.0609425887522,0.147498705435,0.0713160462184,0.256721796181,0.0913009370847,0.0758568571732,0.110972611913,0.0120053611667,20,12,6,20,6.21241954e-05,2.89846646058e-06,6.21241954e-05,0.0607062115928,0.00220551182535,0.00424769014343,6.21241954e-05,2.89846646058e-06,6.21241954e-05,0.160389199412,0.6118137814,0.160383311911
163,0.0363246531854,0.0168328144732,0.137760022386,0.00535174482842,0.206462142962,0.047513057602,0.062380274039,0.0023576477239,0.0947521819855,0.0996858989657,0.175296736719,0.115282825129,20,12,6,20,8.58067423584e-06,4.00339937147e-07,8.58067423584e-06,0.031202477118,7.34841618906e-05,0.00172929587616,8.58067423584e-06,4.00339937147e-07,8.58067423584e-06,0.166300835044,0.634364053883,0.166294730541
164,0.0541872684052,0.256566963288,0.0119267406518,0.0520456941146,0.0423345782176,0.12854367005,0.0314369329657,4.62444081477e-05,0.00327088571591,0.211433385077,0.148423845734,0.0597837913722,20,12,6,20,1.072129351e-05,5.00212670004e-07,1.072129351e-05,0.0290675180614,0.00159517619046,1.0728158069e-05,1.072129351e-05,5.00212670004e-07,1.072129351e-05,0.166700364551,0.635888082057,0.166694245383
165,0.031673687192,0.307316494183,0.0137673163958,0.00406889715857,0.168628629912,0.104278137493,0.0245930569849,0.0652125630589,0.0588054643265,0.00523947619304,0.071874504994,0.144541772108,20,12,6,20,0.000132348675144,6.1748597875e-06,0.000132348675144,0.00877849770767,0.00689131004342,0.000629975710265,0.000132348675144,6.1748597875e-06,0.000132348675144,0.169086765985,0.644991146917,0.169080559217
166,0.13750005643,0.0290214079128,0.0519898162691,0.209494301935,0.0550051323034,0.0483974591445,0.00495092220898,0.040905132019,0.24020596007,0.0186009403713,0.0502274741858,0.11370139715,20,12,6,20,5.85041866107e-05,2.72957133051e-06,5.85041866107e-05,0.0233340015844,0.0111966580668,0.0009548378521,5.85041866107e-05,2.72957133051e-06,5.85041866107e-05,0.165839130102,0.632602853958,0.165833042548
167,3.47987850215e-05,0.0850154620149,0.0130045366898,0.233962611659,0.0169214921639,0.0490652841999,0.00626500313438,0.110095718472,0.0736342277384,0.0664905977418,0.0157845857652,0.329725681636,20,12,6,20,5.18132392142e-05,2.41739848878e-06,5.18132392142e-05,0.0288984692162,0.00120397130107,0.00130522031029,5.18132392142e-05,2.41739848878e-06,5.18132392142e-05,0.16654515991,0.63529604507,0.166539046439
168,0.14884572377,0.0296689306304,0.157276837218,0.204436612433,0.00152414450065,0.0205636661938,0.0845823573454,0.091857727381,0.0319050703851,0.0288563296288,0.0754265209037,0.125056079611,20,12,6,20,3.7853459777e-05,1.76609101935e-06,3.7853459777e-05,0.0315466822022,0.00422350834182,0.00436087960742,3.7853459777e-05,1.76609101935e-06,3.7853459777e-05,0.16505470725,0.629610628088,0.16504864849
169,0.174071148844,0.0182764707532,0.246156881927,0.0183844599191,0.00384861053252,0.0576775926473,0.00852887851303,0.195041735166,0.0407696991619,0.07867574518,0.0559332053865,0.102635571969,20,12,6,20,3.13549066321e-05,1.46289452383e-06,3.13549066321e-05,0.0515371813913,0.00160816082215,0.000467450353897,3.13549066321e-05,1.46289452383e-06,3.13549066321e-05,0.162740651991,0.620783531852,0.162734678174
170,0.146996084164,0.156660671098,0.0413702938081,0.0252500501328,0.124733141417,0.0239408133868,0.081376197586,0.0879965132251,0.0342177383216,0.0258163728557,0.0112898157993,0.240352308205,20,12,6,20,3.94557732523e-05,1.84084855686e-06,3.94557732523e-05,0.0155883470515,0.00219714580888,0.00121170471771,3.94557732523e-05,1.84084855686e-06,3.94557732523e-05,0.168688250841,0.64347098809,0.168682058702
171,0.0369027223079,0.0889980617947,0.0134822341147,0.258179937574,0.00725322277029,0.106228331965,0.182114836356,0.0863228421342,0.0440548353517,0.0382244832963,0.0829647122241,0.0552737801115,20,12,6,20,3.68195412746e-05,1.71785251771e-06,3.68195412746e-05,0.00145930763196,0.00817945768837,0.00013158183716,3.68195412746e-05,1.71785251771e-06,3.68195412746e-05,0.170276970202,0.649531249026,0.170270719745
172,0.0522432444936,0.10417087558,0.0877456006321,0.20348615699,0.00308754556833,0.0105722211467,0.0498509424376,0.181560133399,0.00855699342429,0.0922631704967,0.0504529306031,0.156010185227,20,12,6,20,6.9467247724e-05,3.24106390981e-06,6.9467247724e-05,0.0284911714439,0.00502759365934,0.000690615614083,6.9467247724e-05,3.24106390981e-06,6.9467247724e-05,0.166050882997,0.633410597496,0.16604478767
173,0.0223913111629,0.00999196975848,0.0289099805707,0.0886467752481,0.15239950866,0.195408686032,0.12071155786,0.238901115704,0.0246792171049,0.0318019990331,0.0402495574008,0.0459083214648,20,12,6,20,0.000141554302962,6.60435755898e-06,0.000141554302962,0.124264618741,0.0100545632426,0.00477813570963,0.000141554302962,6.60435755898e-06,0.000141554302962,0.14796116928,0.564406349116,0.147955737983
174,0.000807304188733,0.0788840553222,0.0291498168063,0.00459606763712,0.114228581151,0.0239015786747,0.484644367795,0.00485574254242,0.130398642268,0.0735702520489,0.0199324765699,0.0350311149946,20,12,6,20,0.000347828316572,1.6228277938e-05,0.000347828316572,0.0739586560716,0.00784646003379,0.00316538439863,0.000347828316572,1.6228277938e-05,0.000347828316572,0.157124860942,0.599361775464,0.157119093267
175,0.215415007804,0.0479542863907,0.114968001921,0.185137228747,0.0384472665651,0.0150410577515,0.0784673085155,0.165320810287,0.0627454544428,0.00287030630873,0.000834044553141,0.0727992267134,20,12,6,20,0.000303554271812,1.41626281057e-05,0.000303554271812,0.108933143159,0.0241426948692,0.0140553913787,0.000303554271812,1.41626281057e-05,0.000303554271812,0.146465426323,0.558700751995,0.146460049931
176,0.0361078347243,0.256519231748,0.0680596902269,0.100003467699,0.0451925071741,0.149704525007,0.0106676815252,0.0138248691886,0.102990406082,0.0773218874743,0.0411499697094,0.0984579294421,20,12,6,20,8.94791567815e-05,4.1747395388e-06,8.94791567815e-05,0.00904540804054,0.00823816004908,0.00104388168786,8.94791567815e-05,4.1747395388e-06,8.94791567815e-05,0.168768220716,0.643776037758,0.168762025642
177,0.00883669346875,0.215226821414,0.164719935555,0.0557928812123,0.0763923888703,0.101046742717,0.0741182919922,0.148747404102,0.0397409989415,0.0192607387508,0.0665359899665,0.0295811130101,20,12,6,20,2.06024126593e-05,9.61226165033e-07,2.06024126593e-05,0.178552755253,0.000950153833099,0.00305800084245,2.06024126593e-05,9.61226165033e-07,2.06024126593e-05,0.140571308295,0.536217301412,0.140566148261
178,0.0457417392837,0.00431007336007,0.00325129457257,0.0528785027453,0.198508230322,0.0148823708656,0.180715404198,0.0923437820984,0.221532352064,0.0558852541617,0.00887771823747,0.121073278092,20,12,6,20,0.000349465618547,1.63046678989e-05,0.000349465618547,0.0208908450922,0.00375764000521,0.00832134153024,0.000349465618547,1.63046678989e-05,0.000349465618547,0.166066951975,0.63347189353,0.166060856058
179,0.119436866064,0.0782134399627,0.043532838424,0.107669180487,0.0434285944509,0.082200542708,0.0863212757017,0.0492131185243,0.0655422683719,0.116516832622,0.203275779563,0.0046492631206,20,12,6,20,7.66872040424e-05,3.5779181918e-06,7.66872040424e-05,0.0238234966829,0.00237197350449,0.00214844441604,7.66872040424e-05,3.5779181918e-06,7.66872040424e-05,0.167054562071,0.637239188771,0.167048429901
180,0.0869627661004,0.0144864409338,0.177510569527,0.0986430041412,0.202884547219,0.0466441483519,0.0614087749594,0.125131509602,0.0108994297737,0.0854781333391,0.00972191754539,0.0802287585071,20,12,6,20,0.000142872344421,6.66585210132e-06,0.000142872344421,0.0535111014516,0.00844338154312,0.0063549425121,0.000142872344421,6.66585210132e-06,0.000142872344421,0.160134571484,0.610842488596,0.160128693331
181,0.079650710407,0.0213387651409,0.122231474251,0.00504661371554,0.145875357245,0.0167643041768,0.0199965955309,0.366049319525,0.00357809530589,0.0448824595625,0.143535217022,0.0310510881172,20,12,6,20,6.64831847193e-05,3.10183946626e-06,6.64831847193e-05,0.0062801111565,0.00330974182304,0.00280463912023,6.64831847193e-05,3.10183946626e-06,6.64831847193e-05,0.169804778647,0.647730047313,0.169798545523
182,0.162309616236,0.0513867168763,0.0525407549253,0.0963090105634,0.0229431757188,0.0753574813239,0.00138909320867,0.120980256044,0.225989316667,0.0662780798403,0.00268397274437,0.121832525853,20,12,6,20,4.19805683539e-05,1.95864539712e-06,4.19805683539e-05,0.0819709904245,0.00225310988795,0.000600162358437,4.19805683539e-05,1.95864539712e-06,4.19805683539e-05,0.157365322401,0.600279029464,0.1573595459
183,0.163111178137,0.078970060989,0.113897787724,0.0216368015492,0.229979622749,0.135115421516,0.0173824410851,0.0993196475012,0.0354549142912,0.000119117717184,0.026344236573,0.078668770168,20,12,6,20,6.1754759411e-05,2.88123005508e-06,6.1754759411e-05,0.193357508778,0.00112599255016,0.00183276408712,6.1754759411e-05,2.88123005508e-06,6.1754759411e-05,0.138176647409,0.5270827304,0.138171575278
184,0.0461823912794,0.00295041685449,0.00981169305346,0.0220998330331,0.111824807139,0.0272076823187,0.00705849288943,0.134921909273,0.08683912097,0.413382914894,0.00731060737943,0.130410130916,20,12,6,20,1.06431339013e-05,4.96566055297e-07,1.06431339013e-05,0.000859488026736,0.00126551537081,9.31492496979e-06,1.06431339013e-05,4.96566055297e-07,1.06431339013e-05,0.17160866677,0.65461108181,0.17160236743
185,0.095036393374,0.181612930651,0.0618853490465,0.138861708074,0.086224014711,0.0274245649497,0.0154814109386,0.054919766447,0.0921777471672,0.169195232398,0.0609626464195,0.0162182358234,20,12,6,20,1.6017119802e-05,7.47294741481e-07,1.6017119802e-05,0.0599281265538,0.00247698669043,0.000192845400628,1.6017119802e-05,7.47294741481e-07,1.6017119802e-05,0.161206151651,0.614930092474,0.161200234162
186,0.00855889810488,0.0994227075863,0.172462688878,0.0847933626567,0.00164952124392,0.0568747378759,0.00480575381157,0.0533293393061,0.0768672013942,0.0479643887032,0.218707108712,0.174564291727,20,12,6,20,2.50518949005e-05,1.16882120848e-06,2.50518949005e-05,0.0185665753128,0.00115507897929,0.000214874406635,2.50518949005e-05,1.16882120848e-06,2.50518949005e-05,0.168536841701,0.642893429259,0.16853065512
187,0.0578412714646,0.0011038980028,0.246303864004,0.123807791116,0.12224071352,0.0112147119554,0.00828561254448,0.0064728936696,0.0718937268552,0.0169335432418,0.0520359912328,0.281865982393,20,12,6,20,2.32406032407e-05,1.0843135848e-06,2.32406032407e-05,0.0303666664911,0.000418671188179,0.00240813918674,2.32406032407e-05,1.0843135848e-06,2.32406032407e-05,0.166258144099,0.634201206831,0.166252041164
188,0.00799347375672,0.0505345633557,0.0122775866561,0.199543415129,0.138632086875,0.0816691086765,0.236275899722,0.000313467278226,0.0119664161782,0.0480209329854,0.0413604509713,0.171412598416,20,12,6,20,0.000194617753933,9.08008592751e-06,0.000194617753933,0.0380303717397,0.0062738717786,0.000657772452224,0.000194617753933,9.08008592751e-06,0.000194617753933,0.164113506517,0.62602036402,0.164107482306
189,0.0583370603893,0.0892267247458,0.0594092419592,0.215483947802,0.0183376637146,0.0096835695409,0.0955312812963,0.293821383527,0.00724017714258,0.0579120582573,0.0388998219196,0.0561170697049,20,12,6,20,0.00040134113578,1.8724972031e-05,0.00040134113578,0.0465665995657,0.00276209380216,0.0129471316628,0.00040134113578,1.8724972031e-05,0.00040134113578,0.160990292441,0.614106685165,0.160984382876
190,0.0648006121751,0.00375718842873,0.0172416320848,0.0740618707457,0.0208339043246,0.0419658682074,0.165992661142,0.0346039349639,0.138140769106,0.215936938951,0.101182763484,0.121481856387,20,12,6,20,2.4681860829e-05,1.15155689884e-06,2.4681860829e-05,0.00966509100492,0.000404822917342,0.00177107215646,2.4681860829e-05,1.15155689884e-06,2.4681860829e-05,0.169929399736,0.648205421591,0.169923162037
191,0.0542097866537,0.0473768873393,0.0307703382345,0.194613401212,0.180796974182,0.112462475597,0.00698124851093,0.212978745403,0.0505803426307,0.025015424962,0.0426378959125,0.0415764793619,20,12,6,20,0.000156572949436,7.30506752889e-06,0.000156572949436,0.156911588311,0.0042667031223,0.00557789842568,0.000156572949436,7.30506752889e-06,0.000156572949436,0.143193734368,0.546220695769,0.143188478072
192,0.0350923100634,0.000917518310326,0.0591233698099,0.0168408139044,0.0674292950873,0.0153543549411,0.109199113567,0.0816134047096,0.474928939586,0.0355058704655,0.0649911006351,0.0390039089203,20,12,6,20,0.000231640357062,1.08074124991e-05,0.000231640357062,0.101718312321,0.0077493940369,0.00209944583247,0.000231640357062,1.08074124991e-05,0.000231640357062,0.152632477093,0.58222532014,0.152626874323
193,0.0836897074133,0.0511013213297,0.00492272948124,0.0913133366974,0.371387565419,0.00345338654903,0.0922599139828,0.0823275251975,0.0526265835325,0.0577340961231,0.045412656736,0.0637711775387,20,12,6,20,3.87621591972e-05,1.8084872995e-06,3.87621591972e-05,0.051025859464,0.00182589876579,0.011582780289,3.87621591972e-05,1.8084872995e-06,3.87621591972e-05,0.160874278643,0.613664143891,0.160868373336
194,0.0728758195233,0.0559216358384,0.0363263553122,0.0994866962431,0.112086221143,0.016932489868,0.0133997250625,0.187611427917,0.116640236298,0.0112419445634,0.199322249726,0.0781551985053,20,12,6,20,1.96821861112e-05,9.18292075206e-07,1.96821861112e-05,0.037558970178,0.00143177769623,0.000993478079423,1.96821861112e-05,9.18292075206e-07,1.96821861112e-05,0.16509275422,0.629755760434,0.165086694063
195,0.0622989072064,0.0976304946384,0.128941017831,0.189226069139,0.0460748980807,0.0584715202145,0.0282616774284,0.139727808888,0.162022285448,0.00433835182673,0.0147791362797,0.0682278330186,20,12,6,20,0.00147733419028,6.89265039816e-05,0.00147733419028,0.131328134186,0.018867048132,0.00383253546032,0.00147733419028,6.89265039816e-05,0.00147733419028,0.144453027238,0.551024340499,0.144447724716
196,0.244905223066,0.131202293196,0.0132468308349,0.0917081797483,0.0323637834243,0.0372445161277,0.133890855927,0.0880828113896,0.0457731827945,0.0667078807829,0.0726531576756,0.042221285034,20,12,6,20,4.70889729941e-05,2.19698312401e-06,4.70889729941e-05,0.0287560515351,0.00664109322478,0.00203432005072,4.70889729941e-05,2.19698312401e-06,4.70889729941e-05,0.16551249246,0.631356875975,0.165506416896
197,0.182437184303,0.0913063506086,0.186741594388,0.106799686226,0.0120559708184,0.00333706369842,0.037999958749,0.158122086727,0.00446375337976,0.179568761985,0.0194041055093,0.0177634836076,20,12,6,20,0.000105765611289,4.93460036031e-06,0.000105765611289,0.0222591059332,0.0055984240433,0.0017190164902,0.000105765611289,4.93460036031e-06,0.000105765611289,0.16682209942,0.636352446684,0.166815975783
198,0.038271649516,0.14866792099,0.0534429279922,0.0488001880632,0.0194735381457,0.105008659731,0.037371847755,0.309465770492,0.0248358233597,0.0206718477094,0.0816975093693,0.112292316876,20,12,6,20,7.38859168672e-05,3.44722133735e-06,7.38859168672e-05,0.0634433911459,0.00618886790595,0.000995146550334,7.38859168672e-05,3.44722133735e-06,7.38859168672e-05,0.159784482924,0.609507055743,0.159778617621
199,0.110538115643,0.0555209936149,0.140072667558,0.0884088805301,0.276578598604,0.0639675280929,0.0133040353338,0.0863698632146,0.0977617668285,0.0350198324661,0.0259306845193,0.00652703359516,20,12,6,20,0.000114422321183,5.33848781713e-06,0.000114422321183,0.22574669078,0.00918735090755,0.0039686559422,0.000114422321183,5.33848781713e-06,0.000114422321183,0.130815418438,0.499002901152,0.13081061652
200,0.0726686163896,0.138482028979,0.141737033271,0.101335475499,0.0330119333683,0.0864237109736,0.0384242786675,0.24391186304,0.00960650106493,0.0734456723851,0.0392088242137,0.0217440621481,20,12,6,20,5.40910024973e-05,2.52366981251e-06,5.40910024973e-05,0.090758589598,0.00351445684002,0.00536237944963,5.40910024973e-05,2.52366981251e-06,5.40910024973e-05,0.154809525251,0.590529794946,0.154803842566
201,0.0124173700149,0.0762565557903,0.0971491474811,0.11763135867,0.0995729344185,0.0703855946545,0.0323807254217,0.152174514471,0.00501752851762,0.148043234615,0.130683381002,0.0582876549432,20,12,6,20,4.12694131682e-06,1.92546574077e-07,4.12694131682e-06,0.0401039949906,0.00019038641495,0.000903366458314,4.12694131682e-06,1.92546574077e-07,4.12694131682e-06,0.164894999404,0.629001413368,0.164888946506
202,0.0514770324553,0.0936317276919,0.014696598212,0.107313176067,0.207768895886,0.00278112278846,0.161607277653,0.0691264078839,0.0373571961657,0.0118849788215,0.155417947817,0.0869376385588,20,12,6,20,3.48781749878e-05,1.62727613223e-06,3.48781749878e-05,0.0174412703342,0.00247812648781,0.0057965062004,3.48781749878e-05,1.62727613223e-06,3.48781749878e-05,0.167535968744,0.639075542079,0.167529818903
203,0.0900828954394,0.118177467667,0.0319519410233,0.0470729779863,0.0289883813134,0.0746877011667,0.0867156087914,0.160322098187,0.0304430659165,0.290471535307,0.0339042534001,0.00718207380204,20,12,6,20,4.68365749954e-05,2.18520724299e-06,4.68365749954e-05,0.00814216462147,0.00412923792614,0.000866097123952,4.68365749954e-05,2.18520724299e-06,4.68365749954e-05,0.169690824647,0.64729536326,0.169684595706
204,0.177289915123,0.0288992766107,0.140104874094,0.112035547104,0.0116241137923,0.0424599800864,0.000722237730208,0.0244762316614,0.000972442819587,0.255018435475,0.00387869726719,0.202518248236,20,12,6,20,2.21873973592e-05,1.03517521119e-06,2.21873973592e-05,0.0250850316187,0.000495163050808,4.85367421714e-05,2.21873973592e-05,1.03517521119e-06,2.21873973592e-05,0.167559894865,0.639166809638,0.167553744146
205,0.0271753575539,0.0596476901795,0.0505717673325,0.0147169581173,0.0760503670947,0.010624344443,0.35443041722,0.038656915401,0.0696048944432,0.0469442490317,0.0647925724743,0.186784466709,20,12,6,20,6.4861061667e-05,3.02615769314e-06,6.4861061667e-05,0.0196560679198,0.00140372052259,0.00386221550528,6.4861061667e-05,3.02615769314e-06,6.4861061667e-05,0.167651398686,0.639515856198,0.167645244607
206,0.101795276319,0.164145018978,0.083757595591,0.00527717622037,0.0499473895343,0.141011079438,0.000204211902884,0.267888175879,0.0282179054949,0.135650721185,0.00404956392973,0.018055885528,20,12,6,20,0.000179548160233,8.37699896384e-06,0.000179548160233,0.0450627936951,0.00756440175711,0.00717183723397,0.000179548160233,8.37699896384e-06,0.000179548160233,0.161572397221,0.616327157166,0.161566466288
207,0.0484738718006,0.0241362775649,0.0325372623054,0.0989188609372,0.0681352542281,0.0335078897408,0.0596626413938,0.0177258973603,0.00543417992861,0.356253403902,0.167916222355,0.0872982384829,20,12,6,20,3.5566236398e-05,1.65937832538e-06,3.5566236398e-05,0.0104305145017,0.0002505476841,0.000841207965943,3.5566236398e-05,1.65937832538e-06,3.5566236398e-05,0.169976551136,0.648385283304,0.169970311706
208,0.0254323007601,0.0866996227185,0.0111930840238,0.146511469361,0.198029982664,0.0101385647066,0.23663999325,0.114689070774,0.077853089933,0.00422572696154,0.0360711403957,0.052515954451,20,12,6,20,0.000192034067999,8.95954147654e-06,0.000192034067999,0.104600477803,0.00919671336125,0.00939495865948,0.000192034067999,8.95954147654e-06,0.000192034067999,0.15066105457,0.574705216086,0.150655524166
209,0.126180893377,0.00192085985337,0.271670504117,0.0813357307112,0.107581420549,0.0221561425991,0.026013958199,0.0607061784091,0.00985361351283,0.132382648631,0.0614082342064,0.0987898158351,20,12,6,20,2.64263275318e-05,1.23294673733e-06,2.64263275318e-05,0.0439698106814,0.000372134706514,0.000672072321893,2.64263275318e-05,1.23294673733e-06,2.64263275318e-05,0.164222966659,0.626437905998,0.16421693843
210,0.122708052636,0.0330851352521,0.0801452721489,0.167094354394,0.00338130577472,0.134200525896,0.111527934881,0.00118126828974,0.0798360193077,0.000782669323816,0.159349146593,0.106708315504,20,12,6,20,7.24423742103e-05,3.37987141116e-06,7.24423742103e-05,0.0171216598549,0.00220437666812,0.00582750829534,7.24423742103e-05,3.37987141116e-06,7.24423742103e-05,0.16760624044,0.639343597484,0.167600088019
211,0.046917890858,0.0990111796777,0.135337789096,0.0400625476015,0.0962146128944,0.103931227895,0.0305076965765,0.0262795100315,0.00218628763529,0.162681560869,0.128073326892,0.128796369973,20,12,6,20,4.43521298242e-05,2.06929296908e-06,4.43521298242e-05,0.00311203631657,0.000934187861027,0.00117741339006,4.43521298242e-05,2.06929296908e-06,4.43521298242e-05,0.171053625187,0.65249384392,0.171047346221
212,0.288915877432,0.000729453156114,0.0623552033776,0.00705503028484,0.154863060116,0.0800518685788,0.159934402666,0.0362466374197,0.0876075384858,0.00474730459383,0.0827515189688,0.0347421049215,20,12,6,20,9.59031475528e-05,4.47445725222e-06,9.59031475528e-05,0.112610853606,0.0107163132578,0.0100148894689,9.59031475528e-05,4.47445725222e-06,9.59031475528e-05,0.148983115244,0.568304620486,0.148977646433
213,0.0341328807915,0.0954619140189,0.0353137840273,0.0246315402692,0.0978409240764,0.171104949264,0.316869855173,0.100353148827,0.00117662894876,0.0237903585253,0.0680749284534,0.0312490876249,20,12,6,20,0.000929199547912,4.33527341074e-05,0.000929199547912,0.0286790044122,0.00193919062835,0.0166244919963,0.000929199547912,4.33527341074e-05,0.000929199547912,0.16320413772,0.622551524694,0.163198146889
214,0.0190118926047,0.0647041656068,0.11440448694,0.0548411121776,0.0575133451219,0.0468032286507,0.00938448170583,0.083195833562,0.167617985822,0.076333197568,0.0462228035582,0.259967466682,20,12,6,20,1.04655067091e-06,4.88278681021e-08,1.04655067091e-06,2.49110301363e-06,0.000190134620281,6.85448356933e-07,1.04655067091e-06,4.88278681021e-08,1.04655067091e-06,0.171949243254,0.655910230303,0.171942931413
215,0.000959943658128,0.00722352467617,0.123860795504,0.053780871763,0.330359258766,0.00841509248592,0.0216498536509,0.145245645269,0.0826851994476,0.0716815742664,0.0070669006695,0.147071339842,20,12,6,20,5.8866522987e-05,2.74647649648e-06,5.8866522987e-05,0.000657488985611,0.00294859394085,0.000574521529653,5.8866522987e-05,2.74647649648e-06,5.8866522987e-05,0.171222791529,0.653139138616,0.171216506353
216,0.2218879742,0.0117452649502,0.0027257000206,0.00878471855362,0.0807919044498,0.0369027568061,0.0559887661256,0.248112805873,0.208722617299,0.0325902986896,0.00358600814459,0.0881611848883,20,12,6,20,0.000170894224046,7.9732409171e-06,0.000170894224046,0.06995974959,0.0168451758457,0.0014147144135,0.000170894224046,7.9732409171e-06,0.000170894224046,0.156690621715,0.597705345078,0.15668486998
217,0.00471836569551,0.128408719574,0.0593259501627,0.102226775383,0.00620164014854,0.148675419344,0.0378824514779,0.00764075914078,0.260925167798,0.149611825182,0.00677551018528,0.0876074159075,20,12,6,20,8.09153832402e-05,3.77518812045e-06,8.09153832402e-05,0.0528583748667,0.00228125824879,0.000469440230361,8.09153832402e-05,3.77518812045e-06,8.09153832402e-05,0.162362435548,0.619340803583,0.162356475614
218,0.0587560846488,0.020887230277,0.0548431005757,0.0228277103829,0.0556725675774,0.0133489704088,0.132930799667,0.287840457363,0.00907110531721,0.267674416943,0.0075053656849,0.0686421911542,20,12,6,20,5.1220068301e-05,2.38972350665e-06,5.1220068301e-05,0.0259231536448,0.000390621033805,0.000913283113811,5.1220068301e-05,2.38972350665e-06,5.1220068301e-05,0.167264571089,0.638040280189,0.16725843121
219,0.000450869727667,0.0131685235654,0.0544842517984,0.0935924894198,0.0783785935532,0.0189239939085,0.0893586149667,0.0498051897293,0.156438907375,0.309593193983,0.0394483316159,0.0963570403576,20,12,6,20,4.23324890076e-06,1.97506460714e-07,4.23324890076e-06,0.0250381008885,0.000533765165059,0.000982518820346,4.23324890076e-06,1.97506460714e-07,4.23324890076e-06,0.167413337376,0.638607757706,0.167407192036
220,0.00844518736955,0.195722691708,0.150053236168,0.111386335639,0.034782828522,0.0832960028297,0.0315888988211,0.0973559297565,0.125310107396,0.0445586838932,0.0756442195365,0.0418558783596,20,12,6,20,0.000156136835444,7.28472019448e-06,0.000156136835444,0.0915831132746,0.00531635915861,0.00259472975031,0.000156136835444,7.28472019448e-06,0.000156136835444,0.154761975031,0.590348411911,0.154756294092
221,0.177949135503,0.0459224472737,0.0396698527056,0.0194490033907,0.0904632263789,0.0497763079245,0.232470719496,0.0129979892799,0.175116279548,0.0610125859607,0.0756770235815,0.0194954289573,20,12,6,20,0.000575158454379,2.68345928475e-05,0.000575158454379,0.032294871588,0.0140773095629,0.00169978317555,0.000575158454379,2.68345928475e-05,0.000575158454379,0.16331075414,0.622958219133,0.163304759397
222,0.168409680218,0.089709019239,0.0949400924071,0.212490537324,0.00064105366214,0.00263779782479,0.187892867706,0.00228732749408,0.0671435513973,0.00432912819135,0.119180291199,0.0503386533377,20,12,6,20,7.92344894e-05,3.69676433744e-06,7.92344894e-05,0.0838340551976,0.00530318760926,0.00253159173352,7.92344894e-05,3.69676433744e-06,7.92344894e-05,0.156161944796,0.59568867671,0.156156212467
223,0.0353700645251,0.119875281646,0.0735737823949,0.0662276422671,0.126139399328,0.0231883735352,0.0328333223112,0.156645934913,0.0112524100592,0.114851543564,0.128369216884,0.111673028573,20,12,6,20,3.62018723975e-05,1.68903455858e-06,3.62018723975e-05,0.00435591593401,0.0027511894834,0.000559109682595,3.62018723975e-05,1.68903455858e-06,3.62018723975e-05,0.170639280448,0.650913302201,0.170633016692
224,0.047511758263,0.0161997002462,0.0282541773859,0.303382195937,0.0304974287061,0.131286565024,0.0831052408634,0.00813441412789,0.03053025001,0.139732669065,0.177870724353,0.00349487601865,20,12,6,20,6.1289514113e-05,2.85952357045e-06,6.1289514113e-05,0.0520068082927,0.00233766368151,0.00120687106201,6.1289514113e-05,2.85952357045e-06,6.1289514113e-05,0.162386180432,0.619431379802,0.162380219627
225,0.188706201993,0.00551862978491,0.0659197256221,0.0218399498887,0.0849620040001,0.000932082898323,0.0236903160399,0.383436253357,0.035862570015,0.15525751457,0.0150688303518,0.018805921479,20,12,6,20,0.000226456104543,1.05655360136e-05,0.000226456104543,0.0856572511209,0.0053005292446,0.0016180115859,0.000226456104543,1.05655360136e-05,0.000226456104543,0.155902322114,0.594698331129,0.155896599316
226,0.0332599658711,0.0592248555934,0.0297514692427,0.0293156538582,0.212543431769,0.124758495197,0.00244942344341,0.0246660170605,0.175484509994,0.0633043868196,0.107543566006,0.137698225145,20,12,6,20,6.90747084969e-05,3.22274959963e-06,6.90747084969e-05,0.00903963999572,0.00242435435725,0.00253856999083,6.90747084969e-05,3.22274959963e-06,6.90747084969e-05,0.169526392811,0.646668128607,0.169520169906
227,0.0473890652362,0.182876196818,0.00642274041448,0.105912226639,0.248083365854,0.0429712198225,0.00347442088259,0.0103453412697,0.0386654312938,0.1154899185,0.0574697602482,0.140900313021,20,12,6,20,8.83871131112e-05,4.12378914932e-06,8.83871131112e-05,0.0220916402047,0.00239585512598,0.00346558963197,8.83871131112e-05,4.12378914932e-06,8.83871131112e-05,0.1671135417,0.637464169941,0.167107407365
228,0.0115282667576,0.0234425430216,0.0122526952453,0.0497582561069,0.151901100971,0.372626881387,0.108999065612,0.00963564622346,0.0462626766523,0.175461359676,0.018855723865,0.0192757844826,20,12,6,20,0.000102798694533,4.79617589214e-06,0.000102798694533,0.0424455628522,0.00656529217519,0.00243697946425,0.000102798694533,4.79617589214e-06,0.000102798694533,0.163062693396,0.622011977225,0.163056707758
229,0.104622458606,0.0560943250141,0.0560626381509,0.055814894242,0.189144373026,0.074540842575,0.0397888414843,0.266125946319,0.0251801396199,0.0343047530831,0.0152831049482,0.0830376829316,20,12,6,20,0.00020437097173,9.53513205701e-06,0.00020437097173,0.0836176827159,0.0042587858346,0.0124976162563,0.00020437097173,9.53513205701e-06,0.00020437097173,0.154576694063,0.589641647054,0.154571019925
230,0.0204155499217,0.0659926439681,0.0194660033656,0.0850365474507,0.0656394100152,0.126915671167,0.0153497056429,0.26639523247,0.0508777622532,0.0463376116954,0.0461219105792,0.191451951471,20,12,6,20,4.49073572286e-05,2.09519765886e-06,4.49073572286e-05,0.0425570451202,0.00359262681243,0.00183170563438,4.49073572286e-05,2.09519765886e-06,4.49073572286e-05,0.163699620243,0.62444157114,0.163693611225
231,0.0131621316774,0.00985900370611,0.0183627049958,0.171472486867,0.173372017754,0.150669849978,0.163134049612,0.0599899165057,0.153422768953,0.00961822531014,0.0581791102791,0.0187577343623,20,12,6,20,0.000260854959502,1.21704489905e-05,0.000260854959502,0.129022636113,0.0148433822765,0.0103075928303,0.000260854959502,1.21704489905e-05,0.000260854959502,0.145284314283,0.554195332514,0.145278981247
232,0.219453390763,0.0024042423346,0.0440560992705,0.00271176658928,0.0883490958052,0.0201523397539,0.143209031711,0.140962698748,0.0986882386307,0.16209075299,0.051697046486,0.0262252969181,20,12,6,20,5.09972754882e-05,2.37932888518e-06,5.09972754882e-05,0.0456269337155,0.00110887426413,0.00284857210263,5.09972754882e-05,2.37932888518e-06,5.09972754882e-05,0.163419643512,0.623373583875,0.163413644771
233,0.0977602027113,0.157813744112,0.154025564055,0.0546045201198,0.150536857162,0.0344598977728,0.02485485393,0.0191023092832,0.0341531268655,0.0621766937349,0.173414441925,0.0370977883291,20,12,6,20,6.93060355904e-05,3.23354239651e-06,6.93060355904e-05,0.0159449427902,0.00160014174845,0.00549181537808,6.93060355904e-05,3.23354239651e-06,6.93060355904e-05,0.167972475781,0.640740623158,0.167966309917
234,0.167321750252,0.177037975059,0.0196372832661,0.00353215124524,0.0143184466112,0.036996123156,0.102538865445,0.0310558073934,0.0735297036529,0.0247060979946,0.0783487440975,0.270977051827,20,12,6,20,4.25306900927e-05,1.98431187696e-06,4.25306900927e-05,0.0193455903933,0.000956552409476,0.00179850048711,4.25306900927e-05,1.98431187696e-06,4.25306900927e-05,0.168152345551,0.64142674669,0.168146173084
235,0.0706427496183,0.356216299546,0.0461671502545,0.0311819258457,0.0105717814364,0.255673178911,0.0018210020068,0.0376943388439,0.102564264043,0.025803259236,0.0381901251024,0.0234739251561,20,12,6,20,0.000174423104505,8.13788436377e-06,0.000174423104505,0.170623126774,0.00686392831182,0.0142533544351,0.000174423104505,8.13788436377e-06,0.000174423104505,0.138884301494,0.529782117411,0.138879203387
236,0.0366940608944,0.274470096718,0.14713867447,0.140914216856,0.0292595567357,0.0151275764654,0.0250658899997,0.0405170120834,0.0139503292425,0.095623121727,0.00680917497713,0.174430289831,20,12,6,20,4.15803082092e-05,1.93997085981e-06,4.15803082092e-05,0.0380551209269,0.00435976429941,0.00160451730884,4.15803082092e-05,1.93997085981e-06,4.15803082092e-05,0.164383355671,0.627049719065,0.164377321555
237,0.287823374422,0.107097572026,0.0678851026532,0.0110823309295,0.13718945042,0.0620318449875,0.0415318819221,0.0152851228015,0.132268768799,0.0180241260808,0.0845048860725,0.0352755388853,20,12,6,20,0.000392609232197,1.83175763374e-05,0.000392609232197,0.0517078333643,0.00975855389471,0.0123379686314,0.000392609232197,1.83175763374e-05,0.000392609232197,0.159013725604,0.606566957831,0.159007888594
238,0.0300595289805,0.0315431413035,0.0879607322562,0.00843387545065,0.00587141983869,0.235517675811,0.118951440369,0.0124755310164,0.0730360384519,0.0283350464952,0.366034448045,0.00178112198215,20,12,6,20,2.07794656141e-05,9.6948674769e-07,2.07794656141e-05,0.0267487560914,0.000858831630367,0.00149896333167,2.07794656141e-05,9.6948674769e-07,2.07794656141e-05,0.16696275938,0.636889002151,0.16695663058
239,0.221243677205,0.0183215756511,0.0343844895954,0.0276149273497,0.422132816086,0.0266521429559,0.0956598782888,0.00202019074651,0.0548222286692,0.0194599386641,0.0239773436024,0.0537107911859,20,12,6,20,0.000239420486032,1.11704021963e-05,0.000239420486032,0.0402629693056,0.0110163278482,0.00769056841913,0.000239420486032,1.11704021963e-05,0.000239420486032,0.161672851076,0.616710344146,0.161666916456
240,0.0156824780241,0.224666884592,0.0271913918143,0.039480316168,0.15118074916,0.0930256857289,0.0966338571398,0.0661252398573,0.0434762905051,0.0300775266158,0.0390151015326,0.173444478863,20,12,6,20,0.000110388273495,5.15027528819e-06,0.000110388273495,0.0144476388496,0.000555886360382,0.00778446009293,0.000110388273495,5.15027528819e-06,0.000110388273495,0.167986363805,0.640793599817,0.167980197431
241,0.0486535751137,0.00860608272302,0.0263906299162,0.115683792738,0.0585431195869,0.0353557293291,0.0783518121336,0.0305753025706,0.173900905435,0.132229576158,0.0126398195968,0.279069654699,20,12,6,20,3.05857838763e-05,1.42701033253e-06,3.05857838763e-05,0.0159416068487,0.000686879361169,0.00284129717801,3.05857838763e-05,1.42701033253e-06,3.05857838763e-05,0.168613218312,0.643184772216,0.168607028928
242,0.000429554127552,0.107588712917,0.019830471595,0.0109832861343,0.0557640976179,0.051121949864,0.0301789543212,0.0107372108442,0.0673498770292,0.439978502259,0.119192801162,0.0868445821292,20,12,6,20,5.23226999544e-06,2.44116788907e-07,5.23226999544e-06,0.00511800604006,6.83538879515e-05,0.00094186990472,5.23226999544e-06,2.44116788907e-07,5.23226999544e-06,0.170925590129,0.652005446863,0.170919315862
243,0.014897892734,0.185713761334,0.103794325322,0.142163258899,0.0927967586927,0.00404399998335,0.194463094195,0.0849568110922,0.0125548239726,0.0134585901318,0.129603911632,0.0215527720113,20,12,6,20,8.04770023593e-05,3.75473502207e-06,8.04770023593e-05,0.0844795165012,0.0102926761632,0.00091303045722,8.04770023593e-05,3.75473502207e-06,8.04770023593e-05,0.155470318624,0.593050429091,0.155464611684
244,0.314922444565,0.207973354375,0.0022124543981,0.0379423106011,0.0983244008852,0.0356190767952,0.0071588861613,0.137273503604,0.0288220829003,0.0635733406553,0.0266531666952,0.0395249783642,20,12,6,20,0.000109956839976,5.13014632594e-06,0.000109956839976,0.0731627481367,0.0166442369859,0.000686419008431,0.000109956839976,5.13014632594e-06,0.000109956839976,0.156342471159,0.596377304854,0.156336732204
245,0.244119769129,0.127645715442,0.00546905056573,0.049880062769,0.0370743286448,0.230706912447,0.0307547621881,0.0963512955841,0.054560185231,0.0545486209677,0.0600389981098,0.00885029892114,20,12,6,20,0.000150377518338,7.0160134956e-06,0.000150377518338,0.111318652925,0.00107234194161,0.0106020766857,0.000150377518338,7.0160134956e-06,0.000150377518338,0.150724618113,0.574947682859,0.150719085375
246,0.235804940767,0.157900856424,0.0467529453621,0.0804257638908,0.0238343546509,0.0335146741495,0.0739582889945,0.114855290726,0.0303577207792,0.0378094856162,0.0450701958886,0.119715482752,20,12,6,20,0.00012347423278,5.76081380458e-06,0.00012347423278,0.00971556195727,0.00750820918969,0.00203547564061,0.00012347423278,5.76081380458e-06,0.00012347423278,0.168584035373,0.643073452222,0.168577847059
247,0.0140316191009,0.0938121460099,0.000867495212072,0.0132977471185,0.0111075890348,0.0303752367327,0.150153728133,0.0134876560653,0.0429255049718,0.00795079857027,0.349425399995,0.272565079056,20,12,6,20,6.06264385991e-06,2.82858711928e-07,6.06264385991e-06,0.00707217433627,1.58774374058e-05,0.00029570840782,6.06264385991e-06,2.82858711928e-07,6.06264385991e-06,0.170709075401,0.651179539042,0.170702809083
248,0.022531243956,0.320221652518,0.164979107873,0.0139532497687,0.26467026418,0.011015366542,0.0422806586742,0.0468290581763,0.000572037125153,0.0241013976732,0.0548376030699,0.0340083604445,20,12,6,20,0.000141263282263,6.59077969727e-06,0.000141263282263,0.0861082497613,0.00392165801173,0.00753484098098,0.000141263282263,6.59077969727e-06,0.000141263282263,0.155104279356,0.59165415135,0.155098585852
249,0.0879280825542,0.0619946337152,0.00526841982921,0.160608077514,0.0392939883572,0.0589007903871,0.212572483336,0.0445951326691,0.0252526742449,0.157174666883,0.0402993171014,0.106111733409,20,12,6,20,1.58231759603e-05,7.38246097604e-07,1.58231759603e-05,0.0557009943779,0.000275510564514,0.000682783722276,1.58231759603e-05,7.38246097604e-07,1.58231759603e-05,0.162227639806,0.618826617512,0.162221684821
250,0.105901805606,0.00136994446625,0.0727383491574,0.19808000666,0.124372183087,0.00842266913893,0.0404125225932,0.103264989726,0.0682538743128,0.128289425116,0.0887492005557,0.0601450295806,20,12,6,20,8.9086534947e-05,4.15642137449e-06,8.9086534947e-05,0.00979931930255,0.00377454025926,0.00304303640982,8.9086534947e-05,4.15642137449e-06,8.9086534947e-05,0.169062683677,0.644899283575,0.169056477794
251,0.0085012238985,0.172443215683,9.57852735232e-06,0.103747054846,0.0115689518799,0.120179707009,0.0501803386624,0.22182437236,0.0464910161804,0.0287234432281,0.194394431841,0.0419366658839,20,12,6,20,6.18895583424e-05,2.88751923402e-06,6.18895583424e-05,0.0185384193557,0.00610436708299,0.00128145716425,6.18895583424e-05,2.88751923402e-06,6.18895583424e-05,0.167481122158,0.638866326637,0.16747497433
252,0.0796503630045,0.0263728932795,0.000331607279279,0.0860290197427,0.0240095676157,0.0268957745601,0.0773883424272,0.0324795702502,0.154343236423,0.0543607493356,0.189862028438,0.248276847644,20,12,6,20,8.64873728017e-06,4.03515486544e-07,8.64873728017e-06,0.0103200559094,0.00185243635881,0.000111256545852,8.64873728017e-06,4.03515486544e-07,8.64873728017e-06,0.169864538987,0.64795800655,0.169858303669
253,0.00934530962459,0.000548701770214,0.110059610682,0.0838048820695,0.0961405606937,0.0605531322203,0.303017860479,0.0401596945303,0.00892885886739,0.183703871098,0.015938568154,0.0877989498108,20,12,6,20,6.09096544944e-05,2.84180084009e-06,6.09096544944e-05,0.0437415736427,0.000439088966621,0.00131153816082,6.09096544944e-05,2.84180084009e-06,6.09096544944e-05,0.164116451586,0.626031598157,0.164110427267
254,0.0990330931981,0.0215463146212,0.0392180893583,0.0505713771737,0.248263751205,0.0980130292178,0.182013834444,0.0175103437395,0.000375280703405,0.0580536211163,0.108618028484,0.0767832367382,20,12,6,20,9.98148596333e-05,4.65696209105e-06,9.98148596333e-05,0.0174704789383,0.00782045676024,0.000843672741224,9.98148596333e-05,4.65696209105e-06,9.98148596333e-05,0.167418244243,0.638626475231,0.167412098723
255,0.0643533102623,0.00186226856635,0.025569316015,0.172880606572,0.0816809432656,0.111817820826,0.307473434055,0.0341892661384,0.0724835244693,0.0456512426708,0.0677748555273,0.0142634116326,20,12,6,20,0.000259880701246,1.21249939973e-05,0.000259880701246,0.037275620394,0.0140584560914,0.00978927952387,0.000259880701246,1.21249939973e-05,0.000259880701246,0.16128808324,0.615242625213,0.161282162744
256,0.0190868611615,0.022682900312,0.0210213433261,0.0433155226407,0.348237441761,0.205776758452,0.0155355322351,0.0211461275677,0.118881161203,0.0322706739434,0.0915297791368,0.0605158982612,20,12,6,20,8.30047902352e-05,3.87267149321e-06,8.30047902352e-05,0.0419761988788,0.00254597768606,0.00961207828516,8.30047902352e-05,3.87267149321e-06,8.30047902352e-05,0.162614608688,0.62030273246,0.162608639498
257,0.160446667172,0.0480054484274,0.0220002777319,0.0291051421071,0.132914734067,0.0310611414741,0.0478311250437,0.0721065562466,0.183499700666,0.148899634097,0.0260935473887,0.0980360255781,20,12,6,20,3.63841675258e-05,1.69753972008e-06,3.63841675258e-05,0.0107163584621,0.00258650611567,0.00182763134135,3.63841675258e-05,1.69753972008e-06,3.63841675258e-05,0.169355421019,0.646015946922,0.16934920439
258,0.427449304675,0.0206347324325,0.0206137644152,0.032941594716,0.0699188252909,0.0110346211352,0.157102238338,0.00661379027474,0.00103034070434,0.0470528920402,0.171010264568,0.0345976314101,20,12,6,20,5.63352739316e-07,2.62837854055e-08,5.63352739316e-07,9.93110517443e-06,1.41288640249e-05,2.03269444735e-05,5.63352739316e-07,2.62837854055e-08,5.63352739316e-07,0.171975195891,0.65600922812,0.171968883096
259,0.0203510388962,0.0559958476278,0.0684788469913,0.0182984354656,0.153433728597,0.0872395580784,0.218343152519,0.0774041735378,0.0225459202714,0.018869585956,0.142190020858,0.116849691202,20,12,6,20,0.000111000506198,5.17883961717e-06,0.000111000506198,0.0426871214145,0.00207269522718,0.00112403427131,0.000111000506198,5.17883961717e-06,0.000111000506198,0.164013831323,0.625640147289,0.164007810771
260,0.141178102461,0.172622683394,0.253646979171,0.037709128199,0.151226260339,0.0806291077183,0.0190656479925,0.00830449716277,0.00072251052294,0.101855819009,0.0152118648831,0.0178273991476,20,12,6,20,0.000119741926729,5.58667933348e-06,0.000119741926729,0.0850942972602,0.0110102565166,0.0011219105196,0.000119741926729,5.58667933348e-06,0.000119741926729,0.155177609233,0.591933872367,0.155171913038
261,0.029076416064,0.00407501805642,0.0295872283884,0.0908324462376,0.187431540007,0.0188040114614,0.00985636148952,0.0833901844893,0.215787087103,0.25653009708,0.047820569514,0.0268090401092,20,12,6,20,2.2121718571e-05,1.03211090165e-06,2.2121718571e-05,0.0284897181869,0.0036878700777,0.0010086346939,2.2121718571e-05,1.03211090165e-06,2.2121718571e-05,0.166260179323,0.63420897031,0.166254076313
262,0.179917598589,0.0323304147114,0.113634718881,0.0731961539218,0.0429042704521,0.146826980967,0.0502037167976,0.201791363952,0.00987945070247,0.0112706457048,0.135281750436,0.00276293488633,20,12,6,20,0.000201070691874,9.38115420008e-06,0.000201070691874,0.0720239923923,0.0140818255492,0.00156172350935,0.000201070691874,9.38115420008e-06,0.000201070691874,0.156764329719,0.597986508477,0.156758575278
263,0.155308842121,0.131273686405,0.142765466154,0.139604927001,0.0193415322444,0.080942124476,0.183225014022,0.05084725197,0.064214228864,0.000319973580463,0.0238427440865,0.00831420907552,20,12,6,20,0.00240926255227,0.000112406553639,0.00240926255227,0.21436030298,0.0763702711243,0.0015904888103,0.00240926255227,0.000112406553639,0.00240926255227,0.120012831704,0.457795815743,0.120008426322
264,0.024663020887,0.0271902792289,0.161250723899,0.119961139027,0.0258275534985,0.0110292568223,0.0583472642367,0.0979810209889,0.117384914653,0.21883766022,0.0128408540271,0.124686312513,20,12,6,20,4.81828760724e-05,2.24802026604e-06,4.81828760724e-05,0.0162100165824,0.00197682966206,0.00189650577493,4.81828760724e-05,2.24802026604e-06,4.81828760724e-05,0.168495306781,0.64273499193,0.168489121725
265,0.00924626818673,0.0190696748106,0.0959069069321,0.0139185773546,0.281053424103,0.179577444639,0.00451039951163,0.00314781645107,0.0885782013884,0.0707050177703,0.0291374653616,0.205148803491,20,12,6,20,3.74496419281e-05,1.7472504938e-06,3.74496419281e-05,0.034583284127,0.00110788952739,0.00437248280984,3.74496419281e-05,1.7472504938e-06,3.74496419281e-05,0.165066585553,0.629655938557,0.165060526357
266,0.156016927762,0.023663146814,0.0215053232958,0.155531211815,0.0710616076344,0.00225678526734,0.0632428096735,0.132054014852,0.180584614708,0.00207987937183,0.150848495092,0.0411551837153,20,12,6,20,3.46900004019e-05,1.61849665875e-06,3.46900004019e-05,0.0124808257327,0.0109090540276,0.000877353777912,3.46900004019e-05,1.61849665875e-06,3.46900004019e-05,0.167785248067,0.640026432325,0.167779089075
267,0.258559423643,0.0389813101886,0.0123258710711,0.0208740880515,0.0444654717356,0.0467651378474,0.154440616334,0.0287272145595,0.0389222091818,0.181896326915,0.13784907819,0.0361932522821,20,12,6,20,6.49478108797e-05,3.0302050644e-06,6.49478108797e-05,0.0133080145108,0.00348856321425,0.000209596604571,6.49478108797e-05,3.0302050644e-06,6.49478108797e-05,0.169012727532,0.644708723002,0.169006523483
268,0.0722978797207,0.00797594081601,0.0792714458852,0.0507097332196,0.265669772295,0.213308782342,0.179134165187,0.00667336833472,0.0927254452874,0.0088542406382,0.00201296665364,0.0213662596211,20,12,6,20,0.000937246092457,4.37281536897e-05,0.000937246092457,0.362630364963,0.0280311825307,0.010287232127,0.000937246092457,4.37281536897e-05,0.000937246092457,0.102366958146,0.390484621055,0.102363200502
269,0.194328667402,0.130236594373,0.0533075721108,0.0104681468978,0.0382356366619,0.00139594106494,0.0770280261911,0.0885838018449,0.0575880372711,0.181213055859,0.0685544314439,0.0990600888792,20,12,6,20,4.21605205679e-05,1.96704124762e-06,4.21605205679e-05,0.0130654575747,0.00108855523922,0.00145121261859,4.21605205679e-05,1.96704124762e-06,4.21605205679e-05,0.169269709063,0.64568899376,0.16926349558
270,0.0152656931531,0.0137185476768,0.041503638309,0.0216286896967,0.0759995007048,0.249518006265,0.387463664759,0.0249894925396,0.0240916606877,0.0614215779959,0.0469200645727,0.037479463639,20,12,6,20,0.000174990575477,8.16436028947e-06,0.000174990575477,0.105377244491,0.0105424018617,0.000650355107959,0.000174990575477,8.16436028947e-06,0.000174990575477,0.151811951305,0.579095377557,0.151806378654
271,0.134255128091,0.0836973612434,0.203442366817,0.0478071437647,0.0370571324435,0.0240802377679,0.164046601403,0.145929840909,0.0518244900096,0.0243639932487,0.0428313300593,0.0406643742427,20,12,6,20,0.000419623466638,1.95779524594e-05,0.000419623466638,0.127524103706,0.00213163819733,0.0125894627642,0.000419623466638,1.95779524594e-05,0.000419623466638,0.147224030114,0.561594489573,0.147218625875
272,0.135097598867,0.00422644720002,0.138113469843,0.0558096974049,0.310227730832,0.0277199380384,0.0667563920492,0.0643463264011,0.0180389432616,0.00472540801477,0.108659236131,0.0662788119565,20,12,6,20,0.00014344363766,6.69250635868e-06,0.00014344363766,0.0814737545156,0.00368924276109,0.00536579059611,0.00014344363766,6.69250635868e-06,0.00014344363766,0.156312811679,0.596264167072,0.156307073813
273,0.264924313017,0.107452608729,0.000500313294635,0.111260018326,0.0136277870681,0.0237822344981,0.060396277659,0.0248666442291,0.218381206911,0.0557957774618,0.0147135713874,0.10429924742,20,12,6,20,0.000151629038526,7.07440442147e-06,0.000151629038526,0.00108474577539,0.000733238877057,0.00555091633913,0.000151629038526,7.07440442147e-06,0.000151629038526,0.170609154956,0.650798386784,0.170602892305
274,0.172167007899,0.108553519986,0.00598770631278,0.119893438629,0.00683756312631,0.0434485713744,0.199425213812,0.085404312066,0.0303411854168,0.0187014411002,0.129098279262,0.0801417610157,20,12,6,20,7.81701053309e-05,3.64710443432e-06,7.81701053309e-05,0.04977340386,0.00660684934938,0.000431446597956,7.81701053309e-05,3.64710443432e-06,7.81701053309e-05,0.162157536592,0.61855920479,0.16215158418
275,0.0196137065555,0.0289081579419,0.106835107389,0.086806910255,0.000890151002558,0.401529858393,0.000301325693678,0.201529527965,0.029211488566,0.0778604251453,0.0461276030035,0.000385738089876,20,12,6,20,0.000277329627273,1.29390910901e-05,0.000277329627273,0.10806182374,0.0092816516658,0.00892856423802,0.000277329627273,1.29390910901e-05,0.000277329627273,0.150071318728,0.572455634964,0.150065809972
276,0.124576969532,0.00145086682983,0.0114284263148,0.0620911523943,0.0333196048398,0.0180277692374,0.054321550287,0.0631046517556,0.273994273554,0.0374558873643,0.0306443022986,0.289584545592,20,12,6,20,8.74543123883e-05,4.08026839879e-06,8.74543123883e-05,0.0146516961874,0.000946428560489,0.00216836771872,8.74543123883e-05,4.08026839879e-06,8.74543123883e-05,0.168866121416,0.644149485582,0.168859922748
277,0.266168766846,0.144599887058,0.00314075959744,0.109907874958,0.0262330451073,0.00962092542648,0.0178724709032,0.0439417941037,0.20493351616,0.00838365685657,0.158095974516,0.00710132846575,20,12,6,20,0.0002016322949,9.40735635084e-06,0.0002016322949,0.0293719350101,0.0102942890829,0.00111326076408,0.0002016322949,9.40735635084e-06,0.0002016322949,0.164827893608,0.628745434469,0.164821843173
278,0.18781356942,0.214786806828,0.0317259632038,0.0898190227254,0.0619894600641,0.0191219248541,0.0332986852345,0.0024808968587,0.0684437810865,0.0770183540102,0.152541752162,0.0609597835528,20,12,6,20,9.13807386099e-05,4.26345974058e-06,9.13807386099e-05,0.0242196197589,0.00286933275555,0.00262129650327,9.13807386099e-05,4.26345974058e-06,9.13807386099e-05,0.166809231501,0.63630336127,0.166803108337
279,0.0305648878732,0.161318225971,0.0260505686735,0.0334789815983,0.198042377498,0.0126366532019,0.0291200113942,0.00891964862198,0.231572860086,0.0254273728573,0.0752885267808,0.167579885445,20,12,6,20,7.09660316981e-05,3.31099117491e-06,7.09660316981e-05,0.0205335190514,0.00420758305225,0.00149615607124,7.09660316981e-05,3.31099117491e-06,7.09660316981e-05,0.167420899237,0.638636602859,0.16741475362
280,0.0133146657408,0.0133099409233,0.0293627295936,0.210697991197,0.0118108845717,0.153575421064,0.0786378457446,0.0415466235692,0.20841263282,0.0648094124034,0.159392662711,0.0151291896613,20,12,6,20,6.78804208196e-05,3.16702891376e-06,6.78804208196e-05,0.0488587094946,0.00606233702816,0.0010889533315,6.78804208196e-05,3.16702891376e-06,6.78804208196e-05,0.162302659279,0.619112783585,0.16229670154
281,0.131856378916,0.0949325673647,0.0532493966598,0.23009914904,0.0714850328619,0.045041111568,0.0755953107773,0.0786216133057,0.0856112638557,0.0122990292586,0.0578451223963,0.0633640239964,20,12,6,20,0.000179368469258,8.3686153017e-06,0.000179368469258,0.1261178289,0.00284370524595,0.00423121167293,0.000179368469258,8.3686153017e-06,0.000179368469258,0.148950036146,0.568178438377,0.14894456855
282,0.179882828512,0.182179063074,0.0153884948813,0.00459175051283,0.161308519221,0.0413020882322,0.0290055955624,0.077246106137,0.00775025697567,0.0292824143582,0.103408288889,0.168654593644,20,12,6,20,5.588688104e-05,2.6074583218e-06,5.588688104e-05,0.0241703096476,0.00140789032815,0.00410190822113,5.588688104e-05,2.6074583218e-06,5.588688104e-05,0.166839402218,0.636418449197,0.166833277946
283,0.0716754633275,0.111203088641,0.0464726842984,0.121932436048,0.154279038225,0.0497114372826,0.000358540640289,0.105433786956,0.01674415487,0.081181372844,0.172668274872,0.0683397219947,20,12,6,20,0.000107719568168,5.02576417243e-06,0.000107719568168,0.00595003477641,0.00412871543418,0.0004586793489,0.000107719568168,5.02576417243e-06,0.000107719568168,0.170095132623,0.648837619175,0.170088888841
284,0.0593990218754,0.214872923571,0.246318379278,0.0261808067348,0.0438104836617,0.115309245691,0.0471935472106,0.0551423156918,0.109994780425,0.0371927139668,0.0305366662299,0.014049115665,20,12,6,20,0.000462654830375,2.1585623766e-05,0.000462654830375,0.126193305059,0.0297787956707,0.00471072117128,0.000462654830375,2.1585623766e-05,0.000462654830375,0.144022775954,0.54938312235,0.144017489225
285,0.0505088329978,0.0346900637943,0.0969767526435,0.192471527958,0.107259784145,0.00845036472029,0.0296669422249,0.0399917234882,0.0923659491556,0.235381347655,0.0159289650293,0.0963077461882,20,12,6,20,2.01126474327e-05,9.38375678621e-07,2.01126474327e-05,0.000443197087975,0.00233992872793,0.000134139189218,2.01126474327e-05,9.38375678621e-07,2.01126474327e-05,0.171467346716,0.654072008374,0.171461052563
286,0.0250316069696,0.0202317733612,0.0183172922409,0.221688517484,0.0588563430556,0.0345153865027,0.129906550861,0.00616738552465,0.00178599416005,0.184117220941,0.276383241693,0.0229986872065,20,12,6,20,7.80970124845e-05,3.64369421448e-06,7.80970124845e-05,0.0150532205947,0.00190994827386,0.000247279106711,7.80970124845e-05,3.64369421448e-06,7.80970124845e-05,0.168968339103,0.6445394008,0.168962136683
287,0.105222907573,0.0210236955157,0.119518605116,0.108030146489,0.0113612439253,0.225127884636,0.0327146510504,0.0212696276849,0.0817312232626,0.220544077159,0.0400118238248,0.0134441137627,20,12,6,20,2.72235140578e-05,1.27014027188e-06,2.72235140578e-05,0.0441195427472,0.00116197980749,0.00141100402157,2.72235140578e-05,1.27014027188e-06,2.72235140578e-05,0.163933730085,0.62533459653,0.163927712473
288,0.10624032089,0.0429379540905,0.0490078201944,0.0791302972118,0.0478389754921,0.000893623244475,0.0558179975887,0.0197802623585,0.1171634048,0.150997030638,0.0654573020651,0.264735011426,20,12,6,20,4.95080600389e-07,2.30984804918e-08,4.95080600389e-07,5.23103074081e-06,7.58202823224e-05,1.7880619064e-05,4.95080600389e-07,2.30984804918e-08,4.95080600389e-07,0.171965863125,0.65597362775,0.171959550673
289,0.114309577384,0.026894967203,0.193252987347,0.0681519035664,0.0949912353897,0.150010604741,0.0585639300636,0.0884814779522,0.0110872742438,0.0986576161343,0.0763111187207,0.0192873072546,20,12,6,20,5.84192576856e-05,2.72560888658e-06,5.84192576856e-05,0.0965277764646,0.00100017069175,0.00084515336774,5.84192576856e-05,2.72560888658e-06,5.84192576856e-05,0.15502357703,0.591346307709,0.155017886488
290,0.0700271717126,0.0233915985856,0.163568204972,0.16982010063,0.115899520023,0.0361914993412,0.0325119807613,0.0417553243876,0.223773904286,0.021830552548,0.0613597044475,0.039870438305,20,12,6,20,0.000182877925947,8.53235251299e-06,0.000182877925947,0.145711543943,0.00306797330323,0.00352395483496,0.000182877925947,8.53235251299e-06,0.000182877925947,0.145660841196,0.555631615975,0.145655494338
291,0.0812625084977,0.112873766738,0.0836325215106,0.0747138662392,0.242148912084,0.0496981269111,0.0198312862278,0.0419976142366,0.00887639224986,0.0141444250542,0.0251982967442,0.245622283506,20,12,6,20,4.67194848117e-05,2.17974428338e-06,4.67194848117e-05,0.045392753889,0.00400667394013,0.000523941752809,4.67194848117e-05,2.17974428338e-06,4.67194848117e-05,0.163364354488,0.623162680726,0.163358357776
292,0.0362732293485,0.0615963558907,0.0226227910083,0.106259670424,0.0128759787453,0.0306542951348,0.225666480776,0.175702370273,0.0437879629642,0.0794432570441,0.104878096183,0.100239512207,20,12,6,20,8.66782679442e-05,4.0440612692e-06,8.66782679442e-05,0.00445423317034,0.00170337762194,0.00318708654713,8.66782679442e-05,4.0440612692e-06,8.66782679442e-05,0.170315075234,0.649676602854,0.170308823378
293,0.195975912553,0.0974983399826,0.0646849837838,0.216731373871,0.0542651501868,0.0615776186475,0.124311085399,0.0424572744311,0.0484079869045,0.0133776262614,0.0578870966079,0.0228255513721,20,12,6,20,0.000143336480381,6.68750682865e-06,0.000143336480381,0.207369701068,0.00342453846958,0.00480912990597,0.000143336480381,6.68750682865e-06,0.000143336480381,0.134802157051,0.514210543781,0.134797208789
294,0.242898691144,0.0319713712834,0.0861968961444,0.055565157627,0.00228498853745,0.297903269681,0.043536548399,0.0280901355479,0.0668833222516,0.0741647161291,0.0473314434288,0.0231734598267,20,12,6,20,0.000515702037458,2.40605942596e-05,0.000515702037458,0.0156453109506,0.0114130874243,0.00441367970094,0.000515702037458,2.40605942596e-05,0.000515702037458,0.166207512322,0.634008069019,0.166201411245
295,0.142237562161,0.0807989996416,0.0438203643648,0.186852789795,0.142940698862,0.0421655784901,0.0187872502962,0.0312464949156,0.0257829636528,0.13212602655,0.105876028153,0.0473652431181,20,12,6,20,7.81024963918e-06,3.64395007166e-07,7.81024963918e-06,0.056157551127,0.00089553107682,0.00074142374528,7.81024963918e-06,3.64395007166e-07,7.81024963918e-06,0.162038042423,0.618103387442,0.162032094398
296,0.0670577080295,0.098132195776,0.00830515748892,0.00729108989512,0.186381801616,0.0916999692836,0.0640958449428,0.0367693505635,0.113191247195,0.0237418339114,0.135621286788,0.16771251451,20,12,6,20,2.10403476786e-05,9.81658461293e-07,2.10403476786e-05,0.0389134344183,0.00161914473861,0.00131917746274,2.10403476786e-05,9.81658461293e-07,2.10403476786e-05,0.164770614151,0.628526938703,0.164764565819
297,0.0116597929567,0.166177514707,0.0224559635534,0.082892756858,0.18603930047,0.0415273175164,0.117680822883,0.135856540148,0.00871083567137,0.00248046210109,0.05952631808,0.164992375056,20,12,6,20,1.49185672999e-05,6.96040675943e-07,1.49185672999e-05,0.0656340192207,0.000852318888156,0.000850905290383,1.49185672999e-05,6.96040675943e-07,1.49185672999e-05,0.160391847528,0.611823882791,0.16038595993
298,0.0695210426272,0.344578224116,0.0287963653528,0.0118814556381,0.118745729277,0.0484604166204,0.0496460088975,0.0529275511222,0.021603792004,0.0107803880233,0.145840811017,0.0972182153038,20,12,6,20,7.29207078687e-05,3.40218854632e-06,7.29207078687e-05,0.0354786176168,0.000688379559729,0.00392676040302,7.29207078687e-05,3.40218854632e-06,7.29207078687e-05,0.16503643771,0.629540937882,0.16503037962
299,0.105001852681,0.00419348345616,0.0117494576291,0.0317943530246,0.180044285269,0.145943455009,0.0714060769692,0.0506538537438,0.0112155964629,0.201939675933,0.0133838237604,0.172674086062,20,12,6,20,1.74787430781e-05,8.15488237052e-07,1.74787430781e-05,0.0292479315624,0.000161101796453,0.000605881647613,1.74787430781e-05,8.15488237052e-07,1.74787430781e-05,0.166808859663,0.63630194287,0.166802736512
300,0.0504669334297,0.02855121241,0.0436419144961,0.0358650452105,0.0343694568666,0.197913177848,0.00714336729776,0.0378449903511,0.274383396525,0.222785184684,0.0645191894329,0.00251613144911,20,12,6,20,9.60433677248e-05,4.48099936457e-06,9.60433677248e-05,0.0211609896818,0.00289548403986,0.00280210501594,9.60433677248e-05,4.48099936457e-06,9.60433677248e-05,0.167296388554,0.638161649731,0.167290247507
301,0.0616144485358,0.0563253608681,0.163800777619,0.0246079908306,0.232143544393,0.119051588676,0.0232588861066,0.0904740641764,0.0544368978256,0.00312806299552,0.0903620048071,0.0807963731664,20,12,6,20,9.42064076507e-05,4.39529415535e-06,9.42064076507e-05,0.0914506351074,0.000466107417532,0.00303000354362,9.42064076507e-05,4.39529415535e-06,9.42064076507e-05,0.15558765905,0.593498030861,0.155581947802
302,0.468669545241,0.132114757448,0.109210574292,0.0440494757173,0.0183791395745,0.121821844347,0.0405715392388,0.0261228896082,0.0162365801632,0.0144074697452,0.00559066513122,0.00282551949354,20,12,6,20,0.00108756630637,5.07414935899e-05,0.00108756630637,0.278530956089,0.0606577855465,0.0768636398687,0.00108756630637,5.07414935899e-05,0.00108756630637,0.0996635693903,0.380172389912,0.0996599109811
303,0.168773304152,0.215142877534,0.0325331383115,0.124110773343,0.0274085269055,0.0237812090151,0.0652821250085,0.0503770914957,0.159474596469,0.0557522870007,0.0186026099549,0.058761460811,20,12,6,20,0.00017495036427,8.16248419538e-06,0.00017495036427,0.0972835297225,0.00484083501046,0.00840064692786,0.00017495036427,8.16248419538e-06,0.00017495036427,0.152851616462,0.583061239805,0.152846005647
304,0.162112585262,0.0570384565596,0.00998277766912,0.0875441259911,0.00569359460577,0.0106446432264,0.282561851555,0.0403250684754,0.0851626187121,0.109592961779,0.0868060428884,0.0625352732759,20,12,6,20,3.81530873873e-05,1.78007044514e-06,3.81530873873e-05,0.0330577921429,0.00350709457965,0.00177440502071,3.81530873873e-05,1.78007044514e-06,3.81530873873e-05,0.165362652149,0.630785301532,0.165356582085
305,0.235775599123,0.0306587395626,0.0582496337259,0.0472280393795,0.0437455166187,0.00966662797693,0.238674827714,0.0329707409353,0.0393214310516,0.140460679873,0.0729837305293,0.0502644335101,20,12,6,20,2.91363727194e-05,1.3593866056e-06,2.91363727194e-05,0.0364691079362,0.00165217553368,0.000196104816083,2.91363727194e-05,1.3593866056e-06,2.91363727194e-05,0.165372766772,0.630823884341,0.165366696337
306,0.105098469454,0.331158937551,0.00322021241039,0.146397094322,0.0445519017697,0.06840324997,0.0341853948157,0.0450231692648,0.050334227553,0.163598951451,0.00238752535044,0.00564086608834,20,12,6,20,0.00037612581067,1.75485258226e-05,0.00037612581067,0.0581174435296,0.00274200968084,0.00516594783894,0.00037612581067,1.75485258226e-05,0.00037612581067,0.16036317937,0.611714526461,0.160357292825
307,0.0130904350846,0.203213916781,0.237516766093,0.0725787066318,0.00979273423652,0.0604772896861,0.198062571081,0.00380977338771,0.0252728221959,0.0858710774211,0.0779650446783,0.0123488627234,20,12,6,20,9.64415735999e-05,4.49957805788e-06,9.64415735999e-05,0.0496583467034,0.0111830517417,0.00395750739406,9.64415735999e-05,4.49957805788e-06,9.64415735999e-05,0.160771008363,0.613270213499,0.160765106848
308,0.00569494919708,0.107800301085,0.00977721984276,0.172988377807,0.0621450045458,0.0611021591847,0.017997092129,0.22444775495,0.0254292223191,0.271366952082,0.0280811228739,0.0131698439842,20,12,6,20,6.18391368599e-05,2.88516676934e-06,6.18391368599e-05,0.00676052591962,0.000991912921777,0.00446921718362,6.18391368599e-05,2.88516676934e-06,6.18391368599e-05,0.169837772874,0.647855905681,0.169831538539
309,0.0664944225157,0.0713420702961,0.0221736090682,0.104073107757,0.0844097196888,0.0850962109311,0.0847744104334,0.0664404912879,0.0977910224562,0.22102602864,0.0563291974576,0.0400497094684,20,12,6,20,6.11385844196e-05,2.85248179468e-06,6.11385844196e-05,0.0244040876369,0.000798825513709,0.00376984294486,6.11385844196e-05,2.85248179468e-06,6.11385844196e-05,0.166957357816,0.636868397574,0.166951229214
310,0.25522763082,0.0826067111783,0.112337288037,0.0455121342628,0.0295421245497,0.0484461007191,0.0804324305029,0.0300577176097,0.0514503133258,0.103584099819,0.0632874781854,0.0975159709901,20,12,6,20,2.69989680259e-05,1.25966385222e-06,2.69989680259e-05,0.0511864791354,0.000175462246144,0.000805379498009,2.69989680259e-05,1.25966385222e-06,2.69989680259e-05,0.162992315373,0.621743516229,0.162986332318
311,0.0116050882981,0.162416224158,0.163328073806,0.0114090220814,0.00246203170957,0.078647329092,0.0534771533814,0.138018079324,0.0737719469895,0.0402200926603,0.00829121678078,0.256353741719,20,12,6,20,7.9656910665e-05,3.71647282399e-06,7.9656910665e-05,0.0285184782259,0.00086982742126,0.0020633958783,7.9656910665e-05,3.71647282399e-06,7.9656910665e-05,0.166517984233,0.635192381894,0.166511871759
312,0.0522738015612,0.0650945509721,0.1281009372,0.0869176124846,0.0391356846314,0.0246024219232,0.12073091603,0.0385966360991,0.24098488128,0.0537960272836,0.00901165756547,0.14075487297,20,12,6,20,0.000124346225704,5.80149750644e-06,0.000124346225704,0.041633285058,0.00475691098728,0.00323013354977,0.000124346225704,5.80149750644e-06,0.000124346225704,0.163361824531,0.623153030063,0.163355827913
313,0.38774811116,0.163161067881,0.0411739272364,0.0200635247093,0.127385177568,0.0920201560051,0.0668765224225,0.00228778294913,0.0421944630437,0.0238673344774,0.0150948171687,0.0181271153796,20,12,6,20,0.000191052839608,8.91376128476e-06,0.000191052839608,0.310849515942,0.0097749239705,0.00103042685585,0.000191052839608,8.91376128476e-06,0.000191052839608,0.116529486978,0.44450839791,0.116525209462
314,0.126990701033,0.0139266870277,0.040842028024,0.104268240984,0.0522821070965,0.198731293261,0.0448615613241,0.135155075872,0.140114084203,0.0201821996833,0.0458373880084,0.076808633483,20,12,6,20,0.000339703427477,1.58492031124e-05,0.000339703427477,0.0946500455229,0.0100008609467,0.00237919558247,0.000339703427477,1.58492031124e-05,0.000339703427477,0.153336699265,0.584911615923,0.153331070644
315,0.0633209766369,0.170388889222,0.0692076025738,0.125993388916,0.00132584324088,0.0304303355383,0.0737940983261,0.0238865677172,0.0221513575956,0.242154944448,0.0704428369875,0.106903158798,20,12,6,20,1.31127123381e-05,6.11786706846e-07,1.31127123381e-05,0.0271395398167,0.000242720981183,0.000301535419818,1.31127123381e-05,6.11786706846e-07,1.31127123381e-05,0.167212846596,0.637842974149,0.167206708615
316,0.021201245506,0.0742679393363,0.0855281613016,0.0691440288827,0.105676001131,0.130396959143,0.0894394620675,0.0935495498601,0.0925044942143,0.0326648533304,0.04572783001,0.159899475217,20,12,6,20,0.000105464895464,4.92057016275e-06,0.000105464895464,0.02508437203,0.00855570526767,0.000366823285528,0.000105464895464,4.92057016275e-06,0.000105464895464,0.166060364524,0.633446765322,0.166054268849
317,0.0678787827064,0.10251647517,0.168095203591,0.00108951868414,0.0676597991013,0.109189988382,0.202065237992,0.0144302134234,0.0347685990388,0.137146694083,0.0807545396228,0.0144049482048,20,12,6,20,0.000115951358922,5.40982660184e-06,0.000115951358922,0.0214586048873,0.00978110710756,0.000489274732258,0.000115951358922,5.40982660184e-06,0.000115951358922,0.166444745227,0.634913007515,0.166438635442
318,0.0698239766302,0.0390449296222,0.0190947228299,0.0150119944664,0.183632268893,0.091441827049,0.0264082799487,0.242818683344,0.0264540189687,0.0624724088676,0.0851263027246,0.138670586656,20,12,6,20,4.02579625081e-05,1.87827549878e-06,4.02579625081e-05,0.0217968181245,0.0018304939484,0.000786384438844,4.02579625081e-05,1.87827549878e-06,4.02579625081e-05,0.167756139153,0.639915394705,0.16774998123
319,0.0250162567631,0.0528613978259,0.258248172487,0.065126752039,0.2528459187,0.026490165655,0.0280183222833,0.0605923167571,0.0813810736963,0.0639257535677,0.0556805009541,0.0298133692716,20,12,6,20,0.000171538001476,8.00327699688e-06,0.000171538001476,0.0177718261386,0.0117275140861,0.00601940274581,0.000171538001476,8.00327699688e-06,0.000171538001476,0.165753838781,0.632277505331,0.165747754357
320,0.107061549925,0.0121123982519,0.073486059159,0.166688902491,0.0738585404886,0.0361226080881,0.000424033020034,0.0366052418686,0.00429374172988,0.12668705697,0.232948777234,0.129711090774,20,12,6,20,1.22697432605e-05,5.72457141561e-07,1.22697432605e-05,0.0119704992807,0.00174735872134,0.000754648988117,1.22697432605e-05,5.72457141561e-07,1.22697432605e-05,0.169485560174,0.64651237018,0.169479338768
321,0.0128986284251,0.0304206138834,0.193918270286,0.00383762911404,0.264160416518,0.0431623277262,0.000921307957667,0.0182073607818,0.106775169122,0.172071717835,0.119667765828,0.0339587925219,20,12,6,20,3.91298727205e-05,1.82564334165e-06,3.91298727205e-05,0.0115889579224,0.00111707119594,0.001437982937,3.91298727205e-05,1.82564334165e-06,3.91298727205e-05,0.169523146772,0.646655746408,0.169516923986
322,0.081696855916,0.00622675500354,0.0806125893283,0.0766337770654,0.11054158376,0.0393829163902,0.216834218621,0.0705457178662,0.0557497149163,0.0360076123102,0.152199012292,0.0735692465309,20,12,6,20,6.26469613678e-05,2.92285662958e-06,6.26469613678e-05,0.0460613857153,0.00248621404381,0.000873111817495,6.26469613678e-05,2.92285662958e-06,6.26469613678e-05,0.163439590592,0.623449673153,0.163433591119
323,0.0980074497645,0.0533172571148,0.102977593187,0.126200558716,0.130181731222,0.132663044232,0.0375623241447,0.0974972824558,0.00534203076911,0.151206827524,0.062461350353,0.00258255051649,20,12,6,20,0.000135464795076,6.32024547906e-06,0.000135464795076,0.00584076671394,0.00169710353779,0.00640768579119,0.000135464795076,6.32024547906e-06,0.000135464795076,0.169489459922,0.646527245991,0.169483238373
324,0.0145189143588,0.0230520215263,0.0108629028794,0.0040538470232,0.0553307755103,0.196051048739,0.122783852992,0.0775213175036,0.409832396954,0.0183231655311,0.00859611872287,0.0590736382591,20,12,6,20,8.47880317526e-05,3.95587040945e-06,8.47880317526e-05,0.197702462908,0.00646059183202,0.00920147410711,8.47880317526e-05,3.95587040945e-06,8.47880317526e-05,0.135228417076,0.515836537043,0.135223453167
325,0.018645674071,0.0789042422433,0.0624500343791,0.0398357980645,0.0574817738372,0.0135972178679,0.0973899919691,0.200597601631,0.0462801980644,0.141107679056,0.076552851286,0.167156937531,20,12,6,20,3.92701784423e-05,1.8321894454e-06,3.92701784423e-05,0.0174259802401,0.000354111048359,0.00168945777119,3.92701784423e-05,1.8321894454e-06,3.92701784423e-05,0.168607144964,0.643161605081,0.168600955802
326,0.0154061730249,0.264584045669,0.0264185555552,0.00434507722496,0.0237939913388,0.0901129788315,0.00970938609153,0.161701886227,0.0896940749181,0.0547241928487,0.00422762406186,0.255282014209,20,12,6,20,6.28865736558e-05,2.93403598048e-06,6.28865736558e-05,0.0283363454924,0.0009904985248,0.00168595133725,6.28865736558e-05,2.93403598048e-06,6.28865736558e-05,0.166605274731,0.635525356495,0.166599159053
327,0.020144964835,0.105030675802,0.0220684077876,0.0351109011663,0.0574521708402,0.116719712098,0.0594620515607,0.0933046905811,0.181910389067,0.10118266102,0.105890920482,0.101722454759,20,12,6,20,5.47318193814e-05,2.55356776506e-06,5.47318193814e-05,0.0170039018893,0.0020918420145,0.00349717617512,5.47318193814e-05,2.55356776506e-06,5.47318193814e-05,0.168059092838,0.641071028877,0.168052923794
328,0.0356322584157,0.0115440712697,0.0873085999239,0.0335971879489,0.0364896157208,0.0504932954541,0.0567609446997,0.354326132262,0.0125063263355,0.0591191188546,0.200692018598,0.0615304305175,20,12,6,20,6.79344472388e-05,3.16954957038e-06,6.79344472388e-05,0.0209633579882,0.00241101109747,0.00192207224309,6.79344472388e-05,3.16954957038e-06,6.79344472388e-05,0.167584838132,0.639261957155,0.167578686496
329,0.0425475306963,0.0510015261039,0.0892804410514,0.07973183571,0.0372780401001,0.0757950030003,0.25859864582,0.149973940942,0.0740081148272,0.088508948341,0.0283641261459,0.024911847262,20,12,6,20,0.000355613030302,1.65914815418e-05,0.000355613030302,0.0407282023157,0.0146122855704,0.00371030913635,0.000355613030302,1.65914815418e-05,0.000355613030302,0.161577134881,0.616345229239,0.161571203774
330,0.143468815367,0.0821902888648,0.0354923918377,0.0637955686821,0.115228890857,0.0575911585027,0.0361926817498,0.159997199677,0.115976014219,0.0510144023703,0.0658281322248,0.0732244556479,20,12,6,20,8.15438829383e-05,3.80451140237e-06,8.15438829383e-05,0.0304251857827,0.00510843471374,0.00749509970052,8.15438829383e-05,3.80451140237e-06,8.15438829383e-05,0.164525602818,0.62759232895,0.16451956348
331,0.00548413317313,0.0785637745404,0.117218927354,0.149971731173,0.27240754656,0.124335652215,0.0237335482772,0.0800217073491,0.0736529245429,0.0567377830406,0.0160632848542,0.00180898692075,20,12,6,20,0.000438314850147,2.04500176485e-05,0.000438314850147,0.106255059134,0.0392949965727,0.00412055890758,0.000438314850147,2.04500176485e-05,0.000438314850147,0.145933825776,0.556672931278,0.145928468897
332,0.0679835466636,0.144141620664,0.208697361502,0.00833336511162,0.227174601797,0.0216924939252,0.0137937796615,0.034750148222,0.015016411028,0.00202375164788,0.224070124607,0.0323227951706,20,12,6,20,8.95650733764e-05,4.17874806345e-06,8.95650733764e-05,0.0354376221239,0.00213343774781,0.000468216111112,8.95650733764e-05,4.17874806345e-06,8.95650733764e-05,0.165378056766,0.630844063325,0.165371986136
333,0.327896654031,0.209791378128,0.00125581953387,0.0213686266308,0.0624538990844,0.0163056018491,0.07097329743,0.0623259942539,0.0425535851045,0.0852572791253,0.0437075161524,0.0561103486769,20,12,6,20,0.000183759827949,8.57349853278e-06,0.000183759827949,0.0350384454937,0.0043406053572,0.0044774700833,0.000183759827949,8.57349853278e-06,0.000183759827949,0.164311276893,0.626774770441,0.164305245423
334,0.0106366363074,0.0120447973685,0.0193978258123,0.262006009243,0.0022675760905,0.0583122746652,0.106843873238,0.228627733099,0.105365373371,0.0569484497823,0.0358058285333,0.10174362249,20,12,6,20,0.000305145679394,1.42368768178e-05,0.000305145679394,0.0481004046186,0.00672146200627,0.00258853468265,0.000305145679394,1.42368768178e-05,0.000305145679394,0.161894783484,0.61755691802,0.161888840717
335,0.0627982025825,0.00905696031081,0.314262649656,0.200194402857,0.0369515448174,0.0102068076226,0.000165799323873,0.0406104828705,0.111271670041,0.122883212659,0.0757081776852,0.0158900895744,20,12,6,20,0.000133247336782,6.21678774492e-06,0.000133247336782,0.0202172953708,0.00371467632071,0.00776918949865,0.000133247336782,6.21678774492e-06,0.000133247336782,0.166437354713,0.634884815975,0.166431245199
336,0.0063510443291,0.0988453372309,0.0382431541455,0.16099870505,0.0299412204413,0.0686370201187,0.0535915762771,0.298634300131,0.0288232135833,0.0902732803102,0.0791337245304,0.0465274238531,20,12,6,20,0.000210970247657,9.84302787469e-06,0.000210970247657,0.0198460920675,0.00696815541368,0.00327602895885,0.000210970247657,9.84302787469e-06,0.000210970247657,0.166659684417,0.635732905356,0.166653566742
337,0.122217736022,0.0302464047543,0.147130398134,0.175707731316,0.0275459515483,0.0592592704468,0.0370585933799,0.113454853408,0.112150864927,0.0912278691088,0.045542503354,0.0384578235998,20,12,6,20,0.00012021976144,5.60897318975e-06,0.00012021976144,0.0622278871292,0.00197790038397,0.0114375784866,0.00012021976144,5.60897318975e-06,0.00012021976144,0.158889203725,0.606091961997,0.158883371286
338,0.213149611439,0.00927640573912,0.0346739696286,0.117937047026,0.00957444143339,0.0672121460885,0.0568009877601,0.147911221549,0.012181508332,0.080443431855,0.0811468785995,0.16969235055,20,12,6,20,3.20816837631e-05,1.49680303765e-06,3.20816837631e-05,0.0418138220813,0.00149187613418,0.000291642131228,3.20816837631e-05,1.49680303765e-06,3.20816837631e-05,0.164462630139,0.627352116061,0.164456593113
339,0.0347505695956,0.00467614464929,0.34014369568,0.0357586484097,0.0489723923959,0.0744929324125,0.12181280354,0.0154083289187,0.0948547648199,0.0160157103263,0.175729190249,0.0373848190027,20,12,6,20,5.01742202618e-05,2.34092842054e-06,5.01742202618e-05,0.0026763490585,0.00270702370565,0.00309898444724,5.01742202618e-05,2.34092842054e-06,5.01742202618e-05,0.170489081428,0.650340359438,0.170482823185
340,0.185833501166,0.0359029281347,0.0753905481398,0.0467624771341,0.100126200311,0.0617837472617,0.00406106778501,0.0239355963358,0.375385727839,0.0128965580257,0.0354245908703,0.042497056996,20,12,6,20,0.000293055192543,1.36727830633e-05,0.000293055192543,0.152781712634,0.0119760883196,0.00724806512178,0.000293055192543,1.36727830633e-05,0.000293055192543,0.142194797209,0.542410192798,0.142189577581
341,0.104293391771,0.00725502906699,0.205785940662,0.175407293389,0.144861301685,0.0126430565396,0.161596087484,0.0665264891611,0.0599153279209,0.00377778356554,0.0476450957634,0.0102932029916,20,12,6,20,0.000607351088335,2.83365723774e-05,0.000607351088335,0.117079247917,0.0205294992395,0.0354966524487,0.000607351088335,2.83365723774e-05,0.000607351088335,0.141784437545,0.540844852372,0.14177923298
342,0.165339980065,0.0146336105716,0.0422749574145,0.0135357646344,0.0127360836052,0.0419492564859,0.113984959228,0.123236140045,0.0722248706352,0.216238203302,0.00569351130429,0.178152662708,20,12,6,20,3.08067640285e-05,1.43732038251e-06,3.08067640285e-05,0.000345940915136,0.00106408186865,0.000200303932209,3.08067640285e-05,1.43732038251e-06,3.08067640285e-05,0.171684589725,0.654900694265,0.171678287597
343,0.021502895259,0.0510127043398,0.0362888870988,0.0116864487027,0.216618581291,0.0868714571524,0.157991944223,0.0036141187392,0.254299769699,0.0388086942554,0.00891516731703,0.112389331922,20,12,6,20,6.10118425043e-05,2.84656852388e-06,6.10118425043e-05,0.12108812128,0.000528038845459,0.00497874603378,6.10118425043e-05,2.84656852388e-06,6.10118425043e-05,0.150168074714,0.572824716212,0.150162562407
344,0.0499399404233,0.0703561400358,0.333802667681,0.0212772387062,0.00957249689115,0.115658573184,0.0718112120974,0.0447025145494,0.0276624208892,0.0749079549456,0.121503376985,0.0588054636117,20,12,6,20,1.75074615731e-05,8.16828127154e-07,1.75074615731e-05,0.0457444311435,0.00226923720255,0.000180070007038,1.75074615731e-05,8.16828127154e-07,1.75074615731e-05,0.163682386756,0.624375833018,0.163676378371
345,0.169978259808,0.139858000482,0.0202767396352,0.0674607015777,0.0192671587261,0.0934986910082,0.00870463418363,0.101374173976,0.0418855686611,0.169118447442,0.0247024953062,0.143875129194,20,12,6,20,1.42760801781e-05,6.66064796788e-07,1.42760801781e-05,0.029816443699,0.000894584548174,0.000285577395896,1.42760801781e-05,6.66064796788e-07,1.42760801781e-05,0.166642279954,0.635666515036,0.166636162917
346,0.0545655058354,0.163230015934,0.058828167588,0.0907899556408,0.0618621822451,0.0892973595416,0.018028053318,0.00693413631348,0.0437909681578,0.118822779912,0.113109232456,0.180741643058,20,12,6,20,5.22274449712e-05,2.43672367258e-06,5.22274449712e-05,0.0237248685559,0.00120234152503,0.000440379265308,5.22274449712e-05,2.43672367258e-06,5.22274449712e-05,0.167583659297,0.639257460424,0.167577507705
347,0.0331313401362,0.333245730182,0.0253852841749,0.132799547589,0.150428483141,9.96646731294e-05,0.0703202945271,0.0571655137763,0.116828648363,0.0170750357,0.0321893319372,0.0313311258001,20,12,6,20,0.000779789377689,3.63818532054e-05,0.000779789377689,0.0195145401867,0.0247537388049,0.00895165213764,0.000779789377689,3.63818532054e-05,0.000779789377689,0.162281333918,0.619031436774,0.162275376962
348,0.0515692228536,0.147379848444,0.0155443862724,0.0848297425034,0.143121600242,0.0867884188074,0.0890796246572,0.0759897032862,0.0281500000723,0.159157739489,0.0876343057756,0.0307554075975,20,12,6,20,6.73618763581e-05,3.14283570336e-06,6.73618763581e-05,0.0200748937372,0.002993111608,0.000416273015746,6.73618763581e-05,3.14283570336e-06,6.73618763581e-05,0.167896902844,0.640452345864,0.167890739754
349,0.105346485201,0.237820063041,0.0121528096775,0.0448848749691,0.109493963832,0.000439992240713,0.0347803128863,0.0286896172565,0.353699570028,0.0107617621085,0.0461951080979,0.0157354406619,20,12,6,20,0.000114506173093,5.34240001181e-06,0.000114506173093,0.127806066522,0.0185479030541,0.00391449357491,0.000114506173093,5.34240001181e-06,0.000114506173093,0.146058961013,0.557150266803,0.146053599541
350,0.0509310713947,0.0476246226329,0.0236446593995,0.0746348615238,0.0193710279307,0.117110638997,0.0561854374901,0.0932233795333,0.0218591963929,0.0688218880932,0.150518110834,0.276075105778,20,12,6,20,3.67613248992e-05,1.7151363745e-06,3.67613248992e-05,0.00412610595548,0.00161770067093,0.000495104789289,3.67613248992e-05,1.7151363745e-06,3.67613248992e-05,0.170884358897,0.65184816797,0.170878086144
351,0.00734412470474,0.00198148778278,0.0503947313904,0.0761443232499,0.147538952326,0.152101100659,0.0306860581042,0.00936319912083,0.230511845945,0.0244463233573,0.129824557368,0.139663295992,20,12,6,20,1.40924004724e-05,6.57495036439e-07,1.40924004724e-05,0.0503432311577,0.0014960478694,0.000756932141424,1.40924004724e-05,6.57495036439e-07,1.40924004724e-05,0.162927639416,0.621496806088,0.162921658735
352,0.0993251849462,0.0216235759109,0.082834849104,0.17625020268,0.0891956426162,0.0042876388103,0.0702170754381,0.0161450732052,0.132223531169,0.101986917088,0.118201899106,0.0877084099252,20,12,6,20,9.46444746406e-05,4.41573260883e-06,9.46444746406e-05,0.0283920838518,0.00321622530337,0.00200453461377,9.46444746406e-05,4.41573260883e-06,9.46444746406e-05,0.166135753057,0.633734339196,0.166129654614
353,0.0106313262775,0.00256514067564,0.145553581164,0.12515496563,0.14377024539,0.17694693102,0.210396003821,0.0769971105022,0.0399300995798,0.018903228335,0.0280727229197,0.021078644685,20,12,6,20,6.52788148853e-05,3.04564838729e-06,6.52788148853e-05,0.253436200329,0.0100054645375,0.000244163280327,6.52788148853e-05,3.04564838729e-06,6.52788148853e-05,0.126587731789,0.482876148449,0.126583085059
354,0.0822259413216,0.12865794189,0.00926087385452,0.00691677251047,0.141196057318,0.065458839872,0.0291606146777,0.247966006976,0.121214556602,0.0179692076477,0.0990623010857,0.0509108862447,20,12,6,20,8.66910548381e-05,4.04465785452e-06,8.66910548381e-05,0.0473042513427,0.0074149586879,0.00431553559553,8.66910548381e-05,4.04465785452e-06,8.66910548381e-05,0.161769211414,0.617077916169,0.161763273256
355,0.00729321916141,0.0258268987655,0.0266496673165,0.0620642310213,0.0711622702985,0.0639102862064,0.273916816809,0.0926839640839,0.156732932859,0.0338040498739,0.0814615441182,0.104494119486,20,12,6,20,8.64228472922e-05,4.03214436326e-06,8.64228472922e-05,0.0158207546528,0.00608510703086,0.00330440826596,8.64228472922e-05,4.03214436326e-06,8.64228472922e-05,0.167586642681,0.639268840712,0.16758049098
356,0.0998535080684,0.0490580802484,0.141282384829,0.0108816925766,0.0644631316015,0.0521047698639,0.0521293860494,0.0532433766945,0.0126279062458,0.0102719604924,0.254317162132,0.199766641198,20,12,6,20,1.11233534573e-05,5.18971178902e-07,1.11233534573e-05,0.00126384486289,0.000788283519467,0.00053619067255,1.11233534573e-05,5.18971178902e-07,1.11233534573e-05,0.171530248194,0.654311949663,0.171523951732
357,0.0891683380714,0.11671160091,0.0546853988129,0.119255755404,0.0837015139068,0.0776357010768,0.037457015455,0.0208288259228,0.0823016414722,0.0800750795627,0.209105762164,0.0290733672418,20,12,6,20,1.174869981e-05,5.48147338335e-07,1.174869981e-05,0.00773100335113,0.00380121043032,0.00046432044056,1.174869981e-05,5.48147338335e-07,1.174869981e-05,0.169911752764,0.648138106207,0.169905515713
358,0.00139202995476,0.183759040188,0.122135066485,0.085761015317,0.000488580801081,0.038860085139,0.263173214697,0.0134205875313,0.023365633089,0.128276418571,0.0968723892014,0.0424959390248,20,12,6,20,4.47664977494e-05,2.08862571899e-06,4.47664977494e-05,0.0380969985096,0.00380141166296,0.00115228958937,4.47664977494e-05,2.08862571899e-06,4.47664977494e-05,0.164547713282,0.627676670581,0.164541673133
359,0.00476398655299,0.0318093970218,0.0265087126795,0.338468972848,0.0458603249326,0.0368993264014,0.0365620511636,0.0567928510098,0.171349034646,0.069770730584,0.0291979163616,0.152016695799,20,12,6,20,2.06893276958e-05,9.65281272977e-07,2.06893276958e-05,0.0811696093014,0.0003665108748,0.000790056418812,2.06893276958e-05,9.65281272977e-07,2.06893276958e-05,0.157809939933,0.601975048488,0.157804147111
360,0.00559051861905,0.13935013021,0.0812012663124,0.035744710798,0.0109145417857,0.143484054036,0.0558241897075,0.041303803378,0.167006806681,0.0138097307383,0.110355587884,0.195414659851,20,12,6,20,4.06579540647e-05,1.89693750484e-06,4.06579540647e-05,0.0185019569266,0.00209625616716,0.000629400285008,4.06579540647e-05,1.89693750484e-06,4.06579540647e-05,0.168303810423,0.642004518111,0.168297632396
361,0.160174996664,0.068965030704,0.00174236758043,0.154830090669,0.0549563140976,0.0457179471693,0.0623131867694,0.0509999889997,0.226629617181,0.00532361468777,0.0177750119498,0.150571833528,20,12,6,20,0.000154889983367,7.22654706396e-06,0.000154889983367,0.046251769048,0.0110090364173,0.00157120683223,0.000154889983367,7.22654706396e-06,0.000154889983367,0.161756067395,0.617027777559,0.16175012972
362,0.0793833902621,0.0180161170254,0.0410673382174,0.192488468064,0.0414608778096,0.129418327767,0.0681718778108,0.226648056397,0.103636352112,0.0264256297484,0.0686639863923,0.00461957839359,20,12,6,20,0.000129490827749,6.04152405945e-06,0.000129490827749,0.196448175059,0.00100145674487,0.00705334239621,0.000129490827749,6.04152405945e-06,0.000129490827749,0.136720985914,0.521530026309,0.136715967217
363,0.00634029501749,0.060069098377,0.0421347642936,0.00746292216023,0.0634366519413,0.0156492633944,0.00764904171386,0.143847559177,0.0887977699234,0.443606839737,0.00477031411736,0.116235480147,20,12,6,20,5.94381122748e-06,2.77314456629e-07,5.94381122748e-06,0.00025843696681,0.00049742724948,8.85721541755e-05,5.94381122748e-06,2.77314456629e-07,5.94381122748e-06,0.171833813064,0.655469915233,0.171827505459
364,0.171200430751,0.055992606415,0.0400457176952,0.00465165960329,0.036762809625,0.0511533229995,0.0295184516362,0.27254346609,0.135927648995,0.0196651198472,0.0245255461145,0.158013220228,20,12,6,20,0.000128479298363,5.99433014444e-06,0.000128479298363,0.045433221843,0.00472645420154,0.000895058931156,0.000128479298363,5.99433014444e-06,0.000128479298363,0.163112221262,0.622200904104,0.163106233805
365,0.30846734882,0.0110904322033,0.00801074332665,0.0361660755644,0.196020882024,0.0235190690323,0.10062104898,0.0419747331826,0.130528479392,0.00153762902888,0.13385882436,0.00820473408675,20,12,6,20,0.000184544514796,8.61010888233e-06,0.000184544514796,0.0174072569691,0.00623890322748,0.00120498798739,0.000184544514796,8.61010888233e-06,0.000184544514796,0.167579329811,0.63924094535,0.167573178378
366,0.221473921651,0.0883735756326,0.00915841270334,0.0637600367539,0.0473972592848,0.0475383302802,0.13385914714,0.089443655574,0.0359418492463,0.00433140631629,0.207265107328,0.0514572980906,20,12,6,20,8.83934663291e-05,4.12408556505e-06,8.83934663291e-05,0.0149807104914,0.00167723450533,0.00270202499636,8.83934663291e-05,4.12408556505e-06,8.83934663291e-05,0.168591408864,0.643101578827,0.16858522028
367,0.0276929735505,0.11226160988,0.0470767833164,0.0615707215924,0.0100052557605,0.0980702542594,0.0884103815953,0.0141107682738,0.042698818591,0.00538202321376,0.34934160837,0.143378801598,20,12,6,20,1.81433809212e-05,8.46497580262e-07,1.81433809212e-05,0.00988313608726,0.000507196721277,0.00166272128838,1.81433809212e-05,8.46497580262e-07,1.81433809212e-05,0.16989753056,0.648083854794,0.169891294031
368,0.121519940079,0.0281114186175,0.0144453802975,0.0304083782882,0.173366113926,0.0972960945348,0.0104894393232,0.0480014116144,0.146356879023,0.0163528229479,0.0558722480139,0.257779873335,20,12,6,20,3.86200405363e-05,1.80185661126e-06,3.86200405363e-05,0.00163223654966,0.00215349718668,0.000356845946432,3.86200405363e-05,1.80185661126e-06,3.86200405363e-05,0.171243584291,0.653218453798,0.171237298352
369,0.0934083015619,0.213215110262,0.00481219126609,0.00593423476788,0.0294289313977,0.146934025393,0.00233034904597,0.050300442208,0.0805074025925,0.0230358273675,0.183564710845,0.166528473292,20,12,6,20,2.76608321436e-05,1.29054378449e-06,2.76608321436e-05,0.00489949889053,0.00203387273663,0.000383819523468,2.76608321436e-05,1.29054378449e-06,2.76608321436e-05,0.170705319443,0.651165211727,0.170699053263
370,0.0229098868812,0.0126001991318,0.00637744849336,0.166781823783,0.16676152338,0.0294937278755,0.138491925623,0.162162538765,0.0668769486794,0.0125633116581,0.0792147044407,0.135765961289,20,12,6,20,0.000135229469286,6.30926611899e-06,0.000135229469286,0.0513599272568,0.00546856736758,0.000274959084631,0.000135229469286,6.30926611899e-06,0.000135229469286,0.162067191107,0.618214576764,0.162061242011
371,0.0178257778619,0.193104965775,0.0967563825458,0.0514793205301,0.0911626286339,0.0595996209398,0.0078898029757,0.258685948409,0.0251132212003,0.00723643505829,0.123512391233,0.0676335048382,20,12,6,20,7.90443923283e-05,3.68789516847e-06,7.90443923283e-05,0.0216455748999,0.012356034406,0.00118605201421,7.90443923283e-05,3.68789516847e-06,7.90443923283e-05,0.165875893015,0.632743088194,0.165869804111
372,0.21148303392,0.0278964260603,0.0774513759323,0.0242485126278,0.0458744977624,0.00655648668668,0.00217948802777,0.352402228429,0.0558972812261,0.0635576817965,0.132178058271,0.000274929259855,20,12,6,20,8.62296519347e-05,4.02313064067e-06,8.62296519347e-05,0.0598262736196,0.000975850517502,0.00517524372901,8.62296519347e-05,4.02313064067e-06,8.62296519347e-05,0.160575521661,0.612524518283,0.160569627321
373,0.0125216529391,0.292883355606,0.014519047384,0.0190832647539,0.0306991484972,0.140800729522,0.0172302618228,0.070453777273,0.0933205391097,0.0890639377962,0.132452153841,0.086972131456,20,12,6,20,2.73391986822e-05,1.27553765372e-06,2.73391986822e-05,0.0281673986721,0.00189684665129,0.00151724852643,2.73391986822e-05,1.27553765372e-06,2.73391986822e-05,0.166532492806,0.635247725675,0.166526379799
374,0.0567185712017,0.0623309777675,0.0672503285891,0.132011180027,0.0266420710937,0.211769409719,0.0303092360389,0.0854217138713,0.0544850967467,0.0247425064801,0.246871286441,0.00144762202393,20,12,6,20,0.000106718821586,4.9790733399e-06,0.000106718821586,0.0307759658334,0.00180002141694,0.00388135076811,0.000106718821586,4.9790733399e-06,0.000106718821586,0.165638047648,0.631835813426,0.165631967475
375,0.108325032482,0.0455324936552,0.00350643026029,0.0220621203502,0.00206255495604,0.185523639649,0.0689900235649,0.0245908252914,0.0101331755916,0.21896031123,0.178640197236,0.131673195734,20,12,6,20,2.24323600859e-06,1.04660419217e-07,2.24323600859e-06,6.10769366075e-06,2.68635778316e-05,0.000124847032253,2.24323600859e-06,1.04660419217e-07,2.24323600859e-06,0.171954504989,0.655930301489,0.171948192954
376,0.0140557106089,0.142555385531,0.0213765213484,0.041873695756,0.0671420435295,0.0664585066922,0.149685314377,0.201770839187,0.0881348321521,0.130834358297,0.0322604465322,0.0438523459893,20,12,6,20,0.000138751008009,6.47356702965e-06,0.000138751008009,0.0791975927949,0.00108690919954,0.00241887405361,0.000138751008009,6.47356702965e-06,0.000138751008009,0.157661954774,0.601410550628,0.157656167384
377,0.0116323130983,0.171694123616,0.212763223872,0.0661353803232,0.108395770874,0.00952224819905,0.16240848855,0.0277201824481,0.0398260066501,0.00764102574345,0.113393212396,0.0688680242299,20,12,6,20,0.000246847060803,1.15168964688e-05,0.000246847060803,0.0133923544877,0.00466759027079,0.00390418128407,0.000246847060803,1.15168964688e-05,0.000246847060803,0.168031989384,0.640967641202,0.168025821335
378,0.132383361267,0.122135454825,0.156772770559,0.0778755105088,0.101424757307,0.0231344222486,0.018579589071,0.0988587139399,0.0774562526142,0.0866186027405,0.078164679662,0.0265958852564,20,12,6,20,7.31934574665e-05,3.41491395156e-06,7.31934574665e-05,0.0788818144942,0.00390280116276,0.000400882764458,7.31934574665e-05,3.41491395156e-06,7.31934574665e-05,0.157625189083,0.601270305795,0.157619403042
379,0.165369580241,0.0435931299761,0.142718632583,0.0211156158256,0.0309365179058,0.0300665720228,0.0409511827291,0.138935873124,0.0607640591378,0.121385823527,0.07707334692,0.127089666008,20,12,6,20,2.32470289119e-05,1.08461338091e-06,2.32470289119e-05,0.0205642357692,0.0017200693846,0.000296215698565,2.32470289119e-05,1.08461338091e-06,2.32470289119e-05,0.168083389991,0.641163711759,0.168077220055
380,0.225921227476,0.0106030287631,0.129344640921,0.0274076162743,0.159621181861,0.0772988834579,0.0239784300227,0.0869990190162,0.0380327204554,0.0803587955736,0.0920061376407,0.0484283185383,20,12,6,20,4.82562218228e-05,2.25144228536e-06,4.82562218228e-05,0.0462137088815,0.00327972801187,0.000622761024111,4.82562218228e-05,2.25144228536e-06,4.82562218228e-05,0.163330109415,0.623032050935,0.16332411396
381,0.0962162909038,0.0810818924244,0.0450823002757,0.0362396717044,0.0608368810864,0.146441771404,0.00995467113092,0.000948149868012,0.223967980346,0.0841154034663,0.134354155086,0.080760832305,20,12,6,20,3.31242911822e-05,1.5454469294e-06,3.31242911822e-05,0.0121717986693,0.000760454617612,0.00191330164277,3.31242911822e-05,1.5454469294e-06,3.31242911822e-05,0.169406720981,0.646211633562,0.169400502469
382,0.115885209614,0.132031848057,0.0464246481264,0.0104359609758,0.181731927784,0.185174800197,0.0873684432056,0.00128813702875,0.0207403399545,0.033307793819,0.100618325147,0.0849925660907,20,12,6,20,0.000217124329072,1.01301526972e-05,0.000217124329072,0.0248572890692,0.00816859898508,0.00118514069971,0.000217124329072,1.01301526972e-05,0.000217124329072,0.165946651782,0.633013001561,0.165940560281
383,0.0133723700683,0.100004542034,0.0206420621476,0.14479240718,0.0431737811554,0.0522476197645,0.0467385341109,0.175254600866,0.0326789289809,0.0649387935605,0.222358457045,0.0837979030879,20,12,6,20,3.82023173801e-05,1.78236731969e-06,3.82023173801e-05,0.0267155920622,0.000423453297519,0.00215071029158,3.82023173801e-05,1.78236731969e-06,3.82023173801e-05,0.166918985905,0.636722025727,0.166912858712
384,0.0284282832666,0.137606015318,0.0749924251114,0.117153481872,0.0113144826677,0.0524079774715,0.0742928170886,0.201729020958,0.110753488972,0.0257008773945,0.022606665361,0.143014464519,20,12,6,20,4.6143566613e-05,2.1528742439e-06,4.6143566613e-05,0.0198400899894,0.00392173036002,0.00601993536807,4.6143566613e-05,2.1528742439e-06,4.6143566613e-05,0.166828779658,0.636377928833,0.166822655776
385,0.0294658833379,0.285757330915,0.127624330843,0.105824391808,0.0589680995221,0.0128662070433,0.0502464589594,0.162066134161,0.0624767092934,0.064653255257,0.00800952774347,0.0320416711174,20,12,6,20,0.000493608443237,2.30297955277e-05,0.000493608443237,0.102011014226,0.0064509782922,0.0137550985561,0.000493608443237,2.30297955277e-05,0.000493608443237,0.150616445688,0.574535052953,0.150610916921
386,0.0406344518078,0.0351448191941,0.0174869417961,0.542827236131,0.172741435973,0.0219241410145,0.0780969274735,0.00427041464124,0.0089967353214,0.0016330382148,0.0519857248664,0.024258133567,20,12,6,20,0.000348888226284,1.62777290855e-05,0.000348888226284,0.173438461078,0.021813617733,0.0100225302338,0.000348888226284,1.62777290855e-05,0.000348888226284,0.136433826063,0.520434638621,0.136428817907
387,0.018350977349,0.286441853943,0.0379487310317,0.207262410942,0.00880995240359,0.0265632952509,0.0730340807909,0.0260906367151,0.102203187018,0.074098833144,0.0358191530714,0.103376888341,20,12,6,20,6.52960594743e-05,3.04645295083e-06,6.52960594743e-05,0.0840721943544,0.000933553409005,0.00147816077641,6.52960594743e-05,3.04645295083e-06,6.52960594743e-05,0.157063477487,0.599127624763,0.157057712066
388,0.0600541512293,0.0476322182447,0.00284263762277,0.0466994720115,0.152825466832,0.033958291026,0.108989787924,0.128280328405,0.190923420181,0.038210791844,0.134436411908,0.0551470227716,20,12,6,20,4.95661030944e-05,2.31255610597e-06,4.95661030944e-05,0.0168687982624,0.00396996749876,0.00270630525576,4.95661030944e-05,2.31255610597e-06,4.95661030944e-05,0.167898975414,0.640460251798,0.167892812247
389,0.0436345466933,0.092353604655,0.0204853439735,0.0554931068446,0.118855558246,0.0626254800186,0.159307900419,0.0826480654949,0.0126869362384,0.142576840191,0.131338424075,0.0779941931515,20,12,6,20,6.32128388743e-05,2.94925821052e-06,6.32128388743e-05,0.0139836737356,0.00191794177591,0.000150534808925,6.32128388743e-05,2.94925821052e-06,6.32128388743e-05,0.169178025047,0.645339259832,0.169171814929
390,0.00877525400291,0.0583210015688,0.0751104384067,0.0943425402165,0.064400308068,0.0354744108952,0.121728914215,0.143619223997,0.0360208622575,0.0991261960594,0.219251672401,0.043829177912,20,12,6,20,6.52081847895e-05,3.04235306954e-06,6.52081847895e-05,0.0209420265,0.000147736433317,0.00398005574058,6.52081847895e-05,3.04235306954e-06,6.52081847895e-05,0.167625732664,0.639417951689,0.167619579528
391,0.124951507487,0.0716972933193,0.0275615285905,0.17576183416,0.0138936362317,0.0743333339206,0.0762389238192,0.0927211929915,0.0331798058889,0.013217480271,0.0656412599235,0.230802203397,20,12,6,20,3.80472992521e-05,1.77513479391e-06,3.80472992521e-05,0.0435946247753,0.000848894456605,0.0033830318375,3.80472992521e-05,1.77513479391e-06,3.80472992521e-05,0.163731077154,0.624561565328,0.163725066981
392,0.14664236098,0.0672447839658,0.107014150255,0.168617031338,0.0874394909455,0.109268171733,0.0209946039483,0.0962001998889,0.0256881051718,0.0459969308097,0.0727902792403,0.0521038917243,20,12,6,20,5.04810558171e-05,2.3552441402e-06,5.04810558171e-05,0.109306141044,0.000420465587752,0.00150955033359,5.04810558171e-05,2.3552441402e-06,5.04810558171e-05,0.152816935426,0.582928947011,0.152811325885
393,0.0736469130656,0.107068291056,0.0161510555482,0.0530204568441,0.0937720894271,0.07748685709,0.0872152413335,0.0265136236656,0.0783585499989,0.0728044404652,0.0959156366546,0.218046844851,20,12,6,20,5.30382156092e-05,2.47455098746e-06,5.30382156092e-05,0.0103893786189,0.00101858152398,0.00269357227541,5.30382156092e-05,2.47455098746e-06,5.30382156092e-05,0.169520661348,0.646646265616,0.169514438654
394,0.0499086314397,0.176834230963,0.0562762100891,0.108556456338,0.00596539030943,0.146295549019,0.163771627806,0.0688194583543,0.0107772498426,0.130419959938,0.00684465160289,0.0755305842985,20,12,6,20,4.45646231554e-05,2.07920705794e-06,4.45646231554e-05,0.0335254994121,0.000857300712446,0.00287372562288,4.45646231554e-05,2.07920705794e-06,4.45646231554e-05,0.165544356139,0.631478421802,0.165538279405
395,0.00360220536024,0.0462084158887,0.0496051798151,0.140538619561,0.0322529897178,0.02897043621,0.0548707016261,0.0596156060528,0.107105811034,0.272784149233,0.167871150556,0.0365747349447,20,12,6,20,1.82656301372e-05,8.5220123968e-07,1.82656301372e-05,0.0189725840062,0.00161998200395,0.000512489107061,1.82656301372e-05,8.5220123968e-07,1.82656301372e-05,0.168340652159,0.642145053022,0.168334472779
396,0.0278965489739,0.310558751407,0.0237218086693,0.0517761831774,0.00790872352018,0.0700029487073,0.0485183811716,0.0885525557982,0.1259315857,0.139566545834,0.0137830760865,0.0917828909549,20,12,6,20,2.61519904102e-05,1.22014726458e-06,2.61519904102e-05,0.0477798919124,0.0015513906126,0.000704723203592,2.61519904102e-05,1.22014726458e-06,2.61519904102e-05,0.163359462085,0.623144018377,0.163353465553
397,0.0208122518308,0.0829320427344,0.138872274056,0.180171334001,0.024193883905,0.0463525298118,0.274256802893,0.0103765385761,0.0468887422194,0.073975097658,0.0379935326684,0.0631749696461,20,12,6,20,8.72465480369e-05,4.07057494521e-06,8.72465480369e-05,0.0493893757652,0.0102705048918,0.00150907677333,8.72465480369e-05,4.07057494521e-06,8.72465480369e-05,0.161401771725,0.615676296447,0.161395847056
398,0.153160773709,0.221051571844,0.0526837186174,0.017446154322,0.0232670333162,0.00695178633125,0.00408523600169,0.170325732112,0.067632467359,0.0956004355057,0.084066261656,0.103728829226,20,12,6,20,4.79478992704e-05,2.23705718836e-06,4.79478992704e-05,0.0299960940689,0.00203398156025,0.000627380156378,4.79478992704e-05,2.23705718836e-06,4.79478992704e-05,0.166332937267,0.63448650965,0.166326831586
399,0.139873009427,0.0727805564371,0.110114380364,0.180111374799,0.0614801422907,0.000867454579244,0.0253859317078,0.217512732696,0.0344719777034,0.0674564450221,0.0101695294972,0.0797764654773,20,12,6,20,0.00012068013025,5.63045215694e-06,0.00012068013025,0.0817823461219,0.012814399237,0.000693485839124,0.00012068013025,5.63045215694e-06,0.00012068013025,0.155509948371,0.59320159903,0.155504239976
400,0.0426141133562,0.0392130685876,0.155645725335,0.133259907647,0.148944476811,0.0394647252475,0.161659627818,0.00772628603703,0.000299990206382,0.0154648456391,0.117879723589,0.137827509727,20,12,6,20,9.59002536056e-05,4.47432223222e-06,9.59002536056e-05,0.0273772720515,0.00242225905991,0.00379285215885,9.59002536056e-05,4.47432223222e-06,9.59002536056e-05,0.166138387875,0.63374438986,0.166132289336
401,0.0777909406996,0.0496647730317,0.141515654655,0.0914339468807,0.0211469672059,0.0311348632288,0.122899913609,0.0297589726921,0.137985040372,0.0205825258296,0.0947301221004,0.181356279694,20,12,6,20,7.5030382274e-06,3.50061751538e-07,7.5030382274e-06,0.0618658116278,0.000359328737361,3.66498543787e-05,7.5030382274e-06,3.50061751538e-07,7.5030382274e-06,0.161269960733,0.61517349587,0.161264040901
402,0.0250144110236,0.0013232822169,0.026554323563,0.16489767357,0.012701921657,0.111918877472,0.147690472802,0.257091604997,0.0859819178095,0.0766316196232,0.0460486830558,0.0441452122101,20,12,6,20,0.000119536821073,5.57710992397e-06,0.000119536821073,0.0686153417627,0.0023038208986,0.00362996338182,0.000119536821073,5.57710992397e-06,0.000119536821073,0.15907787542,0.606811660977,0.159072036055
403,0.0443270273883,0.106305290884,0.0688592091028,0.0028047064574,0.0750177916483,0.0274752718852,0.209927877278,0.0626181602512,0.133567715705,0.0444480075463,0.0628497395505,0.161799202303,20,12,6,20,6.4736612129e-05,3.02035137549e-06,6.4736612129e-05,0.0523414747292,0.00050338249952,0.00289153004293,6.4736612129e-05,3.02035137549e-06,6.4736612129e-05,0.162351929236,0.619300726654,0.162345969688
404,0.00301023622402,0.0916997045077,0.0232978098335,0.14422215201,0.106563456452,0.0916410483699,0.113884046835,0.0684567092935,0.129152986376,0.126120885189,0.100461062382,0.001489902527,20,12,6,20,8.54722684249e-05,3.98779415563e-06,8.54722684249e-05,0.0163149067731,0.00153525664669,0.00892627612119,8.54722684249e-05,3.98779415563e-06,8.54722684249e-05,0.167317956971,0.638243923693,0.167311815133
405,0.231546694714,0.140148580063,0.00299128345182,0.0554618974713,0.00655504498813,0.0900755508855,0.00922358778857,0.118389130969,0.235226428755,0.05477546469,0.0479447705851,0.00766156563792,20,12,6,20,0.000215359805666,1.00478270932e-05,0.000215359805666,0.0899085388578,0.00707125680115,0.0127972370235,0.000215359805666,1.00478270932e-05,0.000215359805666,0.15295180882,0.583443429292,0.152946194328
406,0.0640709090323,0.0335193428045,0.0155069220977,0.127843466201,0.156833032124,0.0614675758481,0.128123866803,0.16625775512,0.0614692763595,0.0582873337181,0.11593811759,0.0106824023013,20,12,6,20,0.000185202434135,8.64080476699e-06,0.000185202434135,0.0461301935181,0.00433065373659,0.00421673552464,0.000185202434135,8.64080476699e-06,0.000185202434135,0.162449220198,0.619671848598,0.162443257079
407,0.0153206211416,0.179117197834,0.302669534885,0.0372461574612,0.0848517128038,0.130026814306,0.000358786841685,0.0532206934917,0.0057563704869,0.0748224457139,0.0302991468083,0.0863105182261,20,12,6,20,8.70070879416e-05,4.05940269501e-06,8.70070879416e-05,0.0392052259549,0.00267841474493,0.00438257564219,8.70070879416e-05,4.05940269501e-06,8.70070879416e-05,0.163964961794,0.625453731672,0.163958943035
408,0.158872107952,0.0319775391124,0.114950876894,0.17265032521,0.0111750012857,0.11057119687,0.0102303869215,0.00690613839141,0.199372847882,0.103910281867,0.0354767813552,0.0439065162584,20,12,6,20,5.00309701135e-05,2.33424494161e-06,5.00309701135e-05,0.0745935731984,0.00309358995667,0.00448651921694,5.00309701135e-05,2.33424494161e-06,5.00309701135e-05,0.157815510423,0.601996297439,0.157809717396
409,0.15782721811,0.164739516568,0.0264007438337,0.0282294085828,0.0853697148741,0.0905547551906,0.0497975465287,0.126591155064,0.129960724621,0.0943176932636,0.0393454576694,0.00686606569398,20,12,6,20,0.000331481430123,1.54655976038e-05,0.000331481430123,0.0401227654701,0.0113257749106,0.00355230574079,0.000331481430123,1.54655976038e-05,0.000331481430123,0.162290646691,0.619066960879,0.162284689393
410,0.060912103475,0.0235674790529,0.124437977347,0.0870324306249,0.0634129176178,0.036112827029,0.247487210688,0.0309331497853,0.0459432244497,0.0238972849614,0.208572997098,0.0476903978712,20,12,6,20,4.74428698051e-05,2.21349453363e-06,4.74428698051e-05,0.0442362702455,0.000818009023472,0.00233053238363,4.74428698051e-05,2.21349453363e-06,4.74428698051e-05,0.163800434621,0.624826133356,0.163794421902
411,0.00655638340717,0.0164833859803,0.0220894296949,1.04851242951e-05,0.143342515104,0.180889569347,0.133123155466,0.0343656077079,0.26015732136,0.122911639866,0.0110867980928,0.0689837088496,20,12,6,20,7.92671105801e-06,3.69828631123e-07,7.92671105801e-06,4.99106448787e-05,0.000271094000755,0.00101059218777,7.92671105801e-06,3.69828631123e-07,7.92671105801e-06,0.171748633712,0.65514499372,0.171742329234
412,0.0218418549849,0.122480019389,0.136676974307,0.0626702250598,0.0944193940556,0.110063741148,0.100299337388,0.00610921627217,0.127307848451,0.0318825371534,0.12034210597,0.0659067458207,20,12,6,20,9.76108121929e-05,4.55413005367e-06,9.76108121929e-05,0.0310240557871,0.000761275239117,0.00757866388486,9.76108121929e-05,4.55413005367e-06,9.76108121929e-05,0.165144563283,0.629953389072,0.165138501225
413,0.0428981942142,0.00620604865926,0.0375316967572,0.150329260658,0.0650281556488,0.0589033505109,0.264283471712,0.00815789294715,0.0530268465424,0.141913813219,0.00992332774811,0.161797941384,20,12,6,20,2.21852731566e-05,1.03507610439e-06,2.21852731566e-05,0.00522131444073,0.00621827923192,0.000198105602593,2.21852731566e-05,1.03507610439e-06,2.21852731566e-05,0.169966119206,0.648345490113,0.16995988016
414,0.340454211474,0.0482355147152,0.0384549214189,0.0190170888895,0.0371497867176,0.00690247283588,0.0113149286422,0.107227406432,0.0484998273016,0.242899857749,0.0987479828607,0.00109600096281,20,12,6,20,3.52708091161e-05,1.64559487012e-06,3.52708091161e-05,0.0185373444968,0.000787350848284,0.00164649607728,3.52708091161e-05,1.64559487012e-06,3.52708091161e-05,0.168351703146,0.642187207645,0.168345523361
415,0.0619177341108,0.176897193047,0.0452404491348,0.0315926714069,0.272391712039,0.0634044595269,0.0281078690094,0.0435441010107,0.100757258613,0.104193512233,0.0352783554949,0.0366746843737,20,12,6,20,5.04561450505e-05,2.35408190347e-06,5.04561450505e-05,0.00812397778577,0.00979759154252,0.00104150220713,5.04561450505e-05,2.35408190347e-06,5.04561450505e-05,0.168686375895,0.643463836001,0.168680183825
416,0.0194413175825,0.0181481864149,0.107790341823,0.0234920799996,0.240855269322,0.165733309201,0.0203990403213,0.0151338555012,0.221027504118,0.0122575315421,0.134387381467,0.0213341827076,20,12,6,20,0.000107761414283,5.02771654477e-06,0.000107761414283,0.0515680926641,0.0130344278537,0.000249223623598,0.000107761414283,5.02771654477e-06,0.000107761414283,0.160753952109,0.61320515144,0.160748051219
417,0.0359739336986,0.152395952058,0.021602560417,6.94708786197e-06,0.0135106438696,0.0558014916509,0.190021478,0.108566227208,0.0490316661348,0.105673160845,0.259474904064,0.00794103496682,20,12,6,20,4.52074881782e-05,2.10920056844e-06,4.52074881782e-05,0.0130572288988,0.00187918031957,0.00156594369001,4.52074881782e-05,2.10920056844e-06,4.52074881782e-05,0.169113273178,0.645092260122,0.169107065438
418,0.104166184277,0.046750146523,0.135642217981,0.0753900744758,0.0470618788546,0.0189760419928,0.0190467895405,0.0829597608177,0.000404812290717,0.0989032848075,0.215796148744,0.154902659696,20,12,6,20,1.24086495742e-05,5.78937954535e-07,1.24086495742e-05,0.0194320597288,0.000302700015111,0.000904197884763,1.24086495742e-05,5.78937954535e-07,1.24086495742e-05,0.168424936312,0.642466559747,0.168418753838
419,0.0517186986089,0.0891575405573,0.05603882724,0.163928531282,0.0804654882462,0.151960205556,0.0591578525879,0.0978480407078,0.0639224467535,0.128021974676,0.0575500126853,0.000230381099148,20,12,6,20,0.000130808870968,6.10301868388e-06,0.000130808870968,0.0344221010553,0.00874261483878,0.00498386676021,0.000130808870968,6.10301868388e-06,0.000130808870968,0.163610390739,0.624101200089,0.163604384996
420,0.0339650549391,0.0672723913014,0.312216763205,0.0155066583515,0.104951264893,0.0252799967531,0.0898866230439,0.118143490156,0.134444704605,0.0569319034979,0.00870262394279,0.0326985253111,20,12,6,20,0.000377682872253,1.76211720878e-05,0.000377682872253,0.0332063912402,0.00488639238642,0.023108403797,0.000377682872253,1.76211720878e-05,0.000377682872253,0.161191767052,0.6148752216,0.161185850091
421,0.0439154755729,0.146402951789,0.180152117483,0.104499152066,0.145319319186,0.0378111258874,0.136203738904,0.0292094287583,0.0713227133796,0.0495850473537,0.0540535255943,0.00152540402555,20,12,6,20,0.000310589234583,1.44908513287e-05,0.000310589234583,0.130079182445,0.0132334767081,0.00397598956344,0.000310589234583,1.44908513287e-05,0.000310589234583,0.146433400363,0.558578587134,0.146428025146
422,0.313449710433,0.234495641678,0.0191930638654,0.0301385917202,0.100294995017,0.00596242250624,0.106334359541,0.0936183704808,0.000827348528369,0.0102275416424,0.0519359777383,0.03352197685,20,12,6,20,5.39611739994e-05,2.51761253412e-06,5.39611739994e-05,0.18836605982,0.0105527592708,8.85429331099e-05,5.39611739994e-05,2.51761253412e-06,5.39611739994e-05,0.137719310468,0.525338192462,0.137714255125
423,0.0615343652658,0.0325841684822,0.0191771522822,0.00453815046001,0.0384106948285,0.235404983887,0.144275775824,0.0840226235878,0.0116633059472,0.195781852652,0.104797037696,0.0678098890874,20,12,6,20,6.33208459489e-05,2.95429738859e-06,6.33208459489e-05,0.0182946643245,0.0016479495241,0.000113478106889,6.33208459489e-05,2.95429738859e-06,6.33208459489e-05,0.168489338211,0.64271222448,0.168483153374
424,0.0631601602789,0.0208424335096,0.0298755621379,0.00311056869033,0.0205803809961,0.0617343446673,0.105523376643,0.161814273913,0.113973039251,0.196502331316,0.0759688206859,0.146914707911,20,12,6,20,2.26162086402e-05,1.05518183032e-06,2.26162086402e-05,0.00825479674249,0.000482384021338,0.000501338498312,2.26162086402e-05,1.05518183032e-06,2.26162086402e-05,0.170378434555,0.649918290611,0.170372180374
425,0.0979651977173,0.11596662532,0.0404242535752,0.19328454813,0.0203947940059,0.155545437209,0.0442860709631,0.139055977159,0.0139131087071,0.00661273954185,0.0834964706291,0.0890547770435,20,12,6,20,0.000101964284975,4.75724567978e-06,0.000101964284975,0.105763946092,0.00097599016131,0.00289567064281,0.000101964284975,4.75724567978e-06,0.000101964284975,0.153055959976,0.583840719836,0.153050341661
426,0.26124338425,0.0427339822015,0.00706477223286,0.0538404622844,0.00195116307584,0.189425518741,0.177871095403,0.0622644977183,0.00628393523659,0.102838375634,0.02020673255,0.0742760806722,20,12,6,20,5.96688576006e-05,2.78391022021e-06,5.96688576006e-05,0.02181632125,0.00427875807862,0.00580409786004,5.96688576006e-05,2.78391022021e-06,5.96688576006e-05,0.166455097134,0.634952495457,0.166448986969
427,0.0560636928263,0.251413235835,0.0938095725302,0.0868446684734,0.319981186313,0.0272027239274,0.0631772623351,4.98437748461e-05,0.0299711664285,0.00380833197098,0.0163977047179,0.0512806108676,20,12,6,20,0.000303804711989,1.41743126426e-05,0.000303804711989,0.164478501614,0.0181084775254,0.00467848743971,0.000303804711989,1.41743126426e-05,0.000303804711989,0.139562834425,0.532370420112,0.13955771141
428,0.00557443560512,0.117463602407,0.152261800193,0.0614769861643,0.123207217491,0.0381846745298,0.0579578417987,0.079120797396,0.0477289245112,0.0103730005153,0.253557902388,0.0530928169993,20,12,6,20,8.76634554944e-06,4.09002617954e-07,8.76634554944e-06,0.0493619138315,0.000619843433615,0.000708411037112,8.76634554944e-06,4.09002617954e-07,8.76634554944e-06,0.163259196259,0.622761548644,0.163253203408
429,0.138004766046,0.10923597603,0.0616919958401,0.0298014833479,0.0545686565324,0.0580599196298,0.0573628054822,0.0347662682322,0.0255529607278,0.000961718035644,0.175566684097,0.254426765999,20,12,6,20,7.84034535611e-06,3.65799152935e-07,7.84034535611e-06,0.0152704784868,0.000786574926172,0.000480528365407,7.84034535611e-06,3.65799152935e-07,7.84034535611e-06,0.169133520162,0.645169493402,0.169127311678
430,0.0338595976792,0.0986692400732,0.00494045805543,0.0710194191856,0.0782670637254,0.0990517332895,0.0636866881984,0.0646788166952,0.136730444778,0.139941963392,0.040610819827,0.168543755101,20,12,6,20,1.97398388915e-05,9.20981923324e-07,1.97398388915e-05,0.0318947838755,0.0037208060135,0.000338340302803,1.97398388915e-05,9.20981923324e-07,1.97398388915e-05,0.165785856902,0.632399640284,0.165779771303
431,0.00785612381975,0.163258502653,0.060874879504,0.130278038117,0.0133134486476,0.0510510175808,0.0942887752614,0.00161095262969,0.16916990236,0.0131660746564,0.240145562043,0.0549867227272,20,12,6,20,3.10029201713e-05,1.44647224351e-06,3.10029201713e-05,0.0161930212546,0.00591733626742,0.000112042875037,3.10029201713e-05,1.44647224351e-06,3.10029201713e-05,0.168139520702,0.641377825569,0.168133348706
432,0.027207025511,0.120919610686,0.0736921518049,0.00567728410172,0.0341656293545,0.0447775527573,0.18622833598,0.0653944177254,0.289834774723,0.0166065931208,0.0724324286726,0.0630641955629,20,12,6,20,0.000160351103691,7.48134109379e-06,0.000160351103691,0.0672505204051,0.0149409566153,0.000494825264767,0.000160351103691,7.48134109379e-06,0.000160351103691,0.157649685118,0.601363747322,0.157643898178
433,0.131913842887,0.0126575972247,0.200985374156,0.0825390525088,0.0299214470074,0.00473654885651,0.0624500784581,0.131030900309,0.0744211719452,0.142030444591,0.0243045964231,0.103008945633,20,12,6,20,4.48727924063e-05,2.09358500251e-06,4.48727924063e-05,0.0349615928093,0.00305495140021,0.00156389593337,4.48727924063e-05,2.09358500251e-06,4.48727924063e-05,0.165144464898,0.629953013776,0.165138402843
434,0.00193763178315,0.137028560175,0.0725527121567,0.0106914245185,0.0210657048264,0.0417755985799,0.119932260883,0.144530082563,0.14106831138,0.243671852289,0.0206495600217,0.0450963008238,20,12,6,20,4.30653316754e-05,2.00925611465e-06,4.30653316754e-05,0.0206816183056,0.002716901543,0.000740488161533,4.30653316754e-05,2.00925611465e-06,4.30653316754e-05,0.167801404633,0.64008806247,0.167795245048
435,0.220604487637,0.0871243371501,0.103929203709,0.234126598329,0.154306623814,0.0143171985996,0.0118351227478,0.0132749636616,0.0672914138482,0.0204156133369,0.0419446462164,0.0308297909501,20,12,6,20,0.000167976082075,7.8370920853e-06,0.000167976082075,0.199633359594,0.000753653235217,0.00745707358891,0.000167976082075,7.8370920853e-06,0.000167976082075,0.136119277768,0.519234776144,0.136114281158
436,0.0281555029992,0.0118056307139,7.74908240224e-05,0.0370474526028,0.094312743602,0.0891793012903,0.0296171404273,0.28420012831,0.125309496487,0.147522704943,0.0330310161793,0.119741391621,20,12,6,20,8.66614483772e-05,4.04327653549e-06,8.66614483772e-05,0.0184892576237,0.00268531227942,0.00407313935027,8.66614483772e-05,4.04327653549e-06,8.66614483772e-05,0.167580035778,0.639243638303,0.167573884319
437,0.101087817045,0.143311202948,0.00898159040012,0.0207741489952,0.0197971957704,0.0276281529975,0.145713915422,0.0846523284635,0.172000371255,0.111757876133,0.121973736883,0.0423216636874,20,12,6,20,0.000109256392926,5.09746626833e-06,0.000109256392926,0.0247066830506,0.00181587660737,0.00307620731522,0.000109256392926,5.09746626833e-06,0.000109256392926,0.166815820422,0.636328495085,0.166809697016
438,0.0672606806261,0.181533010584,0.0536213647135,0.358335784917,0.0203147224834,0.0396716644219,0.0621599737515,0.085854108764,0.0220299667996,0.0346385235525,0.0571331731934,0.0174470261938,20,12,6,20,0.000170944731252,7.97559738131e-06,0.000170944731252,0.0960766868051,0.0175686241955,0.00608198392221,0.000170944731252,7.97559738131e-06,0.000170944731252,0.151271797987,0.577034931807,0.151266245164
439,0.030583880894,0.0653687738104,0.203875402017,0.0209072198165,0.133601328374,0.0204451799941,0.0296829236203,0.0617102961006,0.0586180956915,0.143162630191,0.14161008819,0.0904341812992,20,12,6,20,6.93730775245e-05,3.23667030498e-06,6.93730775245e-05,0.0075741898859,0.0018235843873,0.001774936969,6.93730775245e-05,3.23667030498e-06,6.93730775245e-05,0.170012870031,0.648523823808,0.170006629268
440,0.184702622754,0.160351865351,0.0348707331538,0.0389576094078,0.0418139899779,0.0298308762733,0.0206013370904,0.0416537418747,0.132819732692,0.203793159002,0.0773468510284,0.0332574813942,20,12,6,20,5.72151153873e-05,2.66942842351e-06,5.72151153873e-05,0.0053614813516,0.00358653244156,0.000880065584603,5.72151153873e-05,2.66942842351e-06,5.72151153873e-05,0.170252683131,0.649438604607,0.170246433566
441,0.0622136575011,0.0901999934822,0.00838744483986,0.137020579006,0.300836462927,0.0124644274825,0.0444870271209,0.0316713677686,0.117968675878,0.0865455891272,0.0564914350906,0.0517133397755,20,12,6,20,4.73446904319e-05,2.20891387679e-06,4.73446904319e-05,0.0904397044851,0.0017830631805,0.00165902738875,4.73446904319e-05,2.20891387679e-06,4.73446904319e-05,0.15580380252,0.594322522499,0.155798083338
442,0.0286870254779,0.0877856662213,0.0634548967882,0.0869380424322,0.122299112321,0.0903246220611,0.0820865028239,0.274068782951,0.0845105387829,0.0153355734895,0.0592300618496,0.00527917480093,20,12,6,20,8.58248596068e-05,4.00424464982e-06,8.58248596068e-05,0.212141309796,0.00274090336025,0.0125672524252,8.58248596068e-05,4.00424464982e-06,8.58248596068e-05,0.132805314307,0.50659347284,0.132800439344
443,0.00143804281058,0.0219814651376,0.0846263260677,0.0115632470892,0.16299925117,0.0309751427923,0.0253719354002,0.132100892194,0.343675903435,0.0981550828458,0.0507198802209,0.0363928308369,20,12,6,20,8.78934431254e-05,4.10075648246e-06,8.78934431254e-05,0.0506077980907,0.00799582160924,0.0028835084683,8.78934431254e-05,4.10075648246e-06,8.78934431254e-05,0.161346596294,0.615465826604,0.161340673649
444,0.0128168095093,0.0531803734494,0.110705694557,0.058209784756,0.169668633316,0.142795718657,0.145807167941,0.0147714242461,0.013516541904,0.0444504751265,0.216489347123,0.0175880294152,20,12,6,20,3.99552577671e-05,1.86415250638e-06,3.99552577671e-05,0.0402209568688,0.000347996484104,0.00149258049915,3.99552577671e-05,1.86415250638e-06,3.99552577671e-05,0.164721220248,0.628338522834,0.16471517373
445,0.110176681314,0.137374984897,0.190201746916,0.0901649096663,0.0151308540219,0.130924881974,0.0152271312758,0.151044655221,0.0117146397223,0.00787191617001,0.0393474184909,0.100820180331,20,12,6,20,0.000154001962588,7.18511556653e-06,0.000154001962588,0.0860809632309,0.000433713047426,0.0109817359978,0.000154001962588,7.18511556653e-06,0.000154001962588,0.155107064295,0.59166477466,0.155101370688
446,0.129487015064,0.0175881143369,0.0436911821813,0.234546028753,0.129314752701,0.00657812138037,0.127982127396,0.136149697016,0.107330700778,0.0357718099596,0.0218558095748,0.00970464085994,20,12,6,20,0.000751763850693,3.50742942179e-05,0.000751763850693,0.123586683096,0.0354580448689,0.00496979012437,0.000751763850693,3.50742942179e-05,0.000751763850693,0.143246252836,0.546421030472,0.143240994612
447,0.0428960158948,0.0286940884728,0.080761342149,0.148270877897,0.0775579997455,0.207165870045,0.000757001826662,0.0658221836114,0.00512670864412,0.195217712255,0.102290232424,0.0454399670343,20,12,6,20,4.06351832813e-05,1.89587511117e-06,4.06351832813e-05,0.00819806228317,0.00255532702749,0.00169703967973,4.06351832813e-05,1.89587511117e-06,4.06351832813e-05,0.169813354942,0.647762762081,0.169807121503
448,0.18865918286,0.0102760102387,0.115323643189,0.0903468771644,0.0118624816712,0.145334683515,0.0816379395821,0.19933495836,0.0403027332765,0.00743519018753,0.0733560145911,0.0361302853647,20,12,6,20,0.000143205289744,6.68138599828e-06,0.000143205289744,0.0662063027688,0.020331920034,0.00743318759434,0.000143205289744,6.68138599828e-06,0.000143205289744,0.155720906143,0.594006309525,0.155715190004
449,0.0250225453234,0.156147255288,0.0601368124507,0.139581315888,0.000723566462579,0.0756202547521,0.052715041904,0.0017292956943,0.26387620179,0.0234779044193,0.0404597001878,0.160510105841,20,12,6,20,7.73046536762e-05,3.60672592192e-06,7.73046536762e-05,0.0199772743516,0.0061891190051,0.00404262884295,7.73046536762e-05,3.60672592192e-06,7.73046536762e-05,0.166733360177,0.63601394576,0.166727239797
450,0.117191318116,0.208138256786,0.203812681752,0.175342943228,0.0161569888754,0.148486811938,0.0222850609652,0.0142413706477,0.0290278967973,0.00447257242351,0.0372600492311,0.0235840492395,20,12,6,20,0.000370358356664,1.72794394885e-05,0.000370358356664,0.238231967145,0.0059930815266,0.0128300225636,0.000370358356664,1.72794394885e-05,0.000370358356664,0.127513340554,0.486406936059,0.127508659846
451,0.147610796345,0.039475314438,0.403429709608,0.102283576685,0.0281217081975,0.0803879402494,0.022014131698,0.0207406650066,0.0339354404819,0.0330026487992,0.0442697284311,0.0447283400603,20,12,6,20,6.68568874161e-05,3.11927493928e-06,6.68568874161e-05,0.145767555664,0.00176269521349,0.00162528978962,6.68568874161e-05,3.11927493928e-06,6.68568874161e-05,0.146283909204,0.558008344554,0.146278539475
452,0.0559840746645,0.0331869385699,0.193649627659,0.0293353369851,0.00509718151438,0.0376854665866,0.0257200889458,0.0773909435696,0.0149582153668,0.10119850527,0.0889065188196,0.336887102049,20,12,6,20,1.09083419296e-05,5.08939601069e-07,1.09083419296e-05,0.00969581763069,0.00036213588304,0.000786535358026,1.09083419296e-05,5.08939601069e-07,1.09083419296e-05,0.170110476836,0.648896150554,0.170104232491
453,0.154760668233,0.0296437105985,0.0255348326584,0.0386066036889,0.0701804187431,0.0597657336406,0.0744920951951,0.145877565519,0.0188757924325,0.00535789985539,0.264176956415,0.11272772302,20,12,6,20,7.42982203966e-06,3.46645777082e-07,7.42982203966e-06,0.0278292883656,0.000123285530268,0.000123776868132,7.42982203966e-06,3.46645777082e-07,7.42982203966e-06,0.167149334445,0.637600703415,0.167143198796
454,0.0821776993855,0.11077320597,0.108061516403,0.0570377000779,0.0552629419542,0.0241970512026,0.0408025698444,0.0903179405968,0.00881270838004,0.337733113997,0.0625187790554,0.022304773133,20,12,6,20,1.98689037778e-05,9.27003574656e-07,1.98689037778e-05,0.017024696694,0.00069522373359,0.00010894761288,1.98689037778e-05,9.27003574656e-07,1.98689037778e-05,0.168902972708,0.644290056942,0.168896772687
455,0.0100852098026,0.185694680221,0.0300685310209,0.150772577026,0.0444500304309,0.0317189984766,0.104803660153,0.0486344955168,0.139385853405,0.0806510212913,0.0399938545293,0.133741088127,20,12,6,20,4.20239024271e-05,1.96066719164e-06,4.20239024271e-05,0.0477957125612,0.00108960099394,0.000694707880944,4.20239024271e-05,1.96066719164e-06,4.20239024271e-05,0.16342671021,0.623400540199,0.16342071121
456,0.0432340712657,0.0223487194018,0.176482305215,0.0394265157786,0.20550246663,0.0768552873508,0.0659290579077,0.0461037613174,0.142208972726,0.0462072853407,0.0758387102676,0.0598628467986,20,12,6,20,2.55492809173e-05,1.19202725048e-06,2.55492809173e-05,0.10897324763,0.00163921960269,0.00078700829489,2.55492809173e-05,1.19202725048e-06,2.55492809173e-05,0.152806398869,0.58288875471,0.152800789715
457,0.0959136631523,0.0495007185228,0.0456734688343,0.0802872634829,0.139345391903,0.0621100370508,0.0871329752851,0.0797373912816,0.0380592052914,0.201622445464,0.00276780559477,0.117849634137,20,12,6,20,3.52518984528e-07,1.64471257421e-08,3.52518984528e-07,4.87084979355e-06,9.22656274895e-06,1.30659002693e-05,3.52518984528e-07,1.64471257421e-08,3.52518984528e-07,0.171978306484,0.656021093657,0.171971993576
458,0.078533772272,0.216780899007,0.108285467051,0.0339572243285,0.0418603977263,0.0519904198313,0.0203255069507,0.00171909474885,0.148188574499,0.181585275775,0.0850738867819,0.0316994810286,20,12,6,20,3.66960397494e-05,1.71209043055e-06,3.66960397494e-05,0.00348621913757,0.00116523836885,0.003154247206,3.66960397494e-05,1.71209043055e-06,3.66960397494e-05,0.17061494269,0.65082046443,0.170608679827
459,0.0151500817704,0.0476975510465,0.0185009851192,0.0462906521126,0.0473232893438,0.0557575430752,0.00342290099171,0.0384463525707,0.0134833706373,0.145295815001,0.062461874047,0.506169584285,20,12,6,20,1.18633441951e-05,5.53496186767e-07,1.18633441951e-05,0.00181389325423,0.000334942290011,0.000509738204317,1.18633441951e-05,5.53496186767e-07,1.18633441951e-05,0.171517644626,0.65426387263,0.171511348627
460,0.042988883319,0.133484054145,0.125935889083,0.0922064883196,0.0981175957462,0.0341360168772,0.00337630654326,0.0521088955909,0.0663495698212,0.301498349452,0.0462376499698,0.00356030113287,20,12,6,20,2.11607683361e-06,9.87276807488e-08,2.11607683361e-06,5.83174521011e-06,0.000131479861216,5.01287842711e-06,2.11607683361e-06,9.87276807488e-08,2.11607683361e-06,0.171957259183,0.655940807522,0.171950947047
461,0.0177936325857,0.13647016311,0.166797147184,0.00585735694813,0.16447526466,0.00887373064868,0.103934768353,0.149767679333,0.0510250899307,0.0450151912283,0.068090213309,0.0818997627096,20,12,6,20,0.000154403643369,7.20385638502e-06,0.000154403643369,0.0585204980044,0.00873319254605,0.0017054761881,0.000154403643369,7.20385638502e-06,0.000154403643369,0.160014709076,0.610385266578,0.160008835322
462,0.00374322041025,0.359688762437,0.073412887757,0.090170535742,0.0197738428829,0.0370791629327,0.154665944674,0.0715809626914,0.00957655711328,0.108164626626,0.0415523633702,0.0305911333633,20,12,6,20,0.000200693223111,9.36354301748e-06,0.000200693223111,0.0566178904291,0.00765977273535,0.00363835041058,0.000200693223111,9.36354301748e-06,0.000200693223111,0.160161526937,0.610945311715,0.160155647794
463,0.0369323280116,0.158153228222,0.169868292188,0.335159764486,0.0115225781678,0.000383486583318,0.0391642809355,0.0220657959686,0.0295227791899,0.0804523184001,0.083971766339,0.0328033815073,20,12,6,20,0.000126499246469,5.90194884324e-06,0.000126499246469,0.0410542995563,0.0130253182108,0.00124931428035,0.000126499246469,5.90194884324e-06,0.000126499246469,0.162378524978,0.619402177636,0.162372564454
464,0.0374752732808,0.0225620860953,0.155836736539,0.0111930476408,0.0205670382883,0.102761762385,0.129166483486,0.181555356804,0.00923344621556,0.0184328906131,0.13995621324,0.171259665412,20,12,6,20,2.29360295978e-05,1.07010339691e-06,2.29360295978e-05,0.00241482132685,0.00363519503198,0.00021218143794,2.29360295978e-05,1.07010339691e-06,2.29360295978e-05,0.170890086775,0.65187001729,0.170883813813
465,0.136669026343,0.339604963497,0.00120673452617,0.0236959627288,0.0295787825891,0.172318073754,0.045258500977,0.0179364111805,0.0189977521232,0.0314243599263,0.167551599254,0.0157578331009,20,12,6,20,0.000294667129228,1.37479895812e-05,0.000294667129228,0.00517880115155,0.00132367816514,0.0033866713161,0.000294667129228,1.37479895812e-05,0.000294667129228,0.170075018193,0.648760891529,0.170068775149
466,0.261988474745,0.0372991981224,0.0595386472846,0.216151832965,0.0141268787694,0.0827389427398,0.00325953236602,0.0233009028563,0.105250201,0.103967716092,0.0360590224233,0.0563186506369,20,12,6,20,0.000121746193248,5.68019039216e-06,0.000121746193248,0.00215798461218,0.00012194358708,0.00728494919776,0.000121746193248,5.68019039216e-06,0.000121746193248,0.170252520804,0.6494379854,0.170246271245
467,0.535140931388,0.0179257564917,0.0167070819371,0.0423109997431,0.0603241067427,0.0124740684217,0.00144103426924,0.0334482281004,0.0574571109881,0.0200472870905,0.120290136522,0.0824332583057,20,12,6,20,6.07600294019e-05,2.83481993177e-06,6.07600294019e-05,0.0337579913415,0.00200148473436,0.00682452515658,6.07600294019e-05,2.83481993177e-06,6.07600294019e-05,0.164616718459,0.627939894775,0.164610675776
468,0.0452810929644,0.0426085766625,0.0321045091635,0.0531485215474,0.0204335317687,0.0279647872477,0.00945115623116,0.291259563906,0.168384496762,0.0432408354031,0.0361075122812,0.230015416063,20,12,6,20,0.000115914798255,5.40812082737e-06,0.000115914798255,0.00459543396243,0.00376474112149,0.000315249570851,0.000115914798255,5.40812082737e-06,0.000115914798255,0.170409596948,0.65003716134,0.170403341622
469,0.108499703326,0.0757838534399,0.051138508513,0.0176044604043,0.0490128277062,0.106990469215,0.0091444671955,0.294049132728,0.0677608999378,0.0951608588108,0.0599063499079,0.064948468816,20,12,6,20,7.72058548602e-05,3.60211636436e-06,7.72058548602e-05,0.0386775232264,0.00240250023231,0.00451532975038,7.72058548602e-05,3.60211636436e-06,7.72058548602e-05,0.164087238882,0.625920164622,0.164081215635
470,0.0222474553175,0.0074364429562,0.0723233338293,0.0702459992099,0.0256994578719,0.0111423393847,0.0058342445727,0.388328332423,0.286290078587,0.0637503924495,0.0363815412057,0.0103203821932,20,12,6,20,9.10523379562e-06,4.24813787969e-07,9.10523379562e-06,2.26791177647e-05,0.000515585601372,1.10000933654e-05,9.10523379562e-06,4.24813787969e-07,9.10523379562e-06,0.171882352039,0.655655069933,0.171876042653
471,0.102546574726,0.0167838527039,0.0792070847452,0.020204619361,0.0610307425089,0.258643108372,0.015785729588,0.0637081729202,0.0835184653437,0.0599042833923,0.0404141816196,0.19825318472,20,12,6,20,1.43930262351e-05,6.71521032023e-07,1.43930262351e-05,0.0411791978788,0.000445070149745,0.000800177341974,1.43930262351e-05,6.71521032023e-07,1.43930262351e-05,0.16467680088,0.628169082611,0.164670755992
472,0.024645148208,0.0156014654344,0.351649692111,0.0161084209081,0.104780480258,0.0925731769084,0.106742801161,0.02879959804,0.00597868770525,0.0458487939715,0.0564792798421,0.150792455453,20,12,6,20,7.93807250794e-05,3.7035871093e-06,7.93807250794e-05,0.0227535129842,0.000543289368849,0.00517177469834,7.93807250794e-05,3.7035871093e-06,7.93807250794e-05,0.167031226034,0.63715017212,0.16702509472
473,0.0379806538125,0.0628066709103,0.0302112483413,0.00968690315314,0.187992508858,0.104984146542,0.13652756082,0.16017468937,0.0493194490361,0.0473852835602,0.0708748912058,0.102055994391,20,12,6,20,1.9803730563e-05,9.23962853146e-07,1.9803730563e-05,0.0716812169964,0.000726410613901,0.000456151359025,1.9803730563e-05,9.23962853146e-07,1.9803730563e-05,0.159437937049,0.608185136668,0.159432084467
474,0.0308231333641,0.277829660912,0.00217704608766,0.0340773519593,0.100317709309,0.0182460170491,0.0952678324829,0.0640507956085,0.107265817277,0.03814481187,0.030665606824,0.201134217256,20,12,6,20,6.58302684186e-05,3.07137700334e-06,6.58302684186e-05,0.0181591270907,0.00641471880174,0.00052172602343,6.58302684186e-05,3.07137700334e-06,6.58302684186e-05,0.167620865603,0.639399386008,0.167614712646
475,0.0466718705443,0.177280289273,0.0579783229671,0.0288662020327,0.0141710914067,0.0933693384762,0.110530484985,0.195928105974,0.149366854358,0.0653505542578,0.0114960471897,0.048990838536,20,12,6,20,6.33920044113e-05,2.95761735781e-06,6.33920044113e-05,0.152552995772,0.000409766964878,0.00170304865013,6.33920044113e-05,2.95761735781e-06,6.33920044113e-05,0.14533867428,0.554402691833,0.145333339248
476,0.0823595160916,0.0949331658722,0.0228522321377,0.00647369063578,0.254235741722,0.108286543817,0.071767983932,0.0253492882953,0.0116084198413,0.0399838101572,0.181058738565,0.101090868933,20,12,6,20,8.89997808519e-05,4.15237377543e-06,8.89997808519e-05,0.0200220841817,0.00236068644847,0.000333206469288,8.89997808519e-05,4.15237377543e-06,8.89997808519e-05,0.1680138051,0.64089827621,0.168007637719
477,0.171457776313,0.041532677489,0.0185411663343,0.094995080547,0.0635466202732,0.0990519004758,0.0210924945395,0.0238846845324,0.183431105134,0.0412929287857,0.173586122626,0.0675874429492,20,12,6,20,5.58084375297e-05,2.60379846138e-06,5.58084375297e-05,0.0332230225149,0.00257819176811,0.00127092396531,5.58084375297e-05,2.60379846138e-06,5.58084375297e-05,0.165568152264,0.631569193484,0.165562074657
478,0.0282671827985,0.118687710094,0.0766776886862,0.00803423402634,0.0935472475226,0.00661785273535,0.0490789928884,0.156039822539,0.0198228103368,0.0389863171521,0.200687826931,0.203552314289,20,12,6,20,3.15403364268e-06,1.47154593633e-07,3.15403364268e-06,0.0153685555106,0.000787484107094,6.30795087455e-06,3.15403364268e-06,1.47154593633e-07,3.15403364268e-06,0.169201353226,0.645428246509,0.169195142253
479,0.0349414549676,0.188885973478,0.0440765738652,0.00336931084451,0.0385891683499,0.0870513761352,0.0144100242011,0.179829709073,0.00931164484923,0.031661096163,0.110483806157,0.257389861916,20,12,6,20,6.91872557254e-06,3.22800060313e-07,6.91872557254e-06,0.0242880784331,0.000334894155394,0.000216565335764,6.91872557254e-06,3.22800060313e-07,6.91872557254e-06,0.167706371762,0.639725554145,0.167700215666
480,0.0102262206882,0.0607783896559,0.0204174811966,0.0315099328034,0.0501676955405,0.199782828986,0.094331300283,0.375579205507,0.0569446007997,0.0659349650504,0.0230339740353,0.0112934054542,20,12,6,20,0.000155471538669,7.25368010815e-06,0.000155471538669,0.136394038158,0.0111745007766,0.000814895874135,0.000155471538669,7.25368010815e-06,0.000155471538669,0.14635431543,0.558276913131,0.146348943116
481,0.110316394313,0.141103980353,0.14991160673,0.0655370951907,0.0647122740302,0.0115767695937,0.145822242683,0.140333844231,0.0269890398296,0.0334390237236,0.0692661502937,0.040991579028,20,12,6,20,0.000187715911374,8.75807356106e-06,0.000187715911374,0.0906436691705,0.00302288816133,0.00577695836663,0.000187715911374,8.75807356106e-06,0.000187715911374,0.154748461187,0.590296862579,0.154742780744
482,0.181465958454,0.00190616589195,0.011995529234,0.158989759687,0.0693081982353,0.112568193639,0.125226675301,0.0665109092933,0.0276489941254,0.0771890999624,0.138462804229,0.0287277119479,20,12,6,20,9.69263107145e-05,4.5221939527e-06,9.69263107145e-05,0.0324210620606,0.00296141605452,0.00432554701795,9.69263107145e-05,4.5221939527e-06,9.69263107145e-05,0.165085877732,0.629729529677,0.165079817828
483,0.0103084821841,0.0381688232234,0.100507575026,0.0392676841288,0.0992379215879,0.0992226114451,0.156077741792,0.0400126472317,0.113988360522,0.232122542015,0.0616026841563,0.00948292668734,20,12,6,20,3.99228832523e-05,1.86264204102e-06,3.99228832523e-05,0.0462179256128,0.00185799636544,5.01764576594e-05,3.99228832523e-05,1.86264204102e-06,3.99228832523e-05,0.163678239656,0.624360013668,0.163672231423
484,0.00737863331704,0.0663820085436,0.125716800649,0.105166135162,0.172160848089,0.110605665819,0.0924670809712,0.0297346556311,0.0591683185133,0.0521021339745,0.0618461112234,0.117271608107,20,12,6,20,3.66238141836e-05,1.70872067455e-06,3.66238141836e-05,0.00288406094192,0.00316695876974,0.00273877345852,3.66238141836e-05,1.70872067455e-06,3.66238141836e-05,0.170445746828,0.650175057128,0.170439490176
485,0.191656487928,0.0352319126182,0.100439466463,0.0819939193159,0.0886678543327,0.00627559166207,0.0932593096263,0.0858028068629,0.130683771252,0.0334760263382,0.0395698726287,0.112942980972,20,12,6,20,0.000135883348083,6.33977348817e-06,0.000135883348083,0.0147534328122,0.0103786871596,0.00242701900436,0.000135883348083,6.33977348817e-06,0.000135883348083,0.167147857355,0.63759506897,0.16714172176
486,0.11997162088,0.0415173921356,0.158547651182,0.0638333110684,0.0365290309738,0.0886413147389,0.0760658901877,0.215236932723,0.0388065389373,0.00131432448254,0.00568206955563,0.153853923135,20,12,6,20,0.000116210356315,5.42191038425e-06,0.000116210356315,0.0670476508537,0.00604098226733,0.00465177061621,0.000116210356315,5.42191038425e-06,0.000116210356315,0.158531370954,0.604726988412,0.15852555165
487,0.0910166406742,0.0721908388863,0.00380509843686,0.0105861118624,0.0429550086596,0.0389765524397,0.154360546541,0.269782394771,0.135803279645,0.0127635979095,0.0378882035517,0.129871726623,20,12,6,20,0.000128922042136,6.01498679788e-06,0.000128922042136,0.0334270981695,0.00357718865693,0.00924516840713,0.000128922042136,6.01498679788e-06,0.000128922042136,0.163938337092,0.625352170222,0.163932319311
488,0.00273169712833,0.380975581422,0.0429867900463,0.0241063392562,0.0481820300711,0.0655902322044,0.0633953048258,0.0349771770056,0.123148413626,0.0728922824942,0.115871966421,0.0251421854991,20,12,6,20,4.31130764363e-05,2.01148369421e-06,4.31130764363e-05,0.0537343416753,0.00358332215511,0.000189070956194,4.31130764363e-05,2.01148369421e-06,4.31130764363e-05,0.162062681717,0.618197375437,0.162056732787
489,0.0198965686973,0.0413338943583,0.111413994578,0.111516101794,0.0667377449682,0.0169522187191,0.288120338226,0.0626210713674,0.00921245474674,0.0266298483385,0.0400102154164,0.20555554879,20,12,6,20,2.88206800708e-05,1.34465764938e-06,2.88206800708e-05,0.0288881335158,0.00269866147515,0.00116230621714,2.88206800708e-05,1.34465764938e-06,2.88206800708e-05,0.16633064099,0.634477750372,0.166324535394
490,0.0475605598017,0.0154996864114,0.040904368181,0.0172733058761,0.096573990374,0.0463028354553,0.0189303411204,0.429097154404,0.0849402772265,0.103858899431,0.033753105331,0.0653054763873,20,12,6,20,0.000117899926999,5.50073899409e-06,0.000117899926999,0.0132115136555,0.0100520397731,0.000491923227364,0.000117899926999,5.50073899409e-06,0.000117899926999,0.167814683459,0.640138715312,0.167808523387
491,0.0611621068458,0.0070447586188,0.315843452642,0.0316635528046,0.00305351632114,0.0261961344872,0.0998745097545,0.0230917174229,0.13141020637,0.0147935114037,0.075572662044,0.210293871285,20,12,6,20,2.47487768426e-05,1.15467893237e-06,2.47487768426e-05,0.00212250823631,0.00168930915723,0.00173587917005,2.47487768426e-05,1.15467893237e-06,2.47487768426e-05,0.171011692863,0.652333890672,0.171005415436
492,0.0212511164267,0.343116332644,0.0627406441819,0.0176331778025,0.107234117367,0.0222401455441,0.0608215698511,0.0777854920156,0.128363472026,0.00363046024064,0.074176931101,0.0810065408005,20,12,6,20,0.000116424319701,5.43189305997e-06,0.000116424319701,0.0159556570969,0.015830040539,0.00144412989402,0.000116424319701,5.43189305997e-06,0.000116424319701,0.166186292828,0.633927126047,0.16618019253
493,0.283025646137,0.0720108635647,0.0739644253526,0.0174772581018,0.179059250268,0.0411734972367,0.0228437762022,0.0162569790833,0.0736248433365,0.0891948168881,0.0829843594156,0.0483842844133,20,12,6,20,1.03850348759e-05,4.84524187168e-07,1.03850348759e-05,0.0237750424696,0.00890296819443,0.000148473391173,1.03850348759e-05,4.84524187168e-07,1.03850348759e-05,0.166330310783,0.634476490776,0.166324205198
494,0.0352317573117,0.0164021591248,0.0557316642322,0.220780996396,0.140773000138,0.0101017469848,0.00232513376787,0.116874463574,0.17937242404,0.0715661051679,0.0886525955717,0.0621879536909,20,12,6,20,0.000201925249149,9.42102442429e-06,0.000201925249149,0.03363175063,0.00925405661201,0.000342867184645,0.000201925249149,9.42102442429e-06,0.000201925249149,0.16440646785,0.627137881793,0.164400432885
495,0.068269517371,0.10381514907,0.0295655968965,0.0109336897099,0.279437555183,0.112432984757,0.0321127394205,0.0666611943507,0.0839535846982,0.00723293964648,0.154583497817,0.051001551079,20,12,6,20,9.2900211036e-05,4.3343522461e-06,9.2900211036e-05,0.0339498792663,0.000677978356455,0.0045132059359,9.2900211036e-05,4.3343522461e-06,9.2900211036e-05,0.16518621991,0.63011229066,0.165180156323
496,0.140012971158,0.0346355874685,0.0619635298289,0.200211528998,0.0502613611107,0.0894969404425,0.134883551508,0.0209222725981,0.14699552988,0.0232586601582,0.065924464338,0.0314336025115,20,12,6,20,9.33193445953e-05,4.35390734144e-06,9.33193445953e-05,0.11018050383,0.0102430030421,0.00380561532476,9.33193445953e-05,4.35390734144e-06,9.33193445953e-05,0.150552206005,0.574290007008,0.150546679597
497,0.147801671232,0.0748538431252,0.0217469831464,0.0223908653892,0.0271920975569,0.0832837305851,0.181282008542,0.0991811632657,0.107351587468,0.0908908806486,0.021702921952,0.122322247088,20,12,6,20,2.98238245147e-05,1.39146035656e-06,2.98238245147e-05,0.0806378105882,0.000701072215823,0.00160669656862,2.98238245147e-05,1.39146035656e-06,2.98238245147e-05,0.157696982533,0.601544166019,0.157691193857
498,0.179705818463,0.00219348946703,0.00102280978126,0.152630924061,0.0482852405067,0.144226390927,0.0489448135991,0.037166284355,0.056314563375,0.0103095733348,0.28206708528,0.0371330068502,20,12,6,20,0.00011289272704,5.26712307278e-06,0.00011289272704,0.018909681093,0.0059518727374,0.000113046487522,0.00011289272704,5.26712307278e-06,0.00011289272704,0.167608539612,0.639352367809,0.167602387107
499,0.112915385641,0.021004362495,0.0739472453493,0.00209507035188,0.307125672787,0.0442222520486,0.0485287973713,0.16840092253,0.106565512006,0.0268269631013,0.0372193129815,0.0511485033371,20,12,6,20,0.000176618153674,8.2402965778e-06,0.000176618153674,0.151578526424,0.0110409436676,0.00205276444552,0.000176618153674,8.2402965778e-06,0.000176618153674,0.143538028285,0.547534024621,0.14353275935
500,0.0410502917598,0.0647424462633,0.106181225043,0.0683657278988,0.0229432779661,0.278736455568,0.032611521045,0.146130634711,0.0386047890325,0.130502093699,0.0370650561024,0.0330664809121,20,12,6,20,8.35486124717e-05,3.89804406348e-06,8.35486124717e-05,0.0804244530093,0.00530660350459,0.000893120191717,8.35486124717e-05,3.89804406348e-06,8.35486124717e-05,0.157026504265,0.59898658829,0.157020740201
501,0.0847123598392,0.127735009489,0.145558327744,0.0180864111561,0.102409725941,0.0215312501358,0.0251547165566,0.0435048621915,0.299260322238,0.103391290975,0.0233212293986,0.00533449433381,20,12,6,20,0.000129902656025,6.06073831952e-06,0.000129902656025,0.107340071638,0.00953920406996,0.00122555131709,0.000129902656025,6.06073831952e-06,0.000129902656025,0.151579728091,0.578209548817,0.151574163965
502,0.121819061016,0.314240090185,0.0948248688037,0.074955515113,0.0023980484876,0.0549013528835,0.0749104935761,0.0670285886289,0.103224091207,0.0620967980645,0.00190929772808,0.0276917943072,20,12,6,20,7.25652244082e-05,3.38560310999e-06,7.25652244082e-05,0.187939364255,0.00120141475169,0.00373871901781,7.25652244082e-05,3.38560310999e-06,7.25652244082e-05,0.138760103391,0.529308356638,0.138755009843
503,0.180346524535,0.00512340663181,0.205393967096,0.0729559342428,0.0197223645238,0.0345700894601,0.0361742243772,0.01209569972,0.00719284359131,0.0646936814083,0.115989607906,0.245741656508,20,12,6,20,4.43806823855e-06,2.07062511738e-07,4.43806823855e-06,0.028779608617,0.000291463984042,6.08490745531e-05,4.43806823855e-06,2.07062511738e-07,4.43806823855e-06,0.166969900092,0.636916240805,0.16696377103
504,0.0387326096131,0.00588015474059,0.240023451718,0.0357373461599,0.0292830229173,0.0654316743775,0.00904134297447,0.0251813357764,0.193516148636,0.146851770938,0.0732009129261,0.137120229223,20,12,6,20,0.000104793725475,4.88925605578e-06,0.000104793725475,0.00700098574404,0.000400314149876,0.00227666621584,0.000104793725475,4.88925605578e-06,0.000104793725475,0.170245005658,0.649409318444,0.170238756374
505,0.0048833060669,0.0536253842288,0.101297095779,0.123836143915,0.0231647795921,0.20369523614,0.0243090373242,0.0595268436493,0.34580854128,0.0276858820131,0.026909256885,0.0052584931264,20,12,6,20,0.000417917429133,1.94983555736e-05,0.000417917429133,0.26651536245,0.0137635207972,0.00807245308014,0.000417917429133,1.94983555736e-05,0.000417917429133,0.122097427229,0.465747624689,0.122092945327
506,0.0305457255726,0.214150005252,0.130335051179,0.0548753579458,0.100593594297,0.0603168614154,0.0425389309846,0.0739074268603,0.0734094376941,0.0206042214676,0.0938464234828,0.104876963848,20,12,6,20,0.000120653637773,5.62921612395e-06,0.000120653637773,0.0236671730709,0.00564153891504,0.00185330821364,0.000120653637773,5.62921612395e-06,0.000120653637773,0.166538943645,0.635272332771,0.166532830402
507,0.0159258027189,0.0199603053072,0.0562205208149,0.119547216216,0.0522049584731,0.141596110134,0.0498539155933,0.234576230349,0.169793974854,0.0563979614874,0.0174927340088,0.066430270043,20,12,6,20,0.000211986466566,9.89044058412e-06,0.000211986466566,0.0666125855633,0.00426815637057,0.0128014203379,0.000211986466566,9.89044058412e-06,0.000211986466566,0.15744206359,0.60057176312,0.157436284271
508,0.0123929193552,0.0201794333023,0.21350632559,0.0224274003377,0.187672815539,0.117492276499,0.000820329127242,0.0342050219462,0.0129799946028,0.0174916447728,0.159897318773,0.200934520153,20,12,6,20,7.93075232792e-06,3.70017180612e-07,7.93075232792e-06,0.00300075176448,0.000184722349309,0.00389001678706,7.93075232792e-06,3.70017180612e-07,7.93075232792e-06,0.170760777434,0.651376759405,0.170754509217
509,0.047263298316,0.0925764236426,0.01178303964,0.229480323124,0.0133032212869,0.0749517173091,0.0896399124005,0.0829304631646,0.120492754765,0.0977795372514,0.0943877109767,0.0454115981231,20,12,6,20,1.51508088316e-05,7.06876136849e-07,1.51508088316e-05,0.0715325503831,0.0014286507881,0.000461010073942,1.51508088316e-05,7.06876136849e-07,1.51508088316e-05,0.159345171633,0.607831277679,0.159339322456
510,0.0564068200927,0.0774428591126,0.0871055041035,0.113559627451,0.269344859036,0.00485428485463,0.0565097848527,0.0765754492955,0.0239093706977,0.0459490709442,0.0830923277278,0.105250041832,20,12,6,20,9.27094799912e-05,4.32545349847e-06,9.27094799912e-05,0.0027519578618,0.00118701429769,0.00570641574198,9.27094799912e-05,4.32545349847e-06,9.27094799912e-05,0.170259115642,0.649463141788,0.170252865841
511,0.14505503742,0.180742206894,0.0241444395333,0.0350138776509,0.0786927145899,0.0757441888846,0.0135475861341,0.0177551195739,0.1392928674,0.148979170917,0.060486236076,0.0805465549269,20,12,6,20,9.2437943936e-05,4.31278471228e-06,9.2437943936e-05,0.0159990700587,0.00148010298545,0.00387167880859,9.2437943936e-05,4.31278471228e-06,9.2437943936e-05,0.168246163343,0.641784620027,0.168239987432
512,0.0295006550585,0.132051452669,0.169205975563,0.129898401441,0.0264237494748,0.0630143159178,0.0547318749586,0.0914046052471,0.00746848162485,0.15960813799,0.0942679035011,0.0424244465543,20,12,6,20,9.85420479484e-05,4.59757778908e-06,9.85420479484e-05,0.0241144260512,0.00184724479798,0.00345020967517,9.85420479484e-05,4.59757778908e-06,9.85420479484e-05,0.166855504452,0.636479872088,0.166849379589
513,0.0309163976679,0.0126295690156,0.101248886261,0.0696432212235,0.0379736860181,0.0774499182905,0.149868782714,0.04464276654,0.137109750325,0.205312299939,0.0965732316788,0.0366314903267,20,12,6,20,2.05292385445e-05,9.57812153534e-07,2.05292385445e-05,0.0363523066757,0.00231391193085,0.000498300698905,2.05292385445e-05,9.57812153534e-07,2.05292385445e-05,0.165233133705,0.630291246015,0.165227068395
514,0.143108167887,0.0406381293362,0.0822993271986,0.00283319157576,0.0207163437594,0.016719810933,0.0698474409593,0.012597630898,0.0461861550397,0.0528555002956,0.273980564703,0.238217737415,20,12,6,20,7.45368327442e-06,3.47759046851e-07,7.45368327442e-06,0.00742830180281,0.000404335210031,0.000342979937738,7.45368327442e-06,3.47759046851e-07,7.45368327442e-06,0.170571910054,0.650656313974,0.17056564877
515,0.0202702764657,0.0161117430791,0.00923568125491,0.25811027135,0.156200739492,0.00111084253939,0.0289296152734,0.249724108006,0.0241263043334,0.111093468822,0.0819418539744,0.04314509541,20,12,6,20,6.38557024568e-05,2.97925165383e-06,6.38557024568e-05,0.0497187359061,0.0055305716334,0.00119103350586,6.38557024568e-05,2.97925165383e-06,6.38557024568e-05,0.162231481138,0.618841270492,0.162225526012
516,0.138424636352,0.137023775306,0.099286917651,0.0158341495165,0.155175630669,0.208219960077,0.0613044080082,0.0183939073085,0.0766194416381,0.015483414129,0.0393322321449,0.0349015272008,20,12,6,20,0.00022784043433,1.06301233041e-05,0.00022784043433,0.186868588484,0.00297863989028,0.00532477363931,0.00022784043433,1.06301233041e-05,0.00022784043433,0.138256520361,0.527387410344,0.138251445297
517,0.0164442345507,0.282458851118,0.172566400348,0.0178270708379,0.0246368896293,0.0477259942618,0.0928488126983,0.0367403497909,0.0301971960347,0.0739212883349,0.144690887957,0.0599420244389,20,12,6,20,5.29080332031e-05,2.46847719712e-06,5.29080332031e-05,0.02898188054,0.00412555580478,0.0011042457712,5.29080332031e-05,2.46847719712e-06,5.29080332031e-05,0.166062144568,0.633453555402,0.166056048827
518,0.242618900926,0.0925125792188,0.128191427979,0.00298141561383,0.234236305665,0.0370536268259,0.0243267859087,0.0571365212657,0.0026858139552,0.0617734627096,0.11302519498,0.00345796495158,20,12,6,20,0.000162134793453,7.56456092336e-06,0.000162134793453,0.0581717984429,0.00156732037451,0.00392869994902,0.000162134793453,7.56456092336e-06,0.000162134793453,0.160919289589,0.61383584072,0.16091338263
519,0.00876986221648,0.147056794812,0.0288834706302,0.0554929709148,0.160986148435,0.02789031598,0.00575778327916,0.023949180776,0.0371950364814,0.409082739871,0.0642212956522,0.0307144009521,20,12,6,20,1.65437882046e-05,7.71866982475e-07,1.65437882046e-05,0.0233286772538,0.000117188798404,0.000522205883646,1.65437882046e-05,7.71866982475e-07,1.65437882046e-05,0.167849473433,0.64027142366,0.167843312084
520,0.101036035386,0.0752489452024,0.0883377084871,0.0369351156123,0.144712688455,0.215355747078,0.0637689576349,0.0439483824344,0.0403558799382,0.0679576292855,0.106298537474,0.0160443730118,20,12,6,20,0.000317197780759,1.47991796591e-05,0.000317197780759,0.0432418826074,0.00957136788218,0.00242597823799,0.000317197780759,1.47991796591e-05,0.000317197780759,0.162259704299,0.618948929354,0.162253748137
521,0.14029034754,0.230813793844,0.0632639145482,0.0122521379342,0.0837752211314,0.0342136827554,0.0844575652691,0.0390874389138,0.118302659971,0.0579967860394,0.009671063014,0.12587538904,20,12,6,20,5.63331077495e-05,2.62827747516e-06,5.63331077495e-05,0.0631162483203,0.00924193870662,0.000157364044189,5.63331077495e-05,2.62827747516e-06,5.63331077495e-05,0.159472110418,0.608315492943,0.159466256582
522,0.29666990598,0.0211723351602,0.0589673388904,0.0327423895777,0.152470087735,0.0946517146729,0.165033600119,0.0913230418772,0.054678609617,0.0273190221749,0.0019034433615,0.00306851083428,20,12,6,20,0.000304288026603,1.41968621692e-05,0.000304288026603,0.300399709326,0.0599370643848,0.000772431070126,0.000304288026603,1.41968621692e-05,0.000304288026603,0.109664287215,0.418320700469,0.109660261704
523,0.292202334325,0.0299812762174,0.0636324029483,0.0975383494062,0.0375773865134,0.00240291378232,0.116058501376,0.0684439927033,0.104056771226,0.0182178109699,0.0502358605259,0.119652400006,20,12,6,20,3.74247522731e-05,1.74608924205e-06,3.74247522731e-05,0.0825178870941,0.0031411085267,0.000443222083837,3.74247522731e-05,1.74608924205e-06,3.74247522731e-05,0.157148742779,0.5994528741,0.157142974228
524,0.0623146336963,0.0141875889815,0.136648673745,0.194503208016,0.0102880251029,0.0182653149152,0.0215874068803,0.0686916317685,0.146359561299,0.0647030285189,0.0338782277689,0.228572699308,20,12,6,20,4.52595890825e-05,2.11163138823e-06,4.52595890825e-05,0.0117044780999,0.00454892159163,0.000231935454988,4.52595890825e-05,2.11163138823e-06,4.52595890825e-05,0.169116163269,0.645103284542,0.169109955423
525,0.151154935355,0.0376027105014,0.0150686762978,0.0596293502355,0.0719055368523,0.252363525943,0.0932213430015,0.0208059336751,0.107968095687,0.0758342841709,0.107877859243,0.00656774903698,20,12,6,20,0.000137514927496,6.41589645725e-06,0.000137514927496,0.0217468088597,0.00491498530264,0.00330578324476,0.000137514927496,6.41589645725e-06,0.000137514927496,0.166732497742,0.636010655954,0.166726377394
526,0.0911465410713,0.0300007068586,0.0419239147899,0.14331510566,0.0494658532414,0.0753552648424,0.192578845628,0.00941337321748,0.161174119652,0.00714369614752,0.0493170729912,0.1491655059,20,12,6,20,0.000155539331103,7.25684303195e-06,0.000155539331103,0.0242224741076,0.00390414900999,0.0081342235238,0.000155539331103,7.25684303195e-06,0.000155539331103,0.165637472158,0.631833618185,0.165631392005
527,0.056338630577,0.0470961317119,0.0345476364089,0.0504148181327,0.0223872162904,0.011767413271,0.145899078953,0.351635163115,0.140777922327,0.0170239186105,0.0103265645557,0.111785506047,20,12,6,20,0.00017499916812,8.16476118778e-06,0.00017499916812,0.070052868006,0.00412665526252,0.0102811320722,0.00017499916812,8.16476118778e-06,0.00017499916812,0.157334214196,0.600160365433,0.157328438836
528,0.0774194042605,0.186429711356,0.0672171652247,0.06255910181,0.0327117436532,0.141001384669,0.0762995738701,0.00760001265948,0.0371990164217,0.0129460892555,0.23174413727,0.0668726595497,20,12,6,20,4.40945932522e-05,2.05727734277e-06,4.40945932522e-05,0.0115328452843,0.00248573587228,0.00149476982328,4.40945932522e-05,2.05727734277e-06,4.40945932522e-05,0.169284148377,0.645744073351,0.169277934364
529,0.0628196354881,0.0597029842071,0.0946132272201,0.0117198983837,0.109429325925,0.0443710643024,0.0760987043614,0.217016578631,0.0442591383396,0.0155913584665,0.229556073688,0.0348220109876,20,12,6,20,4.48812303989e-05,2.09397868549e-06,4.48812303989e-05,0.00946743908349,0.00241299548107,0.00447169729017,4.48812303989e-05,2.09397868549e-06,4.48812303989e-05,0.169139338359,0.645191687246,0.169133129661
530,0.0277539813351,0.0648769467549,0.00447061664276,0.0900025319618,0.131276286835,0.128317491691,0.0369492214092,0.227458363677,0.0460891060942,0.162711348071,0.0334329228404,0.0466611826872,20,12,6,20,1.66671482008e-06,7.77622466458e-08,1.66671482008e-06,1.07534928921e-05,0.000159214144747,1.36663571191e-05,1.66671482008e-06,7.77622466458e-08,1.66671482008e-06,0.171950470983,0.655914913543,0.171944159096
531,0.125005825706,0.0772782848107,0.171510390637,0.00414949071562,0.0158125953003,0.0560780763545,0.0649695422362,0.0374860888117,0.160275120599,0.176274207777,0.102829409151,0.00833096789979,20,12,6,20,0.000101426070242,4.73213473321e-06,0.000101426070242,0.0143427564666,0.00129382319731,0.0020304754047,0.000101426070242,4.73213473321e-06,0.000101426070242,0.168873387129,0.644177201058,0.168867188194
532,0.0542464753906,0.0265298774442,0.0208566135403,0.0735504414347,0.118314201829,0.064162009296,0.186469943838,0.0695862881777,0.0140074167366,0.0695586045311,0.0666787257971,0.236039401985,20,12,6,20,8.67746882639e-05,4.04855985564e-06,8.67746882639e-05,0.0272144187113,0.0024418712504,0.000491084974569,8.67746882639e-05,4.04855985564e-06,8.67746882639e-05,0.166737295748,0.63602895822,0.166731175224
533,0.105769541458,0.00348953210679,0.00595754834474,0.0647647244884,0.0838292095082,0.0792534597744,0.0951317889928,0.0605537579576,0.00276530144493,0.0383781214862,0.383749187695,0.0763578267425,20,12,6,20,1.68639701141e-05,7.86805389646e-07,1.68639701141e-05,0.010467701159,0.00121518786495,0.000835155643132,1.68639701141e-05,7.86805389646e-07,1.68639701141e-05,0.169818460662,0.647782238144,0.169812227036
534,0.0013210432673,0.0185921913666,0.236073469957,0.0480493257073,0.0321927023161,0.0577349725656,0.090443403619,0.0113937482163,0.18086165363,0.128829492704,0.043501919779,0.151006076871,20,12,6,20,4.72748635107e-05,2.20565603196e-06,4.72748635107e-05,0.021871669058,0.00138721288168,0.00140538553838,4.72748635107e-05,2.20565603196e-06,4.72748635107e-05,0.167708105385,0.639732167147,0.167701949225
535,0.269047515981,0.034613453441,0.0514584197055,0.0187365660529,0.0291105316071,0.296678861568,0.0219699821259,0.102998241864,0.00423830085333,0.0565430005791,0.0932674773486,0.0213376488735,20,12,6,20,0.000199725168917,9.31837748097e-06,0.000199725168917,0.0160834496611,0.0132523242132,0.000238691093697,0.000199725168917,9.31837748097e-06,0.000199725168917,0.166756311659,0.636101495504,0.166750190438
536,0.0166812488776,0.0961665835365,0.0362130667244,0.0608079043257,0.0654409086462,0.0244329164285,0.330061139921,0.103161314252,0.0581954403154,0.13505440367,0.0680600143821,0.00572505892053,20,12,6,20,2.61305776338e-07,1.21914823008e-08,2.61305776338e-07,1.88327436256e-06,4.85194511604e-06,7.47405510009e-07,2.61305776338e-07,1.21914823008e-08,2.61305776338e-07,0.171981755445,0.656034249914,0.17197544241
537,0.116390337011,0.199505013728,0.108117935505,0.0586146972823,0.0588684890106,0.0927702343743,0.105436500376,0.0179529910052,0.0812304702114,0.0671325456709,0.017513321793,0.0764674640327,20,12,6,20,0.00015317220673,7.14640247719e-06,0.00015317220673,0.0465966067908,0.00543924938163,0.00359437206756,0.00015317220673,7.14640247719e-06,0.00015317220673,0.16230792983,0.619132888401,0.162301971897
538,0.0073456960676,0.0359336553177,0.105077098214,0.0788376800298,0.0790502513182,0.0210667895058,0.0278417687117,0.0431229761225,0.103769889633,0.180688204241,0.290667519857,0.0265984709819,20,12,6,20,2.52404522569e-05,1.1776185405e-06,2.52404522569e-05,0.0119413856132,0.00113027951084,0.000931930315891,2.52404522569e-05,1.1776185405e-06,2.52404522569e-05,0.169557073963,0.646785163619,0.169550849932
539,0.0207019060716,0.246065909772,0.0555435944512,0.147137130325,0.0103027726158,0.147598488396,0.0413624139188,0.0188370350216,0.0347131743269,0.0126089360663,0.00867091900521,0.25645772003,20,12,6,20,6.13910821341e-05,2.86426232805e-06,6.13910821341e-05,0.0471424604472,0.00203937268149,0.00204176490352,6.13910821341e-05,2.86426232805e-06,6.13910821341e-05,0.163130408478,0.622270280282,0.163124420354
540,0.261796865524,0.231762350207,0.104566533138,0.0165325024524,0.0956280378552,0.0390574466623,0.0368171225705,0.0554337027709,0.0779403560316,0.0222814278686,0.0244239465014,0.0337597084178,20,12,6,20,0.000431724695684,2.01425474018e-05,0.000431724695684,0.120735100961,0.0352886245927,0.000520387087335,0.000431724695684,2.01425474018e-05,0.000431724695684,0.144756338753,0.552181339632,0.144751025097
541,0.00371733243325,0.311316072009,0.0362667415529,0.0694019292299,0.0323808864209,0.185137158606,0.0236116455484,0.0162593291044,0.263536899694,0.00015675754817,0.00411263039923,0.0541026174533,20,12,6,20,0.000182247090567,8.50292025751e-06,0.000182247090567,0.219361063732,0.00606758796648,0.0128003246178,0.000182247090567,8.50292025751e-06,0.000182247090567,0.130883539854,0.499262754192,0.130878735435
542,0.118998659875,0.0444458898097,0.0210303792496,0.002619780999,0.25829048776,0.0759601842994,0.0725652481203,0.0952068617276,0.0302435146721,0.0120826620027,0.224960733467,0.0435955980172,20,12,6,20,2.78462276975e-05,1.29919359945e-06,2.78462276975e-05,0.0507673455925,0.00116124242844,0.000251209543417,2.78462276975e-05,1.29919359945e-06,2.78462276975e-05,0.162989573138,0.621733055816,0.162983590184
543,0.0499211582491,0.0632124704653,0.0221474488341,0.0263667242396,0.188432957213,0.0388978852964,0.0566274042659,0.17129582276,0.178582148473,0.115623198277,0.0623804096711,0.026512372255,20,12,6,20,0.000166904093332,7.78707737851e-06,0.000166904093332,0.0388637030651,0.00531703441573,0.000739615913329,0.000166904093332,7.78707737851e-06,0.000166904093332,0.164140181671,0.626122117925,0.164134156481
544,0.0221948540322,0.245351433707,0.0763362259974,0.00714197247167,0.01078965103,0.0730844590454,0.00390286264839,0.0375893926463,0.159569319376,0.0220040609691,0.210422400974,0.131613367103,20,12,6,20,3.02824687586e-06,1.4128588624e-07,3.02824687586e-06,0.00789254581881,0.00145633504144,0.000582013538927,3.02824687586e-06,1.4128588624e-07,3.02824687586e-06,0.170273147198,0.649516665961,0.170266896882
545,0.0699984022955,0.031397151995,0.00350323486313,0.337573376266,0.00933744881197,0.0720817370493,0.0192615073829,0.175831870135,0.107786021811,0.04043545854,0.0756820374955,0.0571117533543,20,12,6,20,0.000218558328031,1.01970573526e-05,0.000218558328031,0.0512167954026,0.00757990917747,0.00841874479243,0.000218558328031,1.01970573526e-05,0.000218558328031,0.160269435535,0.611356935236,0.16026355243
546,0.0524124474918,0.0263609670527,0.116487994032,0.0228482711585,0.184823713376,0.0632893373834,0.0651212709376,0.0324552692472,0.0139787177418,0.0268429028998,0.0835602161657,0.311818892513,20,12,6,20,2.81060952902e-05,1.31131798186e-06,2.81060952902e-05,0.0276834911173,0.00170414116964,0.000536154983926,2.81060952902e-05,1.31131798186e-06,2.81060952902e-05,0.166817050651,0.636333187862,0.166810927199
547,0.202099994946,0.0748081266445,0.0737513888791,0.0399758333652,0.0992470460412,0.0576982036905,0.0559157343452,0.267856088981,0.0390510205256,0.0435149830558,0.0105994635449,0.0354821159803,20,12,6,20,0.000456081030289,2.12789165492e-05,0.000456081030289,0.0195818371634,0.0234054634716,0.00791284062539,0.000456081030289,2.12789165492e-05,0.000456081030289,0.162908183391,0.621422589969,0.162902203425
548,0.0682918007959,0.00290403088902,0.130726193577,0.0442929799422,0.0884817828974,0.11154166611,0.423937072105,0.0196273520398,0.000441468064379,0.0376704469983,0.0509325770427,0.021152629539,20,12,6,20,0.000168737430281,7.87261354719e-06,0.000168737430281,0.0864026293559,0.0246719927368,0.00117597470266,0.000168737430281,7.87261354719e-06,0.000168737430281,0.15255921855,0.581945871237,0.152553618469
549,0.00102219389503,0.0648005596817,0.00182568991264,0.0102358976203,0.0933275387217,0.10831247819,0.0935333401503,0.0690490943102,0.0639903700362,0.0732930650022,0.312555474264,0.108054298216,20,12,6,20,1.03060939835e-05,4.80841120894e-07,1.03060939835e-05,0.000151811026854,0.000215967810532,0.000501548395997,1.03060939835e-05,4.80841120894e-07,1.03060939835e-05,0.171826461289,0.655441871466,0.171820153954
550,0.227308682176,0.0195929551718,0.267600825345,0.00279507909507,0.0670410399941,0.116323953049,0.00571011025252,0.0997403554423,0.0316186056472,0.0744011927603,0.00125287635611,0.0866143247099,20,12,6,20,0.000162160215133,7.56574699724e-06,0.000162160215133,0.0553419800233,0.011502295817,0.0026082194784,0.000162160215133,7.56574699724e-06,0.000162160215133,0.159924404356,0.610040794054,0.159918533917
551,0.117906642111,0.180748627144,0.0462992959073,0.20709139318,0.00225483228318,0.0044060303911,0.057340998023,0.0959172622549,0.000197999171575,0.0579406630051,0.105880928264,0.124015328265,20,12,6,20,1.57822049058e-05,7.36334552087e-07,1.57822049058e-05,0.0546175703014,0.00228053382731,0.000259418789071,1.57822049058e-05,7.36334552087e-07,1.57822049058e-05,0.162141980715,0.618499866005,0.162136028874
552,0.0884580716362,0.0300528786835,0.13006614372,0.0904437539357,0.131932086688,0.140346421624,0.0733235810664,0.013041916986,0.136407776862,0.135507016558,0.00479116841913,0.025629183821,20,12,6,20,0.000187271073931,8.73731922531e-06,0.000187271073931,0.0702725670274,0.00833980586965,0.00166011208781,0.000187271073931,8.73731922531e-06,0.000187271073931,0.158045870057,0.60287501745,0.158040068574
553,0.040993310556,0.167521916439,0.0478773775277,0.113347408927,0.0254060770483,0.0287665212783,0.0521157128295,0.00536553869561,0.223437553011,0.0219096506023,0.0368675952058,0.23639133788,20,12,6,20,1.62592297472e-05,7.58590623087e-07,1.62592297472e-05,0.000768477728236,0.00128538784331,0.00193711655331,1.62592297472e-05,7.58590623087e-07,1.62592297472e-05,0.171285398114,0.65337795502,0.171279110641
554,0.103708534962,0.141569845612,0.144637705706,0.0195217916477,0.00213120201014,0.110712137996,0.111381218851,0.0580129504216,0.0326494290974,0.0544704461651,0.0617678195429,0.159436917989,20,12,6,20,5.61477324615e-05,2.61962860572e-06,5.61477324615e-05,0.0244008730517,0.0020499414886,0.00306159805761,5.61477324615e-05,2.61962860572e-06,5.61477324615e-05,0.166868059414,0.636527763711,0.16686193409
555,0.0493448288403,0.0297711085005,0.0376685189166,0.144491183871,0.0725234032589,0.0886491264033,0.146896868347,0.0363393727344,0.125238220339,0.0279327718186,0.178743556394,0.062401040576,20,12,6,20,6.32312035761e-05,2.95011503405e-06,6.32312035761e-05,0.0313583930428,0.000766204473819,0.00442701598821,6.32312035761e-05,2.95011503405e-06,6.32312035761e-05,0.165652448303,0.631890745547,0.165646367601
556,0.121754074725,0.0873643455548,0.204718068781,0.0124515289271,0.124818745044,0.236026451241,0.0225748974254,0.0186906310582,0.0152353133921,0.119156167879,0.0181594823565,0.0190502936149,20,12,6,20,0.000122275944118,5.70490644876e-06,0.000122275944118,0.0161624816294,0.00592409571452,0.00808795406029,0.000122275944118,5.70490644876e-06,0.000122275944118,0.166707633081,0.63591580828,0.166701513646
557,0.00343713079771,0.0552089739138,0.0688032094916,0.12242521143,0.142258927447,0.0267719185539,0.0457140325201,0.0827814144747,0.0563201498641,0.274775652101,0.0167342627965,0.104769116609,20,12,6,20,6.3932343887e-05,2.98282743639e-06,6.3932343887e-05,0.0110913000774,0.00318377102921,0.000235847621898,6.3932343887e-05,2.98282743639e-06,6.3932343887e-05,0.16944258451,0.646348437049,0.169436364682
558,0.0278154257959,0.0953976578912,0.179234489041,0.100249872752,0.0245665191883,0.00896994048715,0.0327609839274,0.0203308560375,0.0998367739141,0.0939911765499,0.0204162742606,0.296430030154,20,12,6,20,1.92463108354e-05,8.97955878339e-07,1.92463108354e-05,0.0268466436599,0.00127845256581,1.87016507482e-05,1.92463108354e-05,8.97955878339e-07,1.92463108354e-05,0.167129416089,0.637524723708,0.167123281172
559,0.0517711691291,0.285824615453,0.0757081376875,0.221195700156,0.0479504635326,0.0118678166137,0.163239731725,0.0384776011202,0.000488410188866,0.00665166197851,0.0551001411152,0.0417245513007,20,12,6,20,0.000242263753028,1.13030576613e-05,0.000242263753028,0.165259003769,0.0045351295323,0.00409373710253,0.000242263753028,1.13030576613e-05,0.000242263753028,0.141906880241,0.541311917045,0.141901671182
560,0.00282175095803,0.101039019631,0.111529372372,0.0630203274277,0.0705122263662,0.112776751328,0.130061206041,0.030661201442,0.0472024935671,0.173464350389,0.0221942669922,0.134717033488,20,12,6,20,0.000103686701001,4.83760672191e-06,0.000103686701001,0.0132532853079,0.00197348936378,0.00164659525032,0.000103686701001,4.83760672191e-06,0.000103686701001,0.16900829622,0.644691819508,0.169002092333
561,0.164902608929,0.031461859451,0.0696359533166,0.051300187181,0.0599422355014,0.149599448492,0.084877581906,0.0237206321184,0.0597015669917,0.116926835985,0.159242468627,0.0286886215013,20,12,6,20,1.3607522967e-05,6.3487259155e-07,1.3607522967e-05,0.0419678217793,0.000392421996209,0.000725030049588,1.3607522967e-05,6.3487259155e-07,1.3607522967e-05,0.16456370245,0.627737662175,0.164557661713
562,0.139879332111,0.227216730482,0.0421320517075,0.0942238528185,0.0333832260695,0.0687857398241,0.0528221522674,0.0511936737301,0.137285801422,0.0399702194612,0.0240796390544,0.0890275810527,20,12,6,20,1.73671529932e-05,8.10281890051e-07,1.73671529932e-05,0.120100091747,0.000353751186781,0.000256112639363,1.73671529932e-05,8.10281890051e-07,1.73671529932e-05,0.151210912535,0.576802680768,0.151205361947
563,0.0687649297046,0.125929042563,0.203088598808,0.0386736548069,0.0449088160074,0.0211535246846,0.0394890843572,0.0680837134806,0.0623793395875,0.108506008369,0.100814694151,0.118208593481,20,12,6,20,3.2475710932e-05,1.51518676924e-06,3.2475710932e-05,0.0277058197589,0.000678887314142,0.00027214970117,3.2475710932e-05,1.51518676924e-06,3.2475710932e-05,0.167031865318,0.637152610708,0.167025733982
564,0.0324866612537,0.0106159158028,0.0267120772344,0.0524767941332,0.0706708257078,0.0198448519247,0.0227817016714,0.18257678536,0.033566070034,0.113932255666,0.17190922556,0.262426835652,20,12,6,20,3.00376806745e-06,1.40143802955e-07,3.00376806745e-06,0.0145797502593,0.000432067877841,0.000121930250669,3.00376806745e-06,1.40143802955e-07,3.00376806745e-06,0.169378360816,0.646103452091,0.169372143345
565,0.038575289479,0.0071007806628,0.240630617693,0.114594612094,0.12024824057,0.120694180339,0.15145025422,0.0398222303895,0.107990097322,0.0173283987958,0.00814206714599,0.0334232312886,20,12,6,20,0.000305034542811,1.42316916294e-05,0.000305034542811,0.0271916397927,0.0631433582175,0.00112667896534,0.000305034542811,1.42316916294e-05,0.000305034542811,0.156038613474,0.595218222323,0.156032885673
566,0.0236274623112,0.0633526870312,0.0148243206815,0.197696147836,0.161278382404,0.106301307675,0.0341677977215,0.123819154319,0.0996594749574,0.0111468555577,0.0642626183628,0.0998637911427,20,12,6,20,0.000332903654183,1.55319528895e-05,0.000332903654183,0.0801557505161,0.00246326207745,0.00594265570308,0.000332903654183,1.55319528895e-05,0.000332903654183,0.156517746998,0.597045904574,0.156512001609
567,0.023120526389,0.0261751085283,0.0676943817038,0.11442770589,0.158925002615,0.163623219353,0.0458068144701,0.0177361072401,0.0794468681167,0.0392703190057,0.0935642081118,0.170209738577,20,12,6,20,4.40857724045e-05,2.05686579731e-06,4.40857724045e-05,0.0311229936259,0.00487024216043,0.00235722270982,4.40857724045e-05,2.05686579731e-06,4.40857724045e-05,0.165356555157,0.630762044208,0.165350485317
568,0.0180951822566,0.0311764698878,0.191550952252,0.00656352838134,0.215746200517,0.0590448799948,0.0519244040844,0.0960493117015,0.0922246259307,0.137647355039,0.0440517188083,0.0559253711465,20,12,6,20,5.79334388509e-05,2.70294252303e-06,5.79334388509e-05,0.0148213101801,0.00385745645301,0.00267066682326,5.79334388509e-05,2.70294252303e-06,5.79334388509e-05,0.1682706978,0.641878208115,0.168264520988
569,0.122088562823,0.125086574245,0.00765044337851,0.0303616560164,0.188508598232,0.00120001394247,0.027398360466,0.0502663981648,0.0981625505798,0.0468736401302,0.0331226682015,0.26928053382,20,12,6,20,3.51732046937e-05,1.64104103819e-06,3.51732046937e-05,0.0242178593954,0.00144837465653,0.00126879685173,3.51732046937e-05,1.64104103819e-06,3.51732046937e-05,0.167326091502,0.638274953328,0.167319949365
570,0.238028180039,0.107428085392,0.187175998897,0.0931178422369,0.107659191147,0.118623520267,0.0124335330511,0.0468723326628,0.0352342555017,0.00770404116298,0.0292323030428,0.0164907166005,20,12,6,20,0.00023354785827,1.08964088754e-05,0.00023354785827,0.30370584034,0.0105561580819,0.00526127859337,0.00023354785827,1.08964088754e-05,0.00023354785827,0.116866168975,0.445792690658,0.1168618791
571,0.13312308517,0.103875258089,0.0502062088171,0.000974380589109,0.172756781289,0.23876312809,0.0196797663735,0.102026721521,0.0582110778083,0.0712118529991,0.024079348374,0.0250923908805,20,12,6,20,0.00018426291263,8.59697045164e-06,0.00018426291263,0.0135262669132,0.0193765906217,0.00343784974668,0.00018426291263,8.59697045164e-06,0.00018426291263,0.165603516611,0.63170409281,0.165597437706
572,0.300210053258,0.00114927353828,0.110705389341,0.0956687781809,0.0654551448689,0.0104998576865,0.00485954196947,0.172280405404,0.114507885101,0.0529514521689,0.0290439164077,0.0426683020752,20,12,6,20,0.00013077204795,6.10130066914e-06,0.00013077204795,0.1119263603,0.0047297255112,0.00364791770144,0.00013077204795,6.10130066914e-06,0.00013077204795,0.151200894588,0.576764466737,0.151195344368
573,0.218271621007,0.015083066729,0.0121943082384,0.00682503541168,0.145769225242,0.0229474191659,0.117570943472,0.00996669324889,0.164603367768,0.0921783441993,0.164423232158,0.0301667433591,20,12,6,20,0.000141226477219,6.58906252115e-06,0.000141226477219,0.0361225551473,0.00212210197385,0.000958223286499,0.000141226477219,6.58906252115e-06,0.000141226477219,0.165141567676,0.629941962155,0.165135505727
574,0.0811619164787,0.156758806572,0.0424840606755,0.0638390450771,0.26600463519,0.00510727681366,0.00363338308334,0.129482002571,0.0507326687761,0.00109245249788,0.0345546274381,0.165149124827,20,12,6,20,7.94832301093e-05,3.70836958398e-06,7.94832301093e-05,0.0065331733693,0.00967076925869,0.000547472370376,7.94832301093e-05,3.70836958398e-06,7.94832301093e-05,0.169046309205,0.644836822215,0.169040103923
575,0.0674798495417,0.0549803715273,0.00582560535072,0.141943389164,0.00357091691578,0.274818041302,0.0359221484605,0.0125087865635,0.122083609384,0.055956537483,0.139793494543,0.0851172497646,20,12,6,20,1.94138226665e-05,9.05771310329e-07,1.94138226665e-05,0.0696601042706,0.0006431593763,0.00118530503795,1.94138226665e-05,9.05771310329e-07,1.94138226665e-05,0.159674724638,0.60908837648,0.159668863364
576,0.0672973739366,0.00514670998915,0.192224132616,0.0119469546502,0.0625911383481,0.0574781182436,0.188096395697,0.0627811545137,0.0977934316276,0.010294042551,0.0104597992257,0.233890748602,20,12,6,20,0.000124753190297,5.82048484649e-06,0.000124753190297,0.012870822191,0.00672577922228,0.000223539205984,0.000124753190297,5.82048484649e-06,0.000124753190297,0.16848667068,0.642702049029,0.168480485941
577,0.0420090516873,0.203494624727,0.025309200163,0.0188679042287,0.131426495012,0.0135632823293,0.182091742449,0.00912944692042,0.0160173457376,0.00740137995928,0.1109641523,0.239725374487,20,12,6,20,2.88624112642e-05,1.34660465994e-06,2.88624112642e-05,0.0189955117301,0.00156371103926,0.00091116476135,2.88624112642e-05,1.34660465994e-06,2.88624112642e-05,0.168270361179,0.641876924056,0.16826418438
578,0.285353374442,0.0229325734253,0.000722573070268,0.159874902007,0.00760538162613,0.171471025774,0.0561995861378,0.00512060127662,0.113315784117,0.100655309622,0.0130770467961,0.063671841706,20,12,6,20,6.38942087224e-05,2.98104820215e-06,6.38942087224e-05,0.0597903748214,0.0076310252448,0.00520564377412,6.38942087224e-05,2.98104820215e-06,6.38942087224e-05,0.159447612661,0.608222044844,0.159441759724
579,0.00765982662688,0.164225198075,0.0429287091137,0.217543520312,0.22321920306,0.0302684641123,0.00979086294482,0.115905399565,0.0481506449752,0.0251456324837,0.0341321999179,0.0810303388127,20,12,6,20,0.000222977727498,1.04032488541e-05,0.000222977727498,0.104758907999,0.0111284415805,0.00550384476366,0.000222977727498,1.04032488541e-05,0.000222977727498,0.150949004955,0.575803619313,0.150943463981
580,0.00260310660992,0.117039791041,0.219256378777,0.0931510304124,0.00717053022178,0.0267953527883,0.0320273017441,0.102365808326,0.0763655337843,0.112505870962,0.035654331029,0.175064964304,20,12,6,20,5.78470687141e-05,2.69891283792e-06,5.78470687141e-05,0.0282741937928,0.000297165601951,0.00319865778357,5.78470687141e-05,2.69891283792e-06,5.78470687141e-05,0.166478592994,0.63504212176,0.166472481967
581,0.136966467186,0.0158254517531,0.0600499210934,0.0538609031717,0.00389333366567,0.0118467552406,0.0934034296998,0.254529933565,0.0969086835782,0.0894392128288,0.0837227655543,0.0995531426642,20,12,6,20,5.95694890001e-05,2.77927407879e-06,5.95694890001e-05,0.0381983047797,0.000618341218208,0.00283413080788,5.95694890001e-05,2.77927407879e-06,5.95694890001e-05,0.164778055524,0.628555324247,0.164772006919
582,0.326868052225,0.0247912303777,0.0511034250714,0.00587712666671,0.0966544636761,0.110107872774,0.0650621364156,0.0247903616385,0.128158142509,0.0883927814393,0.0610132300592,0.0171811771471,20,12,6,20,0.000244840855152,1.1423294938e-05,0.000244840855152,0.0104473893901,0.00779158553651,0.0032431514044,0.000244840855152,1.1423294938e-05,0.000244840855152,0.16811629758,0.641289239642,0.168110126437
583,0.0951727559693,0.0598913665573,0.034931369994,0.00499331968859,0.103027467924,0.17620607879,0.143320801251,0.192099833351,0.00181349075624,0.0782643469291,0.0898917892039,0.0203873795855,20,12,6,20,0.000102757459089,4.79425201126e-06,0.000102757459089,0.0371876088054,0.0114376709648,0.000379688622767,0.000102757459089,4.79425201126e-06,0.000102757459089,0.163482854418,0.623614705492,0.163476853357
584,0.0832966099044,0.109620302676,0.0367884000905,0.17470827086,0.00190215575873,0.18864286301,0.0514986127272,0.151022216096,0.0486601855917,0.0440807766739,0.0295860309269,0.0801935756846,20,12,6,20,0.000241365632231,1.12611549374e-05,0.000241365632231,0.069689992518,0.00755430919243,0.00638890518124,0.000241365632231,1.12611549374e-05,0.000241365632231,0.157429800719,0.600524985699,0.157424021851
585,0.187111823023,0.199943727709,0.00316650307541,0.00314983545295,0.0115036374918,0.0843242600015,0.200439236947,0.016920915019,0.00487050127632,0.00905265416532,0.00972510690785,0.269791798931,20,12,6,20,0.000132085593694,6.16258545938e-06,0.000132085593694,0.0133335893713,0.000454521621502,0.00265623578869,0.000132085593694,6.16258545938e-06,0.000132085593694,0.169062088723,0.644897014089,0.169055882861
586,0.165039311096,0.144072131083,0.0743472811733,0.103512529603,0.104888948136,0.00842869798997,0.0491710340331,0.169946455927,0.0160387200444,0.0281756178465,0.111029336206,0.025349936863,20,12,6,20,0.000320752067328,1.49650084533e-05,0.000320752067328,0.0600185526975,0.00715451965547,0.00717072243155,0.000320752067328,1.49650084533e-05,0.000320752067328,0.158971537242,0.606406027908,0.15896570178
587,0.000329395115997,0.0108081141334,0.104414820968,0.287885376535,0.0773936246983,0.250781635786,0.122059066917,0.0546778407899,0.0107950720341,0.0189120677366,0.0509188317177,0.0110241535688,20,12,6,20,0.000147572514033,6.88514321474e-06,0.000147572514033,0.194073316674,0.0133383816976,0.00586991168283,0.000147572514033,6.88514321474e-06,0.000147572514033,0.135198478634,0.515722335144,0.135193515824
588,0.0520863972106,0.299766546339,0.0126933053551,0.0302155409846,0.0144656292375,0.179155541839,0.00666422067805,0.0721045714757,0.131226624641,0.098067793173,0.0307151170419,0.0728387120237,20,12,6,20,4.35433639758e-05,2.03155918965e-06,4.35433639758e-05,0.0850462455231,0.00448803677167,0.00186120429971,4.35433639758e-05,2.03155918965e-06,4.35433639758e-05,0.156234081932,0.595963847944,0.156228346955
589,0.0728436317872,0.0453620132393,0.0778930710003,0.223688743239,0.0238243108808,0.0456220001441,0.104541697457,0.00606890149253,0.101690070244,0.00295346567929,0.135413977866,0.160098116971,20,12,6,20,5.03037203428e-05,2.34697037632e-06,5.03037203428e-05,0.0427783207145,0.000267794670856,0.00265595654846,5.03037203428e-05,2.34697037632e-06,5.03037203428e-05,0.164087823643,0.625922395227,0.164081800374
590,0.0121552146885,0.0167117497743,0.277238864584,0.0323016406605,0.0841220360176,0.0140037753798,0.0252420772479,0.0308348912009,0.109377624365,0.101634994394,0.278825683399,0.0175514482895,20,12,6,20,1.11699139887e-05,5.21143507055e-07,1.11699139887e-05,0.0158246705807,0.00108917318876,0.000347532058501,1.11699139887e-05,5.21143507055e-07,1.11699139887e-05,0.169006695773,0.644685714511,0.169000491945
591,0.01383910395,8.7399170829e-05,0.0066784511437,0.00295924703685,0.0616727594924,0.0790079225798,0.0276260816942,0.122015874723,0.235034542599,0.304061644529,0.074774563385,0.0722424096963,20,12,6,20,7.7005956567e-06,3.59278990959e-07,7.7005956567e-06,0.0107326112521,5.2696914505e-05,0.000333255857461,7.7005956567e-06,3.59278990959e-07,7.7005956567e-06,0.1700655987,0.648724960334,0.170059356002
592,0.122608718808,0.0873057819756,0.0567248156376,0.0540501697217,0.0314995728299,0.00335611776327,0.13360868991,0.161466797276,0.0378744368343,0.0125829810856,0.138340855243,0.160581062915,20,12,6,20,6.89091697804e-06,3.21502622527e-07,6.89091697804e-06,0.0527383026984,0.000259821156793,0.000578894839525,6.89091697804e-06,3.21502622527e-07,6.89091697804e-06,0.162764026681,0.620872695945,0.162758052006
593,0.0575846233163,0.281497050711,0.0484895881746,0.100441512698,0.0343838926244,0.00969931875605,0.0948094543538,0.141454613095,0.19227982654,0.00615329723627,0.00539919034695,0.027807632148,20,12,6,20,0.000481991309941,2.24877865566e-05,0.000481991309941,0.338297536566,0.00806056251337,0.0287553827104,0.000481991309941,2.24877865566e-05,0.000481991309941,0.107130686738,0.408656136431,0.107126754229
594,0.054915387969,0.0506934841009,0.09384663137,0.0178906503117,0.0805074760224,0.25001755352,0.0892960329559,0.0515245319343,0.018280950528,0.0552454389482,0.191408464042,0.0463733982977,20,12,6,20,1.98452541688e-05,9.259001785e-07,1.98452541688e-05,0.0442009999312,0.00026555023621,0.000438479369057,1.98452541688e-05,9.259001785e-07,1.98452541688e-05,0.164246343747,0.626527079239,0.16424031466
595,0.320419655981,0.0918023773385,0.0463971176111,0.052793739209,0.140042190645,0.0339936999119,0.052690330234,0.0321567681299,0.0202683350526,0.17283186338,0.0296802446294,0.00692367787841,20,12,6,20,0.000222245946611,1.03691068851e-05,0.000222245946611,0.0194728216623,0.00265356022191,0.00625884318847,0.000222245946611,1.03691068851e-05,0.000222245946611,0.166944986774,0.636821207527,0.166938858626
596,0.0496296956555,0.0345571414835,0.144797802573,0.048798455485,0.0690060712912,0.111239743486,0.134721109289,0.174648298979,0.0425449981958,0.142967967334,0.0143630198304,0.0327256963974,20,12,6,20,9.2920483588e-05,4.33529808228e-06,9.2920483588e-05,0.0124044878483,0.0115198234338,0.00174041020402,9.2920483588e-05,4.33529808228e-06,9.2920483588e-05,0.167503910427,0.638953253794,0.167497761763
597,0.166356264613,0.0334868022248,0.0281209015329,0.0091767565029,0.0576298700537,0.154209474909,0.0959116957455,0.10149359757,0.015519603479,0.14946739102,0.0540650849745,0.134562557375,20,12,6,20,2.24553214884e-05,1.04767547936e-06,2.24553214884e-05,0.0102824403086,0.000980307948313,0.00473518518364,2.24553214884e-05,1.04767547936e-06,2.24553214884e-05,0.169216041958,0.645484277518,0.169209830446
598,0.18164504341,0.0288727694043,0.0569282493046,0.0335163244913,0.0977569111198,0.0180134165562,0.0535790641139,0.127361814053,0.0957344288473,0.0187749623175,0.232620231623,0.0551967847599,20,12,6,20,1.32656188521e-05,6.18920713163e-07,1.32656188521e-05,0.0131796978824,0.00314839916322,0.000162393046473,1.32656188521e-05,6.18920713163e-07,1.32656188521e-05,0.169137799853,0.645185818527,0.169131591212
599,0.107340446916,0.00362443923602,0.034375333008,0.30288373652,0.0587884017408,0.0236722199649,0.0483534068615,0.142687612914,0.00939095851588,0.127645864166,0.0419445084232,0.0992930717337,20,12,6,20,0.000135327106511,6.31382148136e-06,0.000135327106511,0.029597476938,0.00813260614747,0.00067385635544,0.000135327106511,6.31382148136e-06,0.000135327106511,0.165283125166,0.630481941303,0.165277058021
600,0.0719975958009,0.122166376208,0.0246849817829,0.191320530173,0.0647052003469,0.0179911338487,0.122612563158,0.069936744501,0.0347072074339,0.177864959129,0.00813124987955,0.0938814577383,20,12,6,20,4.79591955393e-05,2.23758422708e-06,4.79591955393e-05,0.0353165293321,0.00493186088338,0.00120297881629,4.79591955393e-05,2.23758422708e-06,4.79591955393e-05,0.164820523743,0.628717321696,0.164814473579
601,0.11003619907,0.213888833653,0.277907932141,0.0381189979583,0.0787586604335,0.0132815853773,0.116109937736,0.0365511257223,0.0342307377406,0.00224315753908,0.0060487444279,0.0728240882002,20,12,6,20,0.000193398996147,9.02322356422e-06,0.000193398996147,0.163167146835,0.021975629117,0.000308933700717,0.000193398996147,9.02322356422e-06,0.000193398996147,0.13995249372,0.533856797795,0.139947356401
602,0.15797985317,0.147971694373,0.0425882822144,0.0104071800709,0.429245562096,0.00089658559799,0.0377513498338,0.0126693919025,0.00974376927396,0.126458606993,0.00254224898001,0.0217454754937,20,12,6,20,9.77554958978e-05,4.56088041661e-06,9.77554958978e-05,0.0619610791909,0.00675249650013,0.0104123744119,9.77554958978e-05,4.56088041661e-06,9.77554958978e-05,0.158306072092,0.603867573004,0.158300261057
603,0.0415150207968,0.203962248939,0.102604505894,0.178961994445,0.0373964855762,0.00126650273547,0.158070524002,0.0845754805857,0.0383537142312,0.127198005298,0.0196819808485,0.00641353664775,20,12,6,20,8.80689066122e-05,4.1089429069e-06,8.80689066122e-05,0.103439634749,0.00359719391147,0.000204269685271,8.80689066122e-05,4.1089429069e-06,8.80689066122e-05,0.153477557364,0.585448927205,0.153471923573
604,0.00209909234759,0.0883058106317,0.185825118342,0.0658894605686,0.0131612299277,0.00470094140515,0.104176009526,0.190385150791,0.111842429836,0.0815458229143,0.071669576528,0.080399357182,20,12,6,20,8.4879953007e-09,3.9601590875e-10,8.4879953007e-09,2.34526669749e-07,2.13816076536e-07,5.81697804861e-08,8.4879953007e-09,3.9601590875e-10,8.4879953007e-09,0.171983133198,0.656039505433,0.171976820112
605,0.0449587254901,0.00316736565617,0.00814820329425,0.067812484163,0.013123933314,0.027118289487,0.0987390901831,0.0729432455571,0.360857285241,0.0787309807354,0.0876008949727,0.136799501906,20,12,6,20,2.65276930714e-05,1.23767604794e-06,2.65276930714e-05,0.049236410045,0.000787508312241,0.000157797543672,2.65276930714e-05,1.23767604794e-06,2.65276930714e-05,0.163334137892,0.623047417793,0.16332814229
606,0.134305277438,0.113153212358,0.0284395688805,0.0939512258454,0.0733843529949,0.125750546102,0.0145632635251,0.0454612493842,0.174030471431,0.160722810387,0.00719421511399,0.0290438065405,20,12,6,20,4.82682538638e-05,2.25200365227e-06,4.82682538638e-05,0.0709250170229,0.000705424151198,0.00355045058345,4.82682538638e-05,2.25200365227e-06,4.82682538638e-05,0.159019394032,0.606588580374,0.159013556814
607,0.0861116835888,0.145038155279,0.119814008812,0.0711696783792,0.0769499753086,0.0413186529838,0.134379051127,0.0275825975505,0.00733613283735,0.00588602576093,0.0132366888195,0.271177349554,20,12,6,20,3.43836588372e-05,1.60420398671e-06,3.43836588372e-05,0.0233719863229,0.00191119118002,0.000568634000392,3.43836588372e-05,1.60420398671e-06,3.43836588372e-05,0.167512942895,0.63898770866,0.167506793899
608,0.218787878755,0.180705097505,0.070083149198,0.038017814841,0.0983454110576,0.0200302619405,0.0562267802846,0.00805530146528,0.0401464656674,0.174923730879,0.0809524375885,0.013725670818,20,12,6,20,3.64401665204e-05,1.70015240918e-06,3.64401665204e-05,0.0352828520756,0.00274041695958,0.000661372653037,3.64401665204e-05,1.70015240918e-06,3.64401665204e-05,0.165304463615,0.630563338039,0.165298395687
609,0.155565903425,0.0262272335525,0.220086057664,0.019565748769,0.043894624868,0.203587163889,0.0276438255004,0.160098331087,0.0727391784852,0.0279211497147,0.000218505885542,0.0424522771591,20,12,6,20,0.000301789766762,1.40803033581e-05,0.000301789766762,0.0722905742992,0.0261922258503,0.0261944778672,0.000301789766762,1.40803033581e-05,0.000301789766762,0.150328371504,0.573436177492,0.150322853313
610,0.0548483353953,0.0299761494509,0.164631684497,0.297679302466,0.03424815041,0.0180662048557,0.184931027878,0.0138492565271,0.0214016426229,0.138431602046,0.0122952068683,0.029641436982,20,12,6,20,9.05116863243e-05,4.22291323715e-06,9.05116863243e-05,0.0830530202722,0.00474066412694,0.00179009453982,9.05116863243e-05,4.22291323715e-06,9.05116863243e-05,0.156512600453,0.597026272784,0.156506855253
611,0.130044603551,0.0198307408391,0.0106453818798,0.16557370012,0.0701526323474,0.123536513419,0.0263756538561,0.0736757702295,0.00365646216261,0.0121439577355,0.0380057492862,0.326358834574,20,12,6,20,6.61211183567e-05,3.08494689805e-06,6.61211183567e-05,0.0263054010292,0.00312002503746,0.000250863595205,6.61211183567e-05,3.08494689805e-06,6.61211183567e-05,0.166832854234,0.636393471535,0.166826730202
612,0.102148665456,0.112280485833,0.311596548686,0.0278043239656,0.0107685720371,0.050706984788,0.0102028091428,0.093016780581,0.103224897583,0.0634615223909,0.0664323589168,0.0483560506202,20,12,6,20,3.8515966086e-05,1.79700091371e-06,3.8515966086e-05,0.0914929993909,0.00135405804857,0.000523561205207,3.8515966086e-05,1.79700091371e-06,3.8515966086e-05,0.155897931542,0.594681583042,0.155892208905
613,0.0491693423433,0.0570514171509,0.174443643655,0.161733124939,0.0293099765627,0.105110045423,0.0566625922449,0.000183158551435,0.0114773048178,0.216936824731,0.00532802266292,0.132594546917,20,12,6,20,2.82330908331e-05,1.31724308591e-06,2.82330908331e-05,0.00300422628872,0.00230752962916,0.00157701673785,2.82330908331e-05,1.31724308591e-06,2.82330908331e-05,0.170778597379,0.651444734607,0.170772328509
614,0.0972123947604,0.0457509140978,0.0602516467298,0.328313462481,0.0706697418899,0.0305467175455,0.138813052484,0.115888411216,0.0297088073511,0.0309235533034,0.0373104626962,0.0146108354452,20,12,6,20,0.00038399545836,1.79156921052e-05,0.00038399545836,0.164134524096,0.0143222516344,0.00399129907902,0.00038399545836,1.79156921052e-05,0.00038399545836,0.140334892242,0.535315478845,0.140329740886
615,0.103657670231,0.220488811743,0.184663000738,0.108976716109,0.054538346404,0.0569512917645,0.00557080505436,0.00117483673179,0.0213585629924,0.187383875249,0.00840544026272,0.0468306427201,20,12,6,20,0.000115496731173,5.38861548961e-06,0.000115496731173,0.0198805289145,0.00339347915058,0.00300677622844,0.000115496731173,5.38861548961e-06,0.000115496731173,0.167382064708,0.638488466326,0.167375920517
616,0.0623121043521,0.0418555266889,0.0392966738985,0.0179450654192,0.0206861702563,0.120102028246,0.0568973384526,0.30484762825,0.115228066533,0.0361195410938,0.133929595749,0.0507802610617,20,12,6,20,2.54715300125e-05,1.18839970426e-06,2.54715300125e-05,0.0290252540567,0.00286889820019,0.00397625032769,2.54715300125e-05,1.18839970426e-06,2.54715300125e-05,0.165796187247,0.632439045979,0.165790101269
617,0.0256133866056,0.158903868161,0.0207268988997,0.0372648772679,0.178601139384,0.247942487384,0.0453393754676,0.163123349887,0.0184488630531,0.0736250026517,0.0297094640185,0.00070128721978,20,12,6,20,0.000354435551498,1.65365450907e-05,0.000354435551498,0.10423508084,0.0206042756702,0.00617226982271,0.000354435551498,1.65365450907e-05,0.000354435551498,0.149201908212,0.569139218789,0.14919643137
618,0.031033326698,0.0289054225933,0.0196557813634,0.032054638794,0.00312260791655,0.115696090833,0.0805316177672,0.00734772017046,0.176763066849,0.450985304024,0.0505980846361,0.00330633835487,20,12,6,20,2.48049177899e-05,1.1572982444e-06,2.48049177899e-05,0.00363503028389,0.000711213442495,0.000876739975865,2.48049177899e-05,1.1572982444e-06,2.48049177899e-05,0.171067498506,0.652546764493,0.171061219031
619,0.226239166176,0.0102776773143,0.00898489842772,0.0621098735952,0.0158685347693,0.151131807405,0.0173176955738,0.0925798030114,0.0593581929373,0.27759974541,0.0743579725505,0.0041746328298,20,12,6,20,1.53487273471e-05,7.16110223106e-07,1.53487273471e-05,0.0326761689742,0.0010029330123,0.00048008296792,1.53487273471e-05,7.16110223106e-07,1.53487273471e-05,0.166097614237,0.633588856484,0.166091517194
620,0.126142024229,0.0953262462994,0.0479975584454,0.326690239043,0.0290443505803,0.127512374441,0.143681662748,0.0174524585529,0.00707415558032,4.40584132523e-05,0.0253870857524,0.0536477859158,20,12,6,20,0.000909754577119,4.24455095501e-05,0.000909754577119,0.0538189573566,0.026654198494,0.0127393265991,0.000909754577119,4.24455095501e-05,0.000909754577119,0.155311792883,0.592445723578,0.155306091762
621,0.0151079253579,0.155668963164,0.139459498854,0.118804510848,0.0359901540137,0.0651826167566,0.0488630562735,0.132550363129,0.0685382230833,0.0941379096508,0.0390774956479,0.0866192832206,20,12,6,20,5.89163966366e-05,2.74880340148e-06,5.89163966366e-05,0.0599695508514,0.00290752119598,0.00219791173408,5.89163966366e-05,2.74880340148e-06,5.89163966366e-05,0.1607499446,0.613189864568,0.160744043857
622,0.0077170562841,0.0111116273814,0.0668818121707,0.0855340174582,0.0284056887489,0.2564316393,0.0416215590115,0.177479487088,0.0452651774091,0.113238096596,0.112183990398,0.0541298481534,20,12,6,20,9.95404586694e-06,4.64415963968e-07,9.95404586694e-06,0.0275628524483,0.0024983331911,0.00143228296196,9.95404586694e-06,4.64415963968e-07,9.95404586694e-06,0.166559870489,0.635352159416,0.166553756478
623,0.12860020062,0.00133442860095,0.0051113349176,0.146509351656,0.00874874870931,0.050522314212,0.0241198848453,0.071136212652,0.00234934872262,0.153057127868,0.0503955550504,0.358115492146,20,12,6,20,1.57431656621e-05,7.3451313713e-07,1.57431656621e-05,0.0172304118712,0.000645042783098,0.000240380450717,1.57431656621e-05,7.3451313713e-07,1.57431656621e-05,0.168856523627,0.644112874267,0.168850325312
624,0.00950751776095,0.0259536925884,0.00634067866817,0.156705173582,0.411676571409,0.000159070567797,0.0261004200136,0.161185595335,0.0786719718601,0.0124635297689,0.0117647156304,0.0994710628158,20,12,6,20,8.64161517074e-05,4.03183197406e-06,8.64161517074e-05,0.0856267356229,0.0146945034648,0.000315212363524,8.64161517074e-05,4.03183197406e-06,8.64161517074e-05,0.154614609354,0.5897862771,0.154608933824
625,0.059948522986,0.0126853078358,0.0961837843953,0.0884483384627,0.0399748672848,0.00239986565719,0.00821153621164,0.0470854535469,0.413039755638,0.126165462314,0.0481962169067,0.0576608887602,20,12,6,20,5.604524211e-05,2.61484681588e-06,5.604524211e-05,0.0197088804735,0.00693678284028,0.000419334078831,5.604524211e-05,2.61484681588e-06,5.604524211e-05,0.167289045928,0.638133640866,0.167282905151
626,0.0146338326871,0.0484856891798,0.00221714225934,0.0246293357841,0.00750491181936,0.00324164962741,0.0286382261146,0.0222024153178,0.498600078889,0.234111627126,0.00371373116485,0.11202136003,20,12,6,20,1.97208158164e-05,9.20094382729e-07,1.97208158164e-05,0.0191012125982,0.00018955511503,0.00410204474016,1.97208158164e-05,9.20094382729e-07,1.97208158164e-05,0.167946171848,0.640640285298,0.167940006949
627,0.121178259574,0.142950683492,0.0366298736337,0.0422138274707,0.185295547355,0.144839986066,0.0671512180731,0.0797968444625,0.0474192125413,0.019236299746,0.056025124267,0.0572631233191,20,12,6,20,0.000191252727843,8.92308727025e-06,0.000191252727843,0.0347279408775,0.01334548078,0.0035998222773,0.000191252727843,8.92308727025e-06,0.000191252727843,0.162961656793,0.621626567322,0.162955674864
628,0.089378945138,0.100852748105,0.0169108188444,0.0923578351325,0.0734865782854,0.0765788265782,0.0617199635114,0.053760111976,0.196161099022,0.052540929865,0.156541280716,0.0297108628267,20,12,6,20,0.00011740992888,5.47787764185e-06,0.00011740992888,0.0110710959446,0.00795943106173,0.000612047859349,0.00011740992888,5.47787764185e-06,0.00011740992888,0.168522378528,0.642838258658,0.168516192478
629,0.0174926501986,0.179733082855,0.169921335037,0.0198045527434,0.0978232630744,0.0487525077261,0.052304480639,0.0165523536607,0.0896064256304,0.158375299005,0.0937033278646,0.0559307215663,20,12,6,20,6.90109544189e-05,3.21977508937e-06,6.90109544189e-05,0.00606455282547,7.84876092371e-05,0.00495034544379,6.90109544189e-05,3.21977508937e-06,6.90109544189e-05,0.17002676759,0.648576836845,0.170020526318
630,0.0407246177069,0.0634195811852,0.0211026211049,0.03553265459,0.0804284270642,0.101242309627,0.0180960259482,0.273949305104,0.237499941891,0.0598972965075,0.0271488828463,0.0409583364243,20,12,6,20,0.000154042499566,7.18700685977e-06,0.000154042499566,0.0195270533486,0.0218526547497,0.00110972891192,0.000154042499566,7.18700685977e-06,0.000154042499566,0.164567312832,0.627751434183,0.164561271963
631,0.231838054884,0.0583684779955,0.0241308057806,0.0315366102669,0.0425550380415,0.0254882283777,0.139755308848,0.134887455028,0.000610253500239,0.140557747996,0.0612998316033,0.108972187678,20,12,6,20,1.77933966207e-05,8.30168712736e-07,1.77933966207e-05,0.0429231052368,0.000545430400992,0.00108902155016,1.77933966207e-05,8.30168712736e-07,1.77933966207e-05,0.164307547631,0.626760544959,0.164301516298
632,0.150497371168,0.0359676927322,0.0400753172766,0.0771358395263,0.146851982412,0.0794093035095,0.149265527299,0.10827740688,0.102038609382,0.0128944335119,0.0122617960947,0.0853247202076,20,12,6,20,0.000350857828633,1.63696228527e-05,0.000350857828633,0.157779736444,0.00536603168876,0.00171351798671,0.000350857828633,1.63696228527e-05,0.000350857828633,0.143383197129,0.546943412314,0.143377933878
633,0.195453328902,0.0638290876757,0.0234137101563,0.152682602775,0.177454981782,0.00533710289529,0.00692921364401,0.0642623617903,0.231559445784,0.0140716679731,0.00721391499789,0.057792581624,20,12,6,20,7.00829913484e-05,3.26979204435e-06,7.00829913484e-05,0.203535150285,0.0148895507253,0.000563975578988,7.00829913484e-05,3.26979204435e-06,7.00829913484e-05,0.134271510071,0.512186360503,0.134266581288
634,0.0228542345441,0.135444884876,0.00711088935608,0.0170486243748,0.094381254423,0.141881634066,0.108114777957,0.14648633024,0.0623359168693,0.0721261698967,0.0233164210144,0.168898862382,20,12,6,20,6.34401701671e-05,2.95986457932e-06,6.34401701671e-05,0.0106024794567,0.00267005374146,0.00394702229853,6.34401701671e-05,2.95986457932e-06,6.34401701671e-05,0.168977090901,0.644572785033,0.16897088816
635,0.0569937605142,0.0361275118076,0.0180942160985,0.0617380433136,0.0411837677933,0.203624898609,0.0111550582732,0.0722857825117,0.0931261371246,0.0921344837125,0.248570587878,0.0649657523644,20,12,6,20,1.93828600694e-05,9.04326719398e-07,1.93828600694e-05,0.0308336608696,0.000595610683517,6.55440419089e-05,1.93828600694e-05,9.04326719398e-07,1.93828600694e-05,0.166553001123,0.635325955825,0.166546887364
636,0.0201156425014,0.0584751909657,0.0102168053696,0.0462476113247,0.0237358153731,0.0438335379261,0.103293024832,0.00431690699472,0.155084233336,0.00529962160665,0.185932580925,0.343449028846,20,12,6,20,1.39731768585e-06,6.51932539512e-08,1.39731768585e-06,0.016275631385,0.000203920582641,3.49655776899e-05,1.39731768585e-06,6.51932539512e-08,1.39731768585e-06,0.169142022592,0.645201926409,0.169135813797
637,0.270981254995,0.0546646713496,0.038304371276,0.0650372215437,0.116229049497,0.00148217041957,0.150644614533,0.0448626026831,0.0945691780162,0.0285941774592,0.074362444825,0.0602682434015,20,12,6,20,0.000121726329698,5.67926363839e-06,0.000121726329698,0.0593200272895,0.00148637196709,0.00652328071959,0.000121726329698,5.67926363839e-06,0.000121726329698,0.160317957674,0.611542025714,0.160312072789
638,0.112879276129,0.0738317708555,0.0372113557023,0.0131215796812,0.0656038227824,0.282951995791,0.214393761779,0.00208983096172,0.0273480862502,0.0848504704205,0.0769882888669,0.00872976077965,20,12,6,20,0.000268141712359,1.25104197318e-05,0.000268141712359,0.0385947936703,0.00185038079479,0.0124666371271,0.000268141712359,1.25104197318e-05,0.000268141712359,0.162694515547,0.620607541748,0.162688543424
639,0.0612576522557,0.105037269228,0.202353142229,0.0272859070591,0.103237203844,0.110641551402,0.106317359016,0.0197448382058,0.0911677936276,0.0961746188199,0.0143910618189,0.0623916024943,20,12,6,20,0.000209424773585,9.77092223637e-06,0.000209424773585,0.0712786889175,0.00795185278715,0.000676709608802,0.000209424773585,9.77092223637e-06,0.000209424773585,0.158093088338,0.603055134287,0.158087285122
640,0.107102779244,0.0408184212105,0.0257792430995,0.0798278989498,0.10020656266,0.0553712379186,0.116206394555,0.208663833396,0.0337341160249,0.0601923787348,0.00973738458566,0.162359749622,20,12,6,20,5.17330962653e-05,2.41365933936e-06,5.17330962653e-05,0.0603576275802,0.00251577431244,0.00117534573825,5.17330962653e-05,2.41365933936e-06,5.17330962653e-05,0.160931496911,0.61388240625,0.160925589504
641,0.0720043351571,0.194708876347,0.0181805524113,0.292624403489,0.178523638873,0.0142783909315,0.0177516013215,0.0710484158876,0.00651606900207,0.0545621819573,0.0707481333639,0.00905340125818,20,12,6,20,0.000141662110817,6.60938744226e-06,0.000141662110817,0.0240689879466,0.0209794735171,0.00123400580529,0.000141662110817,6.60938744226e-06,0.000141662110817,0.163923690809,0.625296301138,0.163917673566
642,0.0291523173829,0.156047910514,0.00521913989143,0.0241272544851,0.00447374550655,0.308651580509,0.025129756296,0.0364918857058,0.0606705549621,0.188985313213,0.00908654964724,0.151963991887,20,12,6,20,8.51842345093e-05,3.97435564527e-06,8.51842345093e-05,0.0227608856701,0.00107212349165,0.003526961025,8.51842345093e-05,3.97435564527e-06,8.51842345093e-05,0.167217802259,0.637861877809,0.167211664096
643,0.0397951664985,0.0837992041094,0.00987433972857,0.0567763223569,0.0610125008654,0.00634676376767,0.206171941941,0.16518087435,0.0829288521334,0.14985183811,0.0327559565004,0.105506239639,20,12,6,20,8.1800265507e-05,3.8164731875e-06,8.1800265507e-05,0.0284782610459,0.00190657648608,0.000318272197245,8.1800265507e-05,3.8164731875e-06,8.1800265507e-05,0.166645220584,0.635677732238,0.16663910344
644,0.0484951964893,0.0377653129197,0.0773232417622,0.0804692564475,0.0666624063538,0.0391441426907,0.160120417885,0.235837472225,0.0340589556747,0.203497908166,0.00933260248731,0.00729308689904,20,12,6,20,6.83663640222e-05,3.18970107982e-06,6.83663640222e-05,0.0247091101369,0.00675282637514,0.00354856287527,6.83663640222e-05,3.18970107982e-06,6.83663640222e-05,0.165913879025,0.632887988002,0.165907788727
645,0.00826872670054,0.0612843925962,0.034310148121,0.0285269483233,0.0412018548042,0.155259841591,0.0700570570447,0.152462185319,0.0522676061644,0.0308988029597,0.26923986092,0.0962225754557,20,12,6,20,2.86168568543e-05,1.33514807339e-06,2.86168568543e-05,0.0211377051285,0.000865201380818,0.00190873322173,2.86168568543e-05,1.33514807339e-06,2.86168568543e-05,0.167850679615,0.640276024709,0.167844518221
646,0.0859579405782,0.244126121166,0.0391282097628,0.0217815978998,0.198726057672,0.146286155342,0.0211363214225,0.0672081221678,0.0296691217646,0.0120495072782,0.113138550285,0.0207922946606,20,12,6,20,8.68858057514e-05,4.05374415314e-06,8.68858057514e-05,0.14329392929,0.00386184924972,0.00161615596431,8.68858057514e-05,4.05374415314e-06,8.68858057514e-05,0.146335783052,0.558206220314,0.146330411418
647,0.0697205613977,0.156621307869,0.042253018929,0.0499946078433,0.0375173647599,0.117151587049,0.0192909093837,0.0131708226509,0.165662723601,0.171033997098,0.0422904688701,0.115292630549,20,12,6,20,9.34724492887e-05,4.36105059401e-06,9.34724492887e-05,0.0281924515434,0.00212087199076,0.00111072298828,9.34724492887e-05,4.36105059401e-06,9.34724492887e-05,0.166513014553,0.635173424765,0.166506902262
648,0.116494133268,0.0246053179905,0.0572393172148,0.0601605311904,0.0524138014884,0.254021803609,0.128599805985,0.0962762096023,0.0905425673178,0.0201634640086,0.0687257819045,0.0307572664206,20,12,6,20,0.000759992875147,3.54582275829e-05,0.000759992875147,0.0575137731034,0.0192947746758,0.00148766619041,0.000759992875147,3.54582275829e-05,0.000759992875147,0.157982570254,0.602633556727,0.157976771095
649,0.214323866329,0.168923148852,0.0253669947085,0.147249292348,0.0763848520708,0.0451621845065,0.137248460678,0.015920587655,0.0887085688392,0.0283908299231,0.0185897886758,0.0337314254146,20,12,6,20,7.69441178894e-05,3.58990476425e-06,7.69441178894e-05,0.200683720135,0.000671576729217,0.00246497497886,7.69441178894e-05,3.58990476425e-06,7.69441178894e-05,0.136875391154,0.522119013933,0.136870366789
650,0.12848635384,0.0402153741096,0.0438701699945,0.00248082990309,0.111161520721,0.0688558318452,0.0123286655206,0.0694260244189,0.157389982784,0.0137053549155,0.197226609387,0.154853282559,20,12,6,20,2.73936118611e-05,1.27807635499e-06,2.73936118611e-05,0.00228156808694,0.00111952273421,0.00171967582422,2.73936118611e-05,1.27807635499e-06,2.73936118611e-05,0.171083255734,0.65260687134,0.171076975681
651,0.183614408363,0.0896005724931,0.00522009800565,0.0959951411496,0.0705540025613,0.248242501921,0.0627168400348,0.13577093391,0.0148795157653,0.028266491696,0.0332787554997,0.0318607386003,20,12,6,20,0.000154455899798,7.20629446099e-06,0.000154455899798,0.107655208623,0.0320549070841,0.000658717154611,0.000154455899798,7.20629446099e-06,0.000154455899798,0.14773340752,0.563537538846,0.147727984583
652,0.0197268990921,0.176777087128,0.0849010671779,0.0136296736722,0.0447983965791,0.00729745071049,0.0859940139957,0.0214156209894,0.330625209815,0.0181160476007,0.0673711230229,0.129347410216,20,12,6,20,0.000107071892699,4.99554622575e-06,0.000107071892699,0.0491661890369,0.00594043893569,0.00219209024433,0.000107071892699,4.99554622575e-06,0.000107071892699,0.162053431286,0.618162089139,0.162047482695
653,0.254646267402,0.177360300835,0.0199834384403,0.00537987081935,0.0172182257608,0.124840256891,0.0839697861701,0.0274468003783,0.00519365549535,0.128870216862,0.0140124884314,0.141078692515,20,12,6,20,4.86321458388e-05,2.26898139625e-06,4.86321458388e-05,0.0397636813249,0.00173396695352,0.000714574540492,4.86321458388e-05,2.26898139625e-06,4.86321458388e-05,0.164689195909,0.628216364159,0.164683150566
654,0.0114009564659,0.00347834923596,0.118667773377,0.0119410328603,0.00834412592625,0.0386635418046,0.234189214452,0.254678161024,0.0324825504462,0.20787932436,0.0638407547198,0.014434215329,20,12,6,20,2.43777432002e-05,1.13736798675e-06,2.43777432002e-05,0.0342444618741,0.0012592581716,0.000435280591223,2.43777432002e-05,1.13736798675e-06,2.43777432002e-05,0.165785159538,0.632396980151,0.165779073965
655,0.391675695409,0.0223692084151,0.016508493205,0.0237181563708,0.0269856752068,0.143407566401,0.0102307873143,0.0686885903239,0.138691190491,0.0387655942314,0.0947627124774,0.0241963301539,20,12,6,20,8.67371398699e-05,4.04680799777e-06,8.67371398699e-05,0.0517066810052,0.00923376222135,0.00358433074962,8.67371398699e-05,4.04680799777e-06,8.67371398699e-05,0.160824986183,0.61347611498,0.160819082685
656,0.0156391083469,0.091982322095,0.00809105202604,0.0674331659376,0.0462243913704,0.0922858538082,0.01757908171,0.345174313159,0.113143280788,0.102568515393,0.022419840443,0.0774590749232,20,12,6,20,4.60519541431e-05,2.1485999725e-06,4.60519541431e-05,0.0204376131773,0.00999344048982,0.00114864272206,4.60519541431e-05,2.1485999725e-06,4.60519541431e-05,0.166519628514,0.6351986541,0.16651351598
657,0.0669682067603,0.00855455164323,0.129319762484,0.0434303783679,0.129003550481,0.0357717868605,0.0812751780142,0.149548728618,0.0378748802336,0.0988777120549,0.197540264026,0.0218350004563,20,12,6,20,2.92376826948e-05,1.36411332381e-06,2.92376826948e-05,0.034795282701,0.00050953098799,0.00291438983243,2.92376826948e-05,1.36411332381e-06,2.92376826948e-05,0.165389581584,0.630888025405,0.165383510532
658,0.0506311142141,0.0310701177026,0.0472418857966,0.0525525187493,0.000673056746125,0.105950993701,0.0669488505053,0.00811940978744,0.2536141322,0.027864666208,0.00694658762228,0.348386666768,20,12,6,20,2.7450259235e-05,1.28071929487e-06,2.7450259235e-05,0.00641995671627,0.000997377147262,0.00259636582237,2.7450259235e-05,1.28071929487e-06,2.7450259235e-05,0.170241713445,0.649396760111,0.170235464283
659,0.00606367660574,0.0639668602148,0.301254463325,0.127066542618,0.0624224357718,0.0578478980049,0.0199544724402,0.00623963695388,0.0181096587194,0.0913181048484,0.186128822715,0.0596274277823,20,12,6,20,1.98245920666e-05,9.2493616746e-07,1.98245920666e-05,0.0285727456332,0.003740807457,0.000685455132179,1.98245920666e-05,9.2493616746e-07,1.98245920666e-05,0.166293994251,0.634337959287,0.166287889999
660,0.0359650291459,0.0601736160029,0.0691594718288,0.260357844205,0.0213464675724,0.0137095408779,0.181822613048,0.00374547967031,0.0740590795038,0.159180239297,0.0328823941923,0.0875982246556,20,12,6,20,3.7740926083e-09,1.76084064733e-10,3.7740926083e-09,2.23641585814e-07,2.6210963336e-08,4.34410603623e-07,3.7740926083e-09,1.76084064733e-10,3.7740926083e-09,0.171983105947,0.65603940148,0.171976792862
661,0.00358275930628,0.148792039276,0.0192773718918,0.0946394309377,0.0209279489071,0.355548810718,0.0333789615831,0.0682480812781,0.137132570948,0.110771806245,0.00740071616939,0.000299502739264,20,12,6,20,0.000245278850627,1.14437300548e-05,0.000245278850627,0.134732345563,0.00534602938413,0.00812061005659,0.000245278850627,1.14437300548e-05,0.000245278850627,0.146322815061,0.55815675317,0.146317443903
662,0.0305953496877,0.0924669116817,0.0879691791295,0.159486753639,0.0238076476967,0.215814107414,0.204488498147,0.0167167632521,0.0898633113943,0.0163814031497,0.041789592581,0.0206204822275,20,12,6,20,0.000884946450977,4.12880616168e-05,0.000884946450977,0.135505957067,0.0142479184694,0.00537205093421,0.000884946450977,4.12880616168e-05,0.000884946450977,0.144681183479,0.551894655541,0.144675872582
663,0.112683725799,0.209506030224,0.0139577837344,0.0653479359905,0.0997644589832,0.0822024215723,0.164313413426,0.0453343297708,0.0324544038812,0.00593649118207,0.130193915139,0.0383050902975,20,12,6,20,6.50046581021e-05,3.03285732841e-06,6.50046581021e-05,0.00206617623713,0.00412095722403,0.00436107744091,6.50046581021e-05,3.03285732841e-06,6.50046581021e-05,0.170123348898,0.648945251772,0.170117104081
664,0.0197168636192,0.212256958911,0.00604692149576,0.0390485854872,0.0940288204872,0.0877933226501,0.0328055799113,0.327710864734,0.0114671134283,0.0625593881038,0.0101949237801,0.0963706573923,20,12,6,20,0.00014314777604,6.67870263891e-06,0.00014314777604,0.00396349203801,0.00622910013535,0.00382226140554,0.00014314777604,6.67870263891e-06,0.00014314777604,0.169472133236,0.646461152353,0.169465912323
665,0.0814483250721,0.101841965184,0.0370744311913,0.0174130322918,0.0133124408067,0.103245249673,0.0136438836808,0.187273988257,0.007430173899,0.119035933631,0.101136691467,0.217143884846,20,12,6,20,1.70870311485e-05,7.97212525264e-07,1.70870311485e-05,0.0154109926571,0.0009893206922,0.000979512382219,1.70870311485e-05,7.97212525264e-07,1.70870311485e-05,0.168982158838,0.64459211697,0.168975955911
666,0.0525116422472,0.203900220247,0.0289697938926,0.0660574305238,0.0507719291493,0.0132741798927,0.0205654767232,0.0913996336426,0.059393872796,0.256129390959,0.127957139059,0.0290692908671,20,12,6,20,9.20430111098e-06,4.29435872634e-07,9.20430111098e-06,0.0236645176528,0.000131875362124,0.000191130902571,9.20430111098e-06,4.29435872634e-07,9.20430111098e-06,0.167851294878,0.640278371666,0.167845133462
667,0.00935512356931,0.137975753566,0.090726020946,0.416985499485,0.0285717800399,0.0329105105863,0.0185400243856,0.0128007579736,0.0828659572267,0.102681461297,0.0655228736408,0.00106423728352,20,12,6,20,0.000194981198035,9.09704277554e-06,0.000194981198035,0.0680076364353,0.0147449347625,0.00179200787264,0.000194981198035,9.09704277554e-06,0.000194981198035,0.157305713752,0.600051648861,0.157299939439
668,0.0324306049828,0.0211427345642,0.0458627236501,0.0307456066094,0.186104678516,0.094052777668,0.121276960401,0.0433725173162,0.259649328577,0.0279854647447,0.0521421550619,0.0852344479084,20,12,6,20,0.000146203129273,6.82125319935e-06,0.000146203129273,0.0642647622119,0.00531394961049,0.00276656325801,0.000146203129273,6.82125319935e-06,0.000146203129273,0.159438128245,0.608185865996,0.159432275656
669,0.28136085968,0.153548736562,0.0890908703494,0.00628267391718,0.0531084175779,0.00587582580711,0.0438286205526,0.0232242226759,0.104962548707,0.0755440454357,0.0997998618007,0.063373316934,20,12,6,20,7.11643686246e-05,3.32024478255e-06,7.11643686246e-05,0.0527343435956,0.00396749210456,0.00130428211214,7.11643686246e-05,3.32024478255e-06,7.11643686246e-05,0.161957048636,0.617794432004,0.161951103583
670,0.390099573107,0.046790778132,0.00264420913949,0.0197984695563,0.0738541534226,0.143133366967,0.0907647564395,0.00914249665061,0.0125408237409,0.0649193653725,0.062788079281,0.0835239281918,20,12,6,20,0.000268155441311,1.25110602698e-05,0.000268155441311,0.0299550996203,0.00123363855957,0.00590149010659,0.000268155441311,1.25110602698e-05,0.000268155441311,0.165415552824,0.630987094186,0.165409480818
671,0.0760002770225,0.28052357845,0.0701144272288,0.00135387730312,0.0499234737237,0.00433638908277,0.124484592723,0.0800493315975,0.151115191476,0.00805885112729,0.0639904938509,0.0900495164147,20,12,6,20,0.000175702558208,8.19757855573e-06,0.000175702558208,0.0156484149186,0.0120538091274,0.00311068751622,0.000175702558208,8.19757855573e-06,0.000175702558208,0.16656023108,0.635353534912,0.166554117056
672,0.0222874396081,0.0245913668876,0.0384440201199,0.179988660354,0.272688751981,0.0517380694265,0.0023635445472,0.0310387236166,0.0999460234569,0.0957022149924,0.0878729765629,0.0933382084463,20,12,6,20,6.59163515436e-05,3.07539329762e-06,6.59163515436e-05,0.0288346984844,0.00606689770902,0.000922998335818,6.59163515436e-05,3.07539329762e-06,6.59163515436e-05,0.165775593078,0.632360488343,0.165769507856
673,0.0904039349278,0.0264240017829,0.0228491092082,0.0732480106568,0.0914318271404,0.121935823827,0.00805582476342,0.0579757512314,0.0768886225313,0.126784740222,0.00538477042582,0.298617583284,20,12,6,20,1.70766266691e-05,7.96727093874e-07,1.70766266691e-05,0.0249236363672,0.00102978888623,0.000328806351355,1.70766266691e-05,7.96727093874e-07,1.70766266691e-05,0.167451101679,0.638751811802,0.167444954953
674,0.33882950532,0.00881570280367,0.0224029475344,0.0407824049181,0.0126248764185,0.0386874104729,0.110794500986,0.0252623604144,0.238258510881,0.00218319253778,0.0615956146738,0.0997629730398,20,12,6,20,0.000144231867518,6.7292820109e-06,0.000144231867518,0.0021933089994,0.00146912479733,0.00729361360061,0.000144231867518,6.7292820109e-06,0.000144231867518,0.169997433412,0.648464939941,0.169991193216
675,0.00296141003562,0.292419120387,0.212416717683,0.0988237998327,0.0380594068596,0.111757537041,0.0152823888234,0.0811365799915,0.0559217972772,0.015444461941,0.0212460275109,0.0545307526163,20,12,6,20,0.000140773706878,6.56793806809e-06,0.000140773706878,0.202765336757,0.00955560144988,0.00249052049041,0.000140773706878,6.56793806809e-06,0.000140773706878,0.13494015656,0.514736950807,0.134935203232
676,0.0666880101215,0.326225302299,0.144315610069,0.0148782306348,0.0720090206476,0.0119677919747,0.0139052790553,0.0827560687338,0.1536249953,0.0467655246209,0.046294329757,0.0205698367863,20,12,6,20,0.000191763923982,8.94693763731e-06,0.000191763923982,0.0822232055982,0.00407170735584,0.00545971114514,0.000191763923982,8.94693763731e-06,0.000191763923982,0.156067971846,0.595330211516,0.156062242968
677,0.0257795361938,0.0459750039457,0.0158273207535,0.0760119991407,0.086391226234,0.00221309468053,0.322311654287,0.0391558916647,0.0243234308451,0.119193282972,0.0794812299644,0.163336329319,20,12,6,20,3.20948404848e-05,1.49741687766e-06,3.20948404848e-05,0.0368024573963,0.00156805546348,0.000104607366604,3.20948404848e-05,1.49741687766e-06,3.20948404848e-05,0.165343556819,0.630712461303,0.165337487456
678,0.0568101501772,0.188020315751,0.026753589216,0.0212559191254,0.0426733740145,0.00723831748201,0.286145006384,0.045367912575,0.0194442926989,0.0652660900302,0.225368741248,0.0156562912983,20,12,6,20,2.52945829537e-05,1.18014406229e-06,2.52945829537e-05,0.0413506870307,0.0025637253802,0.000295226250099,2.52945829537e-05,1.18014406229e-06,2.52945829537e-05,0.16436210309,0.626968649876,0.164356069753
679,0.087478858025,0.0256149500642,0.0276998255868,0.0635632485667,0.16645741708,0.0206656261004,0.0301198012581,0.117225712535,0.00891416491232,0.110339602375,0.200455856653,0.141464936844,20,12,6,20,1.72109550088e-05,8.0299431689e-07,1.72109550088e-05,0.0177395492211,0.000540316750254,0.000346362736431,1.72109550088e-05,8.0299431689e-07,1.72109550088e-05,0.168767711193,0.643774094153,0.168761516138
680,0.080369883122,0.133458598191,0.0191889617601,0.282203576003,0.00686890182654,0.0163005412506,0.0619476221368,0.150910924562,0.0398151599441,0.066361393726,0.084695896643,0.0578785408352,20,12,6,20,0.000109387904933,5.10360209254e-06,0.000109387904933,0.0711929703632,0.00421553996627,0.00213549754017,0.000109387904933,5.10360209254e-06,0.000109387904933,0.158569950626,0.604874152776,0.158564129905
681,0.00692028180386,0.0769653794732,0.0371020522722,0.0555720609305,0.0403490954624,0.0598851943572,0.239578577527,0.0700133742698,0.0542241039519,0.132739701565,0.0463258697744,0.180324308613,20,12,6,20,7.27423771411e-05,3.39386834789e-06,7.27423771411e-05,0.0235007409184,0.00160874433685,0.00100161749556,7.27423771411e-05,3.39386834789e-06,7.27423771411e-05,0.167441345341,0.638714595691,0.167435198973
682,0.0709627578449,0.210007381744,0.135850647275,0.0368561408437,0.00229180627098,0.13934421918,0.0888556453923,0.187269712222,0.0442141403425,0.0187646167217,0.0587061045771,0.00687682758615,20,12,6,20,0.000263671666193,1.23018652579e-05,0.000263671666193,0.0909646031256,0.0149282563458,0.0239954997296,0.000263671666193,1.23018652579e-05,0.000263671666193,0.149458987369,0.570119861945,0.14945350109
683,0.23037992558,0.0777987787347,0.0876967007252,0.000284709795962,0.249547406323,0.00917122212661,0.00902660453972,0.218497162287,0.0371094681559,0.000831044112983,0.00464526699326,0.0750117106254,20,12,6,20,0.000241055851563,1.12467018105e-05,0.000241055851563,0.0725402947429,0.0115988944567,0.010176801713,0.000241055851563,1.12467018105e-05,0.000241055851563,0.155592759137,0.593517485438,0.155587047703
684,0.0163173983648,0.111068591291,0.0736253912826,0.0916623937636,0.0708545869169,0.0121847969328,0.162595961281,0.174359993684,0.0344385137029,0.0670151129664,0.0740385050178,0.111838754796,20,12,6,20,0.000107859793732,5.03230653637e-06,0.000107859793732,0.0104821462667,0.00527714946951,0.00226004382985,0.000107859793732,5.03230653637e-06,0.000107859793732,0.168808270885,0.64392881142,0.168802074341
685,0.208034188951,0.00758762952445,0.029200987699,0.128241009449,0.0898381575993,0.0551762701817,0.145358236893,0.0711963603165,0.0866540622731,0.0926127719377,0.0190840000491,0.067016325127,20,12,6,20,8.78434004963e-05,4.09842169356e-06,8.78434004963e-05,0.00730982173091,0.00496834756237,0.00651236984284,8.78434004963e-05,4.09842169356e-06,8.78434004963e-05,0.168689728656,0.6434766253,0.168683536463
686,0.124547618179,0.0668414994818,0.0256507868266,0.0071106732589,0.00823000654627,0.0581179009124,0.150742632399,0.0733336802281,0.26424001077,0.122480935881,0.0583912474656,0.0403130080501,20,12,6,20,0.000124422494703,5.80505591288e-06,0.000124422494703,0.0292237659644,0.00174812401993,0.00500214688553,0.000124422494703,5.80505591288e-06,0.000124422494703,0.165708704289,0.632105337228,0.165702621522
687,0.0173123342884,0.0180487744512,0.065156356584,0.199274928178,0.0877579688629,0.0788709605909,0.0497164210509,0.159171770371,0.0385542594827,0.12134214061,0.0160319453117,0.148762140218,20,12,6,20,4.52240710398e-05,2.10997425843e-06,4.52240710398e-05,0.00974110616803,0.00139809512318,0.00535987435298,4.52240710398e-05,2.10997425843e-06,4.52240710398e-05,0.169113825138,0.645094365607,0.169107617378
688,0.0377497622496,0.230822159141,0.0684488024203,0.00931909780476,0.0480144625198,0.0312806466531,0.0238886270779,0.244584392246,0.0689516301205,0.178858081723,0.00173671387852,0.0563456241655,20,12,6,20,3.38229581684e-05,1.5780439363e-06,3.38229581684e-05,0.026205562637,0.00812586571538,0.00094855090488,3.38229581684e-05,1.5780439363e-06,3.38229581684e-05,0.165891850909,0.632803960493,0.16588576142
689,0.0750785622632,0.0456476175963,0.00944406894248,0.139321038169,0.0983707839255,0.0352499570337,0.0197306676234,0.287504382542,0.0832108357294,0.101143614645,0.0758524651954,0.0294460063354,20,12,6,20,7.11457501807e-05,3.31937612043e-06,7.11457501807e-05,0.0721325537772,0.00225698383703,0.000403515519473,7.11457501807e-05,3.31937612043e-06,7.11457501807e-05,0.159069990447,0.606781583295,0.159064151371
690,0.214600200262,0.00211195581234,0.0792071720419,0.100498325041,0.0036358828408,0.0423157051511,0.06118689497,0.0171739952727,0.324351695726,0.0379079160194,0.0449655671387,0.0720446897235,20,12,6,20,2.60183047105e-05,1.21391002457e-06,2.60183047105e-05,0.132588774159,0.00367654266455,0.000908091370978,2.60183047105e-05,1.21391002457e-06,2.60183047105e-05,0.148373384591,0.565978768013,0.148367938162
691,0.024083965625,0.0592466339405,0.118744554915,0.0733399926801,0.00856052544488,0.294578867481,0.114712212537,0.0781212577031,0.0032007369211,0.105676628693,0.0540939902517,0.0656406338092,20,12,6,20,0.000108186670968,5.04755732071e-06,0.000108186670968,0.022529635884,0.00148293744959,0.00538951026273,0.000108186670968,5.04755732071e-06,0.000108186670968,0.166850399728,0.636460399826,0.166844275052
692,0.0554559475072,0.0438682125664,0.0134206799524,0.0343765321348,0.225046143361,0.088103839995,0.052219613287,0.156348392065,0.059056741133,0.116996385563,0.147443086644,0.00766442578999,20,12,6,20,3.49689989372e-05,1.63151361441e-06,3.49689989372e-05,0.0431592880778,0.00164228987888,0.000791246322412,3.49689989372e-05,1.63151361441e-06,3.49689989372e-05,0.164117407759,0.626035245533,0.164111383405
693,0.0505508150977,0.0263398798185,0.0472892257161,0.0337625151789,0.0928311034513,0.184808301257,0.265063135644,0.19274650156,0.0407222160747,0.0357465043331,0.0285414586231,0.00159834324517,20,12,6,20,0.000150610927992,7.02690345639e-06,0.000150610927992,0.149913249419,0.033871315864,0.0029101710692,0.000150610927992,7.02690345639e-06,0.000150610927992,0.139768835965,0.533156224776,0.139763705388
694,0.0121663907535,0.0376467780182,0.0169403761045,0.201929623202,0.129805069226,0.0291743961055,0.0195886732112,0.0143554049603,0.071956001285,0.0170632805977,0.0338508892164,0.41552311732,20,12,6,20,2.37545821965e-05,1.10829378696e-06,2.37545821965e-05,0.0274687463472,0.00135610972938,0.00035027800692,2.37545821965e-05,1.10829378696e-06,2.37545821965e-05,0.166948869824,0.636836019643,0.166942741533
695,0.0684998280586,0.0469013607115,0.00388821969707,0.0662130627219,0.0417304536493,0.232503801262,0.354669538787,0.0674042366971,0.02644189982,0.0394975465895,0.0223722274062,0.0298778246002,20,12,6,20,0.000365300470494,1.70434587514e-05,0.000365300470494,0.17455147637,0.00208863569106,0.0123503717496,0.000365300470494,1.70434587514e-05,0.000365300470494,0.13922286855,0.531073600825,0.139217758015
696,0.0523271090656,0.0272080129467,0.0184394852261,0.0219414971229,0.123614128657,0.150890130631,0.15513099379,0.165906012885,0.134971560995,0.118561059508,0.0193323580821,0.0116776510903,20,12,6,20,5.10977571593e-05,2.38401695803e-06,5.10977571593e-05,0.129208904577,0.00070917350558,0.00142743797782,5.10977571593e-05,2.38401695803e-06,5.10977571593e-05,0.149358028825,0.5697347498,0.149352546252
697,0.201451699486,0.0368763410079,0.12548092929,0.027978789653,0.0485693298997,0.0360609828336,0.0505340915266,0.0354498195604,0.0695433310194,0.000786066560413,0.160090887915,0.207177731249,20,12,6,20,1.17087011603e-05,5.46281161335e-07,1.17087011603e-05,0.0316126879881,0.000148274537567,0.000990804324313,1.17087011603e-05,5.46281161335e-07,1.17087011603e-05,0.166342229053,0.6345219537,0.166336123031
698,0.166701934018,0.0196596867748,0.0427528292313,0.0187241846148,0.195763720105,0.202458054437,0.0190244661405,0.046465111824,0.0491949345511,0.15109027639,0.0678534716994,0.0203113302128,20,12,6,20,3.92087493031e-05,1.82932340749e-06,3.92087493031e-05,0.0606144913705,0.00274139969065,0.000561042094762,3.92087493031e-05,1.82932340749e-06,3.92087493031e-05,0.160962983692,0.614002514379,0.160957075129
699,0.115780380978,0.0561483892799,0.161170629895,0.0579716506474,0.0697390711546,0.278733847273,0.0133583333867,0.00500609294682,0.0407131598916,0.0750238258381,0.124102940825,0.00225167788427,20,12,6,20,4.09480070084e-05,1.91047021499e-06,4.09480070084e-05,0.0505415272897,0.000338823351742,0.00216785426196,4.09480070084e-05,1.91047021499e-06,4.09480070084e-05,0.162830998238,0.621128162785,0.162825021105
700,0.00802729571503,0.19529708258,0.0205407976079,0.0215367692566,0.158016789831,0.0505837098457,0.388555879118,0.0631430058791,0.0144690154413,0.00157794605847,0.0425806221431,0.0356710865229,20,12,6,20,0.0013276119731,6.19410642171e-05,0.0013276119731,0.0769328831322,0.0214896992516,0.0098522599731,0.0013276119731,6.19410642171e-05,0.0013276119731,0.152427155962,0.581442110933,0.152421560728
701,0.0281977082246,0.0800858710376,0.0324944166242,0.127593180553,0.132422039595,0.0194874729245,0.00806824302387,0.00951570378092,0.123424780349,0.149664988847,0.0339721213535,0.255073473687,20,12,6,20,5.05114336361e-05,2.35666144773e-06,5.05114336361e-05,0.0117594541024,0.00218498872033,0.00113520695714,5.05114336361e-05,2.35666144773e-06,5.05114336361e-05,0.169354220375,0.646011366997,0.16934800379
702,0.0355824456231,0.10564078178,0.164826342902,0.0947663515991,0.0174569626621,0.146834372423,0.0168013121596,0.0992793523472,0.0269787741071,0.0972798673118,0.191487456639,0.00306598044613,20,12,6,20,3.89826753944e-05,1.8187757032e-06,3.89826753944e-05,0.0418498387316,0.00268856924679,0.00041815818989,3.89826753944e-05,1.8187757032e-06,3.89826753944e-05,0.16422400793,0.626441877986,0.164217979663
703,0.0046545707136,0.0617977462159,0.14929950196,0.134353607736,0.115890290565,0.0844926528597,0.0246611868741,0.14890216161,0.0520834755672,0.0184166374306,0.11399492134,0.0914532471284,20,12,6,20,0.000178461848428,8.32631600025e-06,0.000178461848428,0.004358007427,0.00254906066137,0.00335555972643,0.000178461848428,8.32631600025e-06,0.000178461848428,0.170092592692,0.648827930464,0.170086349003
704,0.382825415541,0.137323781763,0.0869900185432,0.132708493201,0.00515318772608,0.044115081369,0.0051669050014,0.0750931752918,0.0125344001747,0.00196209974266,0.00731349605524,0.10881394559,20,12,6,20,0.000519264767369,2.42268169863e-05,0.000519264767369,0.0550383875562,0.00639404630088,0.0176869140541,0.000519264767369,2.42268169863e-05,0.000519264767369,0.158010473038,0.602739993493,0.158004672854
705,0.0589883435208,0.130952631548,0.0344835086611,0.0210442099941,0.165846643887,0.0678746421744,0.0538165645598,0.0623354102211,0.145034368148,0.219806939779,0.0126471717315,0.027169565774,20,12,6,20,0.000160249430207,7.47659741574e-06,0.000160249430207,0.0308249256613,0.0013294452601,0.00590920551753,0.000160249430207,7.47659741574e-06,0.000160249430207,0.165324117051,0.630638307194,0.165318048401
706,0.0654845654608,0.0832922502826,0.0591488689331,0.355781657238,0.0116668413226,0.1844247767,0.00633014822878,0.0640166269897,0.0078402301432,0.0452320180162,0.0594847291604,0.0572972875256,20,12,6,20,0.000191050932675,8.91367231487e-06,0.000191050932675,0.0100461976364,0.0133340194925,0.00126587835424,0.000191050932675,8.91367231487e-06,0.000191050932675,0.167610015041,0.639357995918,0.167603862482
707,0.0851571319317,0.0234894968798,0.0465138915246,0.0241801031918,0.0185343685392,0.111469860684,0.136167915134,0.106136878669,0.181913053182,0.077965977232,0.048112755979,0.140358567052,20,12,6,20,5.91354984473e-05,2.75902581556e-06,5.91354984473e-05,0.0345909185388,0.00362619084511,0.000136334731258,5.91354984473e-05,2.75902581556e-06,5.91354984473e-05,0.16534544696,0.630719671353,0.165339377527
708,0.0627817065592,0.307729249726,0.0246928253395,0.0432012881381,0.107005608894,0.0542228109705,0.0466999777873,0.00481017586644,0.0261963244998,0.148238870815,0.114566604195,0.0598545572089,20,12,6,20,2.83310917114e-05,1.32181541489e-06,2.83310917114e-05,0.0221248442725,0.00140870373509,0.000478516043718,2.83310917114e-05,1.32181541489e-06,2.83310917114e-05,0.16783360949,0.640210909739,0.167827448723
709,0.000814734074726,0.140781437074,0.130887926937,0.0651647791406,0.174243718322,0.142447280711,0.0216008579907,0.0246192765883,0.0112098274328,0.0162462688048,0.213151052948,0.0588328399765,20,12,6,20,0.000175150810552,8.1718362171e-06,0.000175150810552,0.023304679947,0.00464030505014,0.00129426553125,0.000175150810552,8.1718362171e-06,0.000175150810552,0.166831262802,0.636387400927,0.166825138829
710,0.0637758891761,0.056684345404,0.0229083363562,0.173869376409,0.0949191070709,0.162911167725,0.0246421831319,0.0569564448385,0.178690978343,0.0783653237126,0.0334144891408,0.0528623586925,20,12,6,20,9.5657137223e-05,4.46297939428e-06,9.5657137223e-05,0.0961891239743,0.00795556532821,0.000263251839509,9.5657137223e-05,4.46297939428e-06,9.5657137223e-05,0.15395947091,0.58728721401,0.15395381943
711,0.093378492935,0.10703042043,0.0580895169222,0.106969183102,0.186291842168,0.0610325733749,0.0730008481621,0.0832288979367,0.0462411085145,0.0743804759807,0.0961196088163,0.0142370316574,20,12,6,20,9.90994033823e-05,4.6235817642e-06,9.90994033823e-05,0.0458923907363,0.00385265265059,0.000768445746578,9.90994033823e-05,4.6235817642e-06,9.90994033823e-05,0.163225989356,0.622634879011,0.163219997723
712,0.00935774431924,0.00179191680626,0.148526452553,0.151851633321,0.0118680721908,0.357403940533,0.0161419441711,0.0571075983469,0.0129460272052,0.00492542784336,0.0283746771005,0.19970456561,20,12,6,20,6.1793260821e-05,2.88302637686e-06,6.1793260821e-05,0.0464802762859,0.000239887946435,0.00504603804236,6.1793260821e-05,2.88302637686e-06,6.1793260821e-05,0.163036806524,0.62191323027,0.163030821836
713,0.0308547267232,0.0149886940664,0.087957968364,0.179884788793,0.206961543764,0.0134183446686,0.0272129439825,0.0287889219726,0.128715398042,0.0344336794058,0.0814115143049,0.165371475914,20,12,6,20,2.59433283258e-05,1.21041192637e-06,2.59433283258e-05,0.00829394017224,0.00510244417241,0.00149441891655,2.59433283258e-05,1.21041192637e-06,2.59433283258e-05,0.169403994288,0.646201232437,0.169397775876
714,0.149314136143,0.0471704321396,0.163755349488,0.0395932070302,0.00791114445101,0.164794759441,0.00752794588704,0.0232192909569,0.0743665859811,0.0783878201926,0.199505380627,0.0444539476627,20,12,6,20,1.42426562216e-05,6.64505368673e-07,1.42426562216e-05,0.0233903585225,0.000963736140504,0.000424828754978,1.42426562216e-05,6.64505368673e-07,1.42426562216e-05,0.167711640533,0.639745652171,0.167705484243
715,0.0450492305788,0.0165815810561,0.220680628226,0.16542904646,0.0175684715557,0.00990371202365,0.0792576647356,0.0912354605363,0.0214518285543,0.146764398453,0.16772512278,0.0183528550408,20,12,6,20,9.45437962164e-05,4.41103535627e-06,9.45437962164e-05,0.0188011518068,0.00296388180659,0.00256937396301,9.45437962164e-05,4.41103535627e-06,9.45437962164e-05,0.167731559324,0.639821633541,0.167725402303
716,0.0482663266707,0.145398635483,0.154718093922,0.0791583425439,0.0984606397811,0.0549810050772,0.0545763602821,0.133442897654,0.00349327079216,0.132364883347,0.00744848646889,0.0876910579783,20,12,6,20,6.86623934706e-05,3.20351262976e-06,6.86623934706e-05,0.021398774226,0.00471735717869,0.00528615492081,6.86623934706e-05,3.20351262976e-06,6.86623934706e-05,0.16653422275,0.635254324646,0.16652810968
717,0.0287323927628,0.014045510119,0.0200953935698,0.100288712662,0.0639569107333,0.176494864842,0.0782993671386,0.00963609830586,0.003429020769,0.0230227512943,0.213266637633,0.26873234017,20,12,6,20,2.75188531036e-05,1.2839196104e-06,2.75188531036e-05,0.0109741175418,0.00181694727626,7.11413452417e-05,2.75188531036e-05,1.2839196104e-06,2.75188531036e-05,0.169751769822,0.647527842118,0.169745538644
718,0.0519404748637,0.118324526983,0.0585528331908,0.145025368507,0.0380057843056,0.0279111413795,0.00504729939293,0.000735136820066,0.100934532046,0.0246181469372,0.105822392443,0.323082363132,20,12,6,20,2.51478332572e-05,1.17329730845e-06,2.51478332572e-05,0.0170218682945,0.000988771051097,0.00039201421644,2.51478332572e-05,1.17329730845e-06,2.51478332572e-05,0.168800574957,0.643899454859,0.168794378695
719,0.023181155059,0.0232525929665,0.311896376144,0.112209832237,0.0113087370239,0.138487791798,0.0106823853817,0.0238630482122,0.040809867541,0.0159326711158,0.116300340396,0.172075202125,20,12,6,20,5.81506354649e-05,2.71307604825e-06,5.81506354649e-05,0.0259635857121,0.00633365350541,0.000278454284736,5.81506354649e-05,2.71307604825e-06,5.81506354649e-05,0.166339816476,0.634512750786,0.166333710542
720,0.0710212401658,0.270876652996,0.105770911207,0.0147463437552,0.0223906538302,0.0595016897595,0.113954339272,0.0486595478186,0.102787731726,0.0530498856719,0.00202596337065,0.135215040427,20,12,6,20,2.08543785556e-05,9.7298188589e-07,2.08543785556e-05,0.0713743910679,0.0036493684943,0.00112682819827,2.08543785556e-05,9.7298188589e-07,2.08543785556e-05,0.158871921432,0.606026037702,0.158866089627
721,0.0229379267475,0.0696364754354,0.19546813428,0.0854811013402,0.041038709846,0.169011805795,0.0759200720851,0.0233663584416,0.012730152662,0.276790605343,0.0160933474677,0.011525310557,20,12,6,20,5.53231772705e-05,2.58115815873e-06,5.53231772705e-05,0.0433902104132,0.00125553063556,0.00214389391294,5.53231772705e-05,2.58115815873e-06,5.53231772705e-05,0.163897247442,0.625195431402,0.163891231169
722,0.0283776472839,0.149524701679,0.00710240222966,0.1358110793,0.0420800620241,0.073834063306,0.0221890805801,0.219346688606,0.0742049327538,0.0261902082614,0.169928092298,0.0514110416775,20,12,6,20,6.02958246522e-05,2.81316199497e-06,6.02958246522e-05,0.0343024834149,0.00159324318,0.00587437368279,6.02958246522e-05,2.81316199497e-06,6.02958246522e-05,0.164757022562,0.628475092808,0.164750974729
723,0.00140261786807,0.0279453914956,0.124484078643,0.334371057067,0.000715760517566,0.00154999018458,0.00670042795438,0.00784338794675,0.191477749879,0.185589836558,0.0703057175027,0.047613984384,20,12,6,20,4.79909102532e-05,2.23906390877e-06,4.79909102532e-05,0.0425934597888,0.00329119954728,0.00225579273137,4.79909102532e-05,2.23906390877e-06,4.79909102532e-05,0.163670091335,0.624328931429,0.1636640834
724,0.053613980048,0.000636773475573,0.0603023061514,0.0585969686482,0.0834360986525,0.105619348168,0.0141732359217,0.159781754111,0.302199320571,0.0044768753331,0.0384266075596,0.118736731359,20,12,6,20,0.000187138299336,8.73112449382e-06,0.000187138299336,0.0838100359448,0.00268943755961,0.00312249741062,0.000187138299336,8.73112449382e-06,0.000187138299336,0.156438008773,0.596741738554,0.156432266311
725,0.107016419009,0.00495891000292,0.0600052792454,0.135106289461,0.0205014706355,0.110864987448,0.0085399881622,0.267411926851,0.0264000570151,0.0867402758908,0.126236701911,0.0462176943683,20,12,6,20,0.000200801581432,9.36859858328e-06,0.000200801581432,0.0207502995212,0.00135258557798,0.0050302468941,0.000200801581432,9.36859858328e-06,0.000200801581432,0.167175422207,0.637700216676,0.1671692856
726,0.228359561407,0.0138941254813,0.130186405077,0.0417156642109,0.0695789473095,0.0915798174646,0.0601789342937,0.0494615631512,0.0579575939514,0.0349535526785,0.0557448117517,0.166389023224,20,12,6,20,6.92186889312e-05,3.22946715077e-06,6.92186889312e-05,0.041166456854,0.00347474661791,0.000282987977295,6.92186889312e-05,3.22946715077e-06,6.92186889312e-05,0.164208290259,0.626381922032,0.164202262569
727,0.152075118742,0.0135176392851,0.0671118166088,0.239936599332,0.017836592718,0.0662769482058,0.0227643413602,0.0449599570072,0.200382183274,0.0291430125994,0.0797220057915,0.0662737850764,20,12,6,20,0.000204367452059,9.53496784327e-06,0.000204367452059,0.0291352882849,0.0110543642071,0.00423793166175,0.000204367452059,9.53496784327e-06,0.000204367452059,0.164198556222,0.62634479099,0.164192528889
728,0.332435029759,0.0338785828662,0.100620795696,0.022243089834,0.0928214782304,0.069870462924,0.0509988856479,0.0103137567395,0.0585890898725,0.0291306575919,0.0742769879724,0.124821182866,20,12,6,20,4.06482202462e-05,1.8964833638e-06,4.06482202462e-05,0.0186895138786,0.00207789315243,0.00371472718705,4.06482202462e-05,1.8964833638e-06,4.06482202462e-05,0.167744094281,0.639869448853,0.1677379368
729,0.148295221262,0.0140767485871,0.0556707021521,0.0297696742786,0.198552860629,0.0420846415575,0.124199057204,0.0470924662659,0.0824220145091,0.0207388157116,0.205260679645,0.0318371181971,20,12,6,20,1.1056178413e-05,5.15837060035e-07,1.1056178413e-05,0.0480282198835,0.000819617756999,3.56650324424e-05,1.1056178413e-05,5.15837060035e-07,1.1056178413e-05,0.163568300444,0.623940644249,0.163562296246
730,0.0252629880118,0.140900854446,0.0147243439312,0.128626323253,0.0181047415316,0.014243992797,0.0118156307272,0.181570673283,0.0282654803754,0.0569080044707,0.0442213741854,0.335355592988,20,12,6,20,1.87936471941e-05,8.7683640349e-07,1.87936471941e-05,0.0155514968069,0.00212840223065,0.000250920143849,1.87936471941e-05,8.7683640349e-07,1.87936471941e-05,0.168886195782,0.644226060398,0.168879996377
731,0.0157852705835,0.0530848237744,0.0115021408416,0.00445374367839,0.259969598053,0.00600487303814,0.0746804337343,0.187985961622,0.225373989517,0.0424747420718,0.0630035627814,0.0556808603037,20,12,6,20,8.86152532545e-05,4.13443325584e-06,8.86152532545e-05,0.0770000776433,0.00784752667999,0.00415354370532,8.86152532545e-05,4.13443325584e-06,8.86152532545e-05,0.156614138249,0.597413594521,0.156608389322
732,0.0325834776803,0.0278118921585,0.157246717607,0.0307926276291,0.188851653275,0.101054796932,0.0550753678551,0.0736653462851,0.0236134271581,0.0674441398895,0.16330347276,0.0785570807701,20,12,6,20,3.94834456428e-05,1.84213963991e-06,3.94834456428e-05,0.0362131451984,0.00136865493738,0.000993092011011,3.94834456428e-05,1.84213963991e-06,3.94834456428e-05,0.165321196285,0.630627165765,0.165315127742
733,0.0492050416705,0.172818139775,0.149210125414,0.0401170643985,0.00288235696304,0.293840464625,0.0194336044714,0.00829149963135,0.056011857267,0.0235016507913,0.0124176769372,0.172270518056,20,12,6,20,5.79186080052e-05,2.70225057509e-06,5.79186080052e-05,0.0766736628061,0.00166508634193,0.00234826518324,5.79186080052e-05,2.70225057509e-06,5.79186080052e-05,0.158065639641,0.602950429661,0.158059837433
734,0.024804794317,0.0507165953577,0.00627604162185,0.222027360326,0.0247531585066,0.0347634621074,0.0362656116809,0.0547720326834,0.217680709817,0.185560428344,0.101628791841,0.0407510133973,20,12,6,20,0.000102619278845,4.78780507379e-06,0.000102619278845,0.0129522669843,0.0049126251895,0.000713453318793,0.000102619278845,4.78780507379e-06,0.000102619278845,0.168715820465,0.643576154002,0.168709627315
735,0.101292955714,0.170099912142,0.0553567084653,0.0223355095226,0.030426039163,0.150359798413,0.120865957506,0.111795227709,0.0292903516864,0.000671483810531,0.0556608301516,0.151845225716,20,12,6,20,0.000116431697267,5.43223726768e-06,0.000116431697267,0.050357002257,0.00439117962078,0.00308281176801,0.000116431697267,5.43223726768e-06,0.000116431697267,0.161955299716,0.617787760648,0.161949354727
736,0.205505658551,0.191077971712,0.0191126856288,0.0622090442253,0.172524958419,0.115661693252,0.0105361557456,0.139485495686,0.0418985947113,0.0139843251886,0.02058986883,0.00741354804923,20,12,6,20,0.000945919866728,4.41328373021e-05,0.000945919866728,0.14184164034,0.043100326686,0.042432690773,0.000945919866728,4.41328373021e-05,0.000945919866728,0.132212689444,0.50433287138,0.132207836235
737,0.001664243737,0.167844895893,0.316658100368,0.000220943560778,0.00829867981116,0.034081040974,0.0135382247363,0.0272804405845,0.176455225489,0.0243775776177,0.0770035481086,0.15257707912,20,12,6,20,2.87078367208e-05,1.33939283005e-06,2.87078367208e-05,0.031126470983,0.00170655116964,0.00295788610464,2.87078367208e-05,1.33939283005e-06,2.87078367208e-05,0.16580758064,0.632482506727,0.165801494243
738,2.86534349554e-06,0.0708133846379,0.084037276654,0.258299136733,0.0479990596616,0.0265839633693,0.00846972812995,0.166887388388,0.0109807111661,0.267658286642,0.0425449392602,0.0157232600144,20,12,6,20,3.89316506955e-05,1.81639509485e-06,3.89316506955e-05,0.000413728379927,0.000901587634229,0.00136107977881,3.89316506955e-05,1.81639509485e-06,3.89316506955e-05,0.171495523959,0.654179492082,0.171489228772
739,0.0548484599979,0.0616307067048,0.00633497028876,0.0558008979922,0.0568951301761,0.0982761539177,0.0103721366349,0.0538915199714,0.200998548747,0.21019494022,0.108831482106,0.0819250532435,20,12,6,20,1.3143630398e-06,6.1322921985e-08,1.3143630398e-06,5.74991910577e-06,4.86077002687e-05,1.11611440914e-05,1.3143630398e-06,6.1322921985e-08,1.3143630398e-06,0.17197103287,0.65599334804,0.171964720229
740,0.0548233898532,0.0665334705672,0.0723837294872,0.00199009334303,0.163087972659,0.017931108324,0.0694161382744,0.0772807458618,0.380268114784,0.0236271427002,0.0698643256013,0.00279376854408,20,12,6,20,0.000130839403195,6.10444319546e-06,0.000130839403195,0.13159607698,0.00110530224193,0.0127373602067,0.000130839403195,6.10444319546e-06,0.000130839403195,0.146878094197,0.560274897219,0.146872702657
741,0.093747611479,0.105384600945,0.0125233939004,0.0352023517421,0.0596809207749,0.207805959626,0.0507469347745,0.144416709408,0.129356018081,0.0871146279912,0.0635114141497,0.0105094571288,20,12,6,20,0.000391902006939,1.82845800358e-05,0.000391902006939,0.0576102790852,0.0101253328148,0.00430061078612,0.000391902006939,1.82845800358e-05,0.000391902006939,0.15931831273,0.607728822857,0.159312464539
742,0.188155915033,0.0109017514825,0.141694741462,0.0199052547908,0.0763759330408,0.0164162397444,0.0747082689969,0.18035859739,0.0519663753215,0.0741697726255,0.0998799207916,0.065467229321,20,12,6,20,9.85607064544e-05,4.59844832034e-06,9.85607064544e-05,0.00755942172401,0.00590207273572,0.000915803881088,9.85607064544e-05,4.59844832034e-06,9.85607064544e-05,0.169441187266,0.646343107181,0.169434967489
743,0.024865227138,0.0223782170971,0.055407555687,0.146945054505,0.0740948086204,0.00573071037785,0.0199860577518,0.292170576013,0.0380656193397,0.17105786664,0.0856686442089,0.0636296626204,20,12,6,20,1.47488473098e-05,6.88122220088e-07,1.47488473098e-05,0.0404561958563,0.00266763461129,0.00113319190757,1.47488473098e-05,6.88122220088e-07,1.47488473098e-05,0.164361377883,0.626965883535,0.164355344573
744,0.125592001447,0.0874467450416,0.00311813941504,0.029358866798,0.116797136654,0.0722641011914,0.0528797344279,0.290081843395,0.046381121053,0.122868609775,0.0416550239235,0.0115566768784,20,12,6,20,0.000294402089847,1.37356239039e-05,0.000294402089847,0.032411210587,0.00959077199274,0.00257104443237,0.000294402089847,1.37356239039e-05,0.000294402089847,0.164110159816,0.626007597838,0.164104135728
745,0.099057913326,0.0123656048271,0.271748945706,0.211277719812,0.0712337702157,0.00241440709747,0.190032640166,0.0507947057905,0.0120049895113,0.0083997289192,0.0187936741514,0.0518759004765,20,12,6,20,0.000309837241207,1.44557663258e-05,0.000309837241207,0.218664903923,0.00282148592861,0.00930643561838,0.000309837241207,1.44557663258e-05,0.000309837241207,0.132072612025,0.503798538049,0.132067763958
746,0.00932495033812,0.0529078522534,0.411661347344,0.049862053698,0.0129046591373,0.0567472453682,0.0137725207663,0.148908216311,0.0390314361907,0.140757332367,0.0551923526881,0.0089300335375,20,12,6,20,8.31029063434e-05,3.87724919836e-06,8.31029063434e-05,0.0522041995125,0.00645347305434,0.000642190599637,8.31029063434e-05,3.87724919836e-06,8.31029063434e-05,0.161726141632,0.616913624022,0.161720205056
747,0.346820524197,0.0910051076648,0.021940917551,0.0953863126541,0.137221608892,0.0608827497774,0.0575813414479,0.00258558215407,0.049043852941,0.0650045149385,0.0662083516699,0.00631913611265,20,12,6,20,9.92163847349e-05,4.62903964619e-06,9.92163847349e-05,0.0694471028765,0.00741262609175,0.0109976914852,9.92163847349e-05,4.62903964619e-06,9.92163847349e-05,0.156803377212,0.598135457377,0.156797621339
748,0.00144754761553,0.00956554451526,0.0917947224646,0.0189040639602,0.0825560835527,0.0193106613304,0.0361275098721,0.0316624624762,0.0292994162783,0.324486749571,0.262594864697,0.0922503736666,20,12,6,20,1.9746301949e-05,9.21283463734e-07,1.9746301949e-05,0.00139053651127,0.000294684678118,0.00013841544597,1.9746301949e-05,9.21283463734e-07,1.9746301949e-05,0.171655690352,0.654790455953,0.171649389285
749,0.0413530305062,0.00128505332714,0.127255174496,0.0226187595509,0.0276325692695,0.233566412547,0.0160421542414,0.10889429424,0.0692987659396,0.156116544359,0.189383907823,0.00655333370004,20,12,6,20,4.86666638266e-05,2.2705918675e-06,4.86666638266e-05,0.00711005566592,0.003232918003,0.000132931155535,4.86666638266e-05,2.2705918675e-06,4.86666638266e-05,0.170147285968,0.649036561096,0.170141040272
750,0.0480749925715,0.104332115986,0.100288849975,0.265195861991,0.104434073468,0.0432411380877,0.00292797989512,0.0748062400455,0.129175520579,0.0613336417924,0.00774939471521,0.0584401908942,20,12,6,20,2.98445390672e-05,1.39242681472e-06,2.98445390672e-05,0.126436590874,0.00180419144111,0.00356259281456,2.98445390672e-05,1.39242681472e-06,2.98445390672e-05,0.149294246607,0.569491448879,0.149288766375
751,0.000335648085157,0.0905410982242,0.0560103234937,0.439266440941,0.0275237381593,0.0682084596978,0.0136890749198,0.0638018700953,0.144809186011,0.0339638618816,0.0317394634986,0.0301108349926,20,12,6,20,0.000200021049923,9.33218210519e-06,0.000200021049923,0.187414112078,0.00159882786995,0.00960781796788,0.000200021049923,9.33218210519e-06,0.000200021049923,0.137682976512,0.525199594506,0.137677922502
752,0.0788951197937,0.0431130266416,0.503519841718,0.081778869118,0.0771608579045,0.0653583509209,0.017760273475,0.0318184783859,0.00374378669445,0.023705174408,0.0200214194112,0.0531248015283,20,12,6,20,0.000262463336584,1.22454894317e-05,0.000262463336584,0.145821510775,0.0127514220962,0.0111210973839,0.000262463336584,1.22454894317e-05,0.000262463336584,0.142613930277,0.544008999878,0.142608695264
753,0.0457395665488,0.0219378440344,0.0380218317661,0.11628472566,0.017402004501,0.0609774739176,0.0508296461218,0.0689617136555,0.328707327114,0.110902619507,0.0927200131691,0.0475152340045,20,12,6,20,6.66502046368e-05,3.10963194754e-06,6.66502046368e-05,0.0241646257748,0.00488721157243,0.00202206704348,6.66502046368e-05,3.10963194754e-06,6.66502046368e-05,0.166592115477,0.635475159768,0.166586000282
754,0.102873025357,0.0825762123115,0.0493109104806,0.110201763526,0.080991401909,0.178485329984,0.0612636873952,0.0646960609399,0.0438561066762,0.0022927615914,0.0867679313715,0.136684808457,20,12,6,20,4.40542781992e-05,2.05539640366e-06,4.40542781992e-05,0.0653034628391,0.000181007669547,0.00650541275252,4.40542781992e-05,2.05539640366e-06,4.40542781992e-05,0.159571160527,0.608693325251,0.159565303055
755,0.00177015361181,0.136683711352,0.0711440749093,0.130284946928,0.147649563598,0.0380330079336,0.0263282836321,9.49920123869e-05,0.183707606295,0.159605423993,0.0142842698633,0.0904139658723,20,12,6,20,1.55894770098e-05,7.27342639369e-07,1.55894770098e-05,0.0430957416154,0.00449746526582,0.000980752001342,1.55894770098e-05,7.27342639369e-07,1.55894770098e-05,0.163618345428,0.624131543704,0.163612339393
756,0.00610946724157,0.0723644407462,0.334981664283,0.0455681141357,0.189744452331,0.0808121044218,0.0919895109036,0.0588242195176,0.00900070915489,0.0726149888593,0.0305160440326,0.00747428437291,20,12,6,20,0.00047608301374,2.22121290891e-05,0.00047608301374,0.00720990225062,0.0049900694885,0.0129357789258,0.00047608301374,2.22121290891e-05,0.00047608301374,0.167325145393,0.638271344339,0.16731900329
757,0.123218571407,0.119098496785,0.221776785162,0.182571702384,0.0183611948153,0.00767681887792,0.0372497107748,0.107281249293,0.0524468631526,0.00389523192381,0.00945235989459,0.116971015529,20,12,6,20,0.000149363509383,6.96870389378e-06,0.000149363509383,0.12109928754,0.00291192253252,0.0038832733223,0.000149363509383,6.96870389378e-06,0.000149363509383,0.149882371334,0.571734884313,0.149876869513
758,0.185878982003,0.0776437150147,0.0620111657076,0.0615600933904,0.0188236576131,0.012134876677,0.082676655113,0.064281655505,0.21644495474,0.104063850058,0.0912536514998,0.0232267426784,20,12,6,20,0.000180142204224,8.40471468026e-06,0.000180142204224,0.0223763473143,0.00623409132437,0.00430231484457,0.000180142204224,8.40471468026e-06,0.000180142204224,0.166195968066,0.633964032793,0.166189867412
759,0.0800441287532,0.0215394601492,0.135793520368,0.0105266424864,0.0159658240975,0.00580332529003,0.201526045071,0.144473730315,0.140419409227,0.0914469928717,0.126890849939,0.0255700714322,20,12,6,20,8.12762951761e-05,3.79202682773e-06,8.12762951761e-05,0.0211463942088,0.00294342743249,0.00372384570403,8.12762951761e-05,3.79202682773e-06,8.12762951761e-05,0.167142525073,0.637574728674,0.167136389674
760,0.037392727263,0.0112516272698,0.0141192067808,0.0802537180106,0.289561836757,0.0797802673272,0.134628490842,0.0962478837422,0.160552023112,0.0306047969373,0.0252925182862,0.0403149036719,20,12,6,20,7.73293237544e-05,3.60787692909e-06,7.73293237544e-05,0.101127616287,0.0201108817083,0.00233519413525,7.73293237544e-05,3.60787692909e-06,7.73293237544e-05,0.150676185654,0.574762934472,0.150670654694
761,0.0272169322219,0.0650432565472,0.0482961549092,0.0018070133068,0.118876699571,0.172588363685,0.0169922546687,0.367419274127,0.0114091824679,0.157082241506,0.0101556968392,0.0031129301509,20,12,6,20,9.88552542555e-05,4.61219074254e-06,9.88552542555e-05,0.0742494468199,0.000611779938538,0.0022998360511,9.88552542555e-05,4.61219074254e-06,9.88552542555e-05,0.158643225539,0.605153664125,0.158637402128
762,0.0245391173801,0.00694048661484,0.0321147262179,0.134221977614,0.126906061107,0.0523771643387,0.115735386861,0.0172930053631,0.0145596955255,0.0472421310966,0.348465252892,0.0796049949892,20,12,6,20,1.07991054439e-05,5.03843063592e-07,1.07991054439e-05,0.0209906492295,0.00105527225211,0.000111954919064,1.07991054439e-05,5.03843063592e-07,1.07991054439e-05,0.168164840849,0.641474410719,0.168158667923
763,0.0115185307802,0.00937449903927,0.04141006088,0.172756107879,0.087438038571,0.0766426135865,0.202144378978,0.0480785653209,0.132514602927,0.088960884472,0.0814697862758,0.0476919312892,20,12,6,20,9.92847358548e-05,4.63222863604e-06,9.92847358548e-05,0.0153446256784,0.0040428351267,0.00675985056342,9.92847358548e-05,4.63222863604e-06,9.92847358548e-05,0.167416432749,0.638619565185,0.167410287296
764,0.0904252172266,0.140697688845,0.149793111535,0.00743325607018,0.143374955781,0.00463002626141,0.0534546092537,0.116491756312,0.17103970954,0.0112287900757,0.0129091653331,0.098521713766,20,12,6,20,0.000255361122108,1.19141285131e-05,0.000255361122108,0.0865178521064,0.0193347809283,0.00153944415484,0.000255361122108,1.19141285131e-05,0.000255361122108,0.153333820994,0.584900636593,0.153328192479
765,0.217643276272,0.0170940253276,0.159567122011,0.0142304497827,0.0273862989391,0.173490772573,0.00707198035738,0.0391277618076,0.233283824417,0.0753375655389,0.0212518903095,0.0145150326648,20,12,6,20,0.000191142788852,8.91795795666e-06,0.000191142788852,0.0692715332383,0.0146344287584,0.00428774623024,0.000191142788852,8.91795795666e-06,0.000191142788852,0.156680826914,0.597667982249,0.156675075539
766,0.0611510205035,0.109174886763,0.0761477964123,0.0157735517071,0.41094019329,0.00747255732443,0.0867791643136,0.0986948964623,0.00466734844343,0.0549568043112,0.0341554576993,0.0400863227694,20,12,6,20,0.000208323629707,9.71954726763e-06,0.000208323629707,0.108612936758,0.00169087099895,0.0132518310337,0.000208323629707,9.71954726763e-06,0.000208323629707,0.150587073022,0.574423009239,0.150581545334
767,0.263175734785,0.0238950759163,0.0322036546763,0.0533303412712,0.135195464557,0.0277631701497,0.00791626017018,0.208870098539,0.00199928288315,0.102335055369,0.140185192635,0.00313066904797,20,12,6,20,7.08455517509e-05,3.30537006249e-06,7.08455517509e-05,0.0334108631727,0.00087171290108,0.00261152287602,7.08455517509e-05,3.30537006249e-06,7.08455517509e-05,0.165588186194,0.631645614057,0.165582107851
768,0.0486263381327,0.0723316979379,0.293514369901,0.0737134591963,0.161929651191,0.0138892284402,0.0617410087147,0.0996604799283,0.00657515652812,0.00635905253712,0.0813591958177,0.0803003616753,20,12,6,20,8.95253839306e-05,4.17689631267e-06,8.95253839306e-05,0.0805013159823,0.00373176332513,0.00178866285954,8.95253839306e-05,4.17689631267e-06,8.95253839306e-05,0.157125905367,0.599365759484,0.157120137654
769,0.00219998085119,0.00191692821351,0.00131240335101,0.0245767103722,0.121721305588,0.213186639345,0.220391686842,0.00180283272158,0.0254714551489,0.341218324747,0.0440574788341,0.00214425398566,20,12,6,20,1.37451378988e-05,6.41293153806e-07,1.37451378988e-05,0.0372747201627,0.00111262252603,0.000496700838791,1.37451378988e-05,6.41293153806e-07,1.37451378988e-05,0.165286146712,0.630493467166,0.165280079457
770,0.123091865787,0.121805645188,0.0350104987244,0.145055828605,0.103226433505,0.0478942933771,0.135439068929,0.0909304530508,0.0170684246373,0.0876801193825,0.0352763001816,0.0575210686316,20,12,6,20,0.000185615490438,8.66007632187e-06,0.000185615490438,0.0612307276934,0.00597176748574,0.0039025470659,0.000185615490438,8.66007632187e-06,0.000185615490438,0.159623681935,0.60889367117,0.159617822535
771,0.146015810044,0.0985262290007,0.00260040867594,0.24134373678,0.0249985244873,0.182164610552,0.0559038422182,0.0599774017352,0.0759540550954,0.00287865168977,0.0843705019661,0.0252662277554,20,12,6,20,0.000123148814805,5.74563110355e-06,0.000123148814805,0.0825079467636,0.0222205305273,0.00471485103182,0.000123148814805,5.74563110355e-06,0.000123148814805,0.153074115159,0.58390997382,0.153068496177
772,0.167168499714,0.0238580524615,0.112517486298,0.208014626802,0.0550543391372,0.00948359073639,0.0565603096225,0.0271882254062,0.0414363354723,0.05520365508,0.029029422104,0.214485457166,20,12,6,20,5.39931451089e-05,2.5191041782e-06,5.39931451089e-05,0.0243236072288,0.000871579187042,0.00465622737705,5.39931451089e-05,2.5191041782e-06,5.39931451089e-05,0.166811273683,0.636311151291,0.166805150444
773,0.1222046349,0.122618442887,0.117286626288,0.0965758498942,0.0767701103659,0.0089793793942,0.0787577276719,0.0597624596841,0.174834083778,0.0665081795792,0.067216070264,0.0084864352933,20,12,6,20,6.77705548478e-05,3.16190300698e-06,6.77705548478e-05,0.109494688901,0.00782505732124,0.00770747844179,6.77705548478e-05,3.16190300698e-06,6.77705548478e-05,0.150432931631,0.573835028079,0.150427409601
774,0.00579819187947,0.018755319462,0.202352352801,0.21411188004,0.187023693722,0.0928493087287,0.0598623605627,0.0407800975502,0.00538336163876,0.0344149169739,0.00325102298909,0.135417493653,20,12,6,20,1.74935524376e-05,8.16179182528e-07,1.74935524376e-05,0.0537033139464,0.0154445492297,0.000914738673345,1.74935524376e-05,8.16179182528e-07,1.74935524376e-05,0.159921318849,0.610029024211,0.159915448523
775,0.0517545757697,0.0173252444732,0.161539609921,0.0787388045174,0.00230596144793,0.0467256914968,0.15672480377,0.000580930290623,0.00456165955578,0.271999425605,0.165632705856,0.042110587296,20,12,6,20,7.03322425991e-06,3.2814211107e-07,7.03322425991e-06,0.0141052268203,0.000330675587198,0.000509941901037,7.03322425991e-06,3.2814211107e-07,7.03322425991e-06,0.169407840505,0.646215904053,0.169401621952
776,0.00766728245964,0.0920609790704,0.362798737229,0.0545002393544,0.0323026486357,0.0285216794735,0.0873934720298,0.176411118487,0.0573050381628,0.00368234847411,0.0417408151157,0.0556156415077,20,12,6,20,0.000157945370161,7.36909919025e-06,0.000157945370161,0.179835375551,0.00172846875983,0.00962543972103,0.000157945370161,7.36909919025e-06,0.000157945370161,0.138990685846,0.53018792661,0.138985583833
777,0.0307585193302,0.0061422222015,0.143238316081,0.0132302934589,0.0203309344128,0.0616759416039,0.0775492925274,0.00811573792565,0.0775636362768,0.26145699384,0.12487518926,0.175062923082,20,12,6,20,3.09194049331e-06,1.44257575656e-07,3.09194049331e-06,0.0069256003269,0.000157383416271,0.000293830883084,3.09194049331e-06,1.44257575656e-07,3.09194049331e-06,0.170712361239,0.651192073058,0.1707060948
778,0.222933602032,0.0364794629004,0.0261572136501,0.255142745915,0.0156909164789,0.0573269566877,0.00487255010976,0.00344649232954,0.141699330089,0.0639885135492,0.00226758622491,0.169994630034,20,12,6,20,4.89992776799e-05,2.28611029943e-06,4.89992776799e-05,0.0756008236437,0.00215962177765,3.33740720203e-05,4.89992776799e-05,2.28611029943e-06,4.89992776799e-05,0.158569499663,0.604872432553,0.158563678959
779,0.000775200867281,0.277017610418,0.0124868881511,0.033132834533,0.211347076216,0.0399135425893,0.203081269207,0.00720405946138,0.0551981944558,0.0086369863418,0.0188413738189,0.132364963941,20,12,6,20,0.00011248465637,5.24808412758e-06,0.00011248465637,0.0782244917055,0.00326657841123,0.000828151259385,0.00011248465637,5.24808412758e-06,0.00011248465637,0.157746513946,0.601733106431,0.157740723452
780,0.0699610877353,0.0196238714624,0.150501614048,0.0161968553639,0.0597451603836,0.175978840136,0.0569221805893,0.0644110287806,0.0121771935204,0.202486610679,0.00810755631766,0.163888000984,20,12,6,20,4.33955153154e-05,2.02466116256e-06,4.33955153154e-05,0.0275918959118,0.000897830472198,0.00140778609261,4.33955153154e-05,2.02466116256e-06,4.33955153154e-05,0.166810806013,0.636309367336,0.166804682791
781,0.0618527120132,0.0357109664237,0.0324207886706,0.00440467229683,0.0771495577489,0.0232321730233,0.195513229577,0.0771049829011,0.279479975257,0.0319051689925,0.0506520703022,0.130573702794,20,12,6,20,3.29644450881e-05,1.53798915003e-06,3.29644450881e-05,0.0782923033366,0.00189492339161,0.00337203588552,3.29644450881e-05,1.53798915003e-06,3.29644450881e-05,0.157589228372,0.601133131605,0.157583443651
782,0.0437823744393,0.0165014656009,0.0298820677997,0.0917722848844,0.115668839532,0.146718749798,0.212899447933,0.152147968629,0.000387671216111,0.0328715396775,0.120350215518,0.0370173749723,20,12,6,20,0.00014962617744,6.98095893465e-06,0.00014962617744,0.0811977755065,0.00180915330102,0.00607721310023,0.00014962617744,6.98095893465e-06,0.00014962617744,0.156556914162,0.597195309966,0.156551167336
783,0.0628593840463,0.100556209072,0.120338284193,0.0164479321836,0.0202737693913,0.0332610256599,0.116374181447,0.142431181096,0.154545935684,0.00636716144295,0.0963707687193,0.130174167064,20,12,6,20,5.24118238916e-05,2.44532605548e-06,5.24118238916e-05,0.0516276447717,0.000896013165924,0.00151653602816,5.24118238916e-05,2.44532605548e-06,5.24118238916e-05,0.16265232245,0.620446593762,0.162646351875
784,0.0969814692409,0.0351874175202,0.337959102802,0.195687994845,0.0546963912704,0.0358498333284,0.0459891954989,0.0591053772581,0.00956826013674,0.0731690914748,0.0308205797877,0.0249852868361,20,12,6,20,0.000524631615849,2.44772126691e-05,0.000524631615849,0.0929156337105,0.00358631996584,0.0130014086216,0.000524631615849,2.44772126691e-05,0.000524631615849,0.152781154057,0.582792456928,0.152775545829
785,0.15108209633,0.0222303203133,0.0554933857084,0.11547034836,0.112687720256,0.163679827984,0.0742193726225,0.0785053590339,0.0225927141712,0.046357791596,0.05249416691,0.105186896715,20,12,6,20,3.5036433403e-05,1.63465983685e-06,3.5036433403e-05,0.0493594214556,0.00576172377686,0.00528571859633,3.5036433403e-05,1.63465983685e-06,3.5036433403e-05,0.161569593971,0.616316464007,0.161563663141
786,0.0603718927942,0.0325496028038,0.0251892273937,0.054100977728,0.233164574071,0.0191223685152,0.0870534196361,0.0759178808349,0.0576813483733,0.138352849965,0.19845733752,0.0180385203638,20,12,6,20,4.42913551133e-05,2.06645746417e-06,4.42913551133e-05,0.0134408287419,0.00347200498337,0.000707690126376,4.42913551133e-05,2.06645746417e-06,4.42913551133e-05,0.168921611472,0.644361155574,0.168915410767
787,0.0084585163516,0.0586925547003,0.0411247741732,0.302366996057,0.0854396228351,0.0347186947608,0.0118525943075,0.00975833828004,0.0466978010783,0.0911855127578,0.208440885979,0.101263708719,20,12,6,20,7.05945041615e-07,3.29365718616e-08,7.05945041615e-07,3.60986204442e-07,3.85256269847e-07,3.79432809019e-05,7.05945041615e-07,3.29365718616e-08,7.05945041615e-07,0.171976075364,0.656012582922,0.171969762537
788,0.00135783306689,0.0346102919513,0.210860054448,0.00766708479287,0.0270085913134,0.00638390548934,0.0325215337432,0.0688316575539,0.0487494530582,0.0358232537854,0.451465827658,0.0747205131394,20,12,6,20,4.14718863984e-06,1.9349123318e-07,4.14718863984e-06,0.000430776863988,0.000869228804235,1.94622115563e-05,4.14718863984e-06,1.9349123318e-07,4.14718863984e-06,0.1717533804,0.655163100235,0.171747075748
789,0.0100198980548,0.0417715880805,0.0038676462084,0.0280307329101,0.343374383094,0.157024283056,0.0496526943388,0.0363622390591,0.0893348627724,0.0822711357818,0.0379796833156,0.120310853328,20,12,6,20,3.85870015837e-05,1.80031514589e-06,3.85870015837e-05,0.0257356953443,0.00314938407227,0.000945350659022,3.85870015837e-05,1.80031514589e-06,3.85870015837e-05,0.166825728163,0.636366288731,0.166819604393
790,0.0217920050979,0.581527468418,0.00494717678802,0.138883065286,0.0579707320407,0.0155561711983,0.00306247983681,0.0391889568875,0.110807072502,0.00171966190251,0.0218389197776,0.0027062902642,20,12,6,20,0.000202553944588,9.4503568387e-06,0.000202553944588,0.458396670743,0.00418567205633,0.0310693072592,0.000202553944588,9.4503568387e-06,0.000202553944588,0.0869408287179,0.331640767402,0.0869376373297
791,0.229969341469,0.00165213339453,0.0414599169,0.00861241845968,0.0153615639741,0.129332591141,0.0432901297035,0.150136728351,0.0218372164566,0.106173322441,0.138070914099,0.11410372361,20,12,6,20,1.66740157368e-05,7.77942878218e-07,1.66740157368e-05,0.0244700348106,0.00154578133949,0.000821476576063,1.66740157368e-05,7.77942878218e-07,1.66740157368e-05,0.167355923907,0.638388750743,0.167349780675
792,0.136219903858,0.0038026021525,0.0190879824383,0.0616727929161,0.0603624715878,0.0627076707846,0.278786387405,0.0724850830272,0.00278927188316,0.0912968948678,0.198316273288,0.0124726657914,20,12,6,20,4.36699305089e-05,2.03746427782e-06,4.36699305089e-05,0.00128524655005,0.00276186564942,0.000398511715854,4.36699305089e-05,2.03746427782e-06,4.36699305089e-05,0.17118791074,0.65300608385,0.171181626845
793,0.161592755612,0.0738465977307,0.218954983165,0.0611392346614,0.00079874965327,0.186250192343,0.0573823205199,0.0810564402227,0.0565540942589,0.0180256697244,0.0829960257041,0.00140293640426,20,12,6,20,0.000336303774492,1.56905889027e-05,0.000336303774492,0.0222406612226,0.0266270959921,0.00168253712853,0.000336303774492,1.56905889027e-05,0.000336303774492,0.163052672106,0.62197375044,0.163046686835
794,0.0202049851155,0.112477471997,0.0237235066658,0.027357848687,0.0373352414521,0.128880096662,0.198531426314,0.0668963722725,0.0739660639693,0.0309988895106,0.0513053267811,0.228322770573,20,12,6,20,6.48527817835e-05,3.02577138689e-06,6.48527817835e-05,0.021313009079,0.00455202119935,0.000747837484486,6.48527817835e-05,3.02577138689e-06,6.48527817835e-05,0.1673606043,0.638406604371,0.167354460896
795,0.0848850068022,0.305455043599,0.0273343673375,0.173653911017,0.0707894374922,0.028466002063,0.0423116770112,0.00119615301204,0.0191813250132,0.0437806160458,0.202661479782,0.000284980824649,20,12,6,20,6.47306950757e-05,3.02007530945e-06,6.47306950757e-05,0.0533401829826,0.00212072784154,0.00122380633744,6.47306950757e-05,3.02007530945e-06,6.47306950757e-05,0.162188836567,0.618678600334,0.162182883006
796,0.0432706559337,0.0925118369699,0.0673180194903,0.0765763890394,0.190120506205,0.0589342730043,0.0601550074397,0.00338276346286,0.0901432906231,0.206003731326,0.0471811735205,0.0644023529856,20,12,6,20,3.22796733035e-05,1.50604043765e-06,3.22796733035e-05,0.0146355530276,0.00384711597863,0.000387945638691,3.22796733035e-05,1.50604043765e-06,3.22796733035e-05,0.16871507282,0.643573302065,0.168708879696
797,0.0455463718182,0.0725545154513,0.281335866406,0.00867457254803,0.116886254539,0.105009095719,0.0076350890448,0.0350051519693,0.234261694873,0.0801416618184,0.00511399028267,0.00783573553001,20,12,6,20,0.000131339445064,6.12777314892e-06,0.000131339445064,0.221225367913,0.00101258594831,0.00507856639317,0.000131339445064,6.12777314892e-06,0.000131339445064,0.13279613727,0.506558466506,0.132791262644
798,0.0255955021668,0.0363916650366,0.0621321465952,0.0477976026121,0.00465369894225,0.00353749790571,0.0396275560943,0.289612919581,0.269795926569,0.0847833482271,0.0380324204447,0.0980397158246,20,12,6,20,0.000111032133657,5.1803152279e-06,0.000111032133657,0.0297908435347,0.00206524902778,0.0081857315684,0.000111032133657,5.1803152279e-06,0.000111032133657,0.165018539672,0.629472664793,0.165012482239
799,0.0284449794993,0.0071071747343,0.0542766920685,0.0135579762041,0.0121062098913,0.113598919407,0.079019489296,0.34206456872,0.0471093151096,0.0478664912431,0.0895489662192,0.165299217607,20,12,6,20,4.20525365458e-05,1.96200314508e-06,4.20525365458e-05,0.0288879440997,0.000930497855901,0.0029420255317,4.20525365458e-05,1.96200314508e-06,4.20525365458e-05,0.166319371205,0.634434761133,0.166313266022
800,0.0356553889409,0.0345887860963,0.144916861003,0.155824971032,0.173330190457,0.0217762147357,0.0270546257777,0.109969705101,0.0363507989324,0.0225450465193,0.0755431601422,0.162444251263,20,12,6,20,0.000187269198741,8.73723173647e-06,0.000187269198741,0.0114979687694,0.00582216579336,0.00133595115805,0.000187269198741,8.73723173647e-06,0.000187269198741,0.168642858515,0.643297836464,0.168636668042
801,0.0622622924698,0.0196553060266,0.0754805234215,0.13314434994,0.158404062054,0.175879726186,0.0440285417784,0.0465508862222,0.0283731507342,0.0576850716566,0.171245849642,0.0272902398682,20,12,6,20,3.12768538965e-05,1.45925289539e-06,3.12768538965e-05,0.0574336779341,0.00115777979957,6.56975692791e-05,3.12768538965e-05,1.45925289539e-06,3.12768538965e-05,0.161873161161,0.617474438428,0.161867219187
802,0.0118598308486,0.00150352491882,0.0270703038578,0.108123767482,0.0395150972923,0.323514106822,0.118842499818,0.252603921922,0.0263835499591,0.0078823029986,0.0497983553417,0.032902738739,20,12,6,20,0.000331820685354,1.54814258959e-05,0.000331820685354,0.133590030594,0.00931004604557,0.0164417078989,0.000331820685354,1.54814258959e-05,0.000331820685354,0.144345516639,0.550614235166,0.144340218063
803,0.0659457057382,0.126921704393,0.0307099992787,0.0659626822528,0.0425110027145,0.16326629155,0.000998555587415,0.248886414222,0.0618940244579,0.0703862820006,0.11374541574,0.00877192206487,20,12,6,20,6.68864464178e-05,3.12065404407e-06,6.68864464178e-05,0.082440133719,0.000519993143837,0.00317265259994,6.68864464178e-05,3.12065404407e-06,6.68864464178e-05,0.157122746197,0.599353708647,0.1571169786
804,0.00774560872058,0.117614314962,0.068521535639,0.0342001983796,0.154620363151,0.0418581683754,0.00772413030032,0.0071545997977,0.175542279466,0.227594340688,0.10550927075,0.0519151897709,20,12,6,20,2.90541316074e-05,1.35554956427e-06,2.90541316074e-05,0.0148374285762,0.000607538188539,0.00159667592539,2.90541316074e-05,1.35554956427e-06,2.90541316074e-05,0.169031896037,0.644781842363,0.169025691284
805,0.0227108909324,0.0511085577102,0.0392989355768,0.106638979112,0.09721144338,0.00923001119046,0.0102392791561,0.169637110651,0.108182566131,0.126640631966,0.25838289993,0.000718694263993,20,12,6,20,4.60938852701e-05,2.15055631116e-06,4.60938852701e-05,0.00633091840305,0.00297504245772,0.000838477814517,4.60938852701e-05,2.15055631116e-06,4.60938852701e-05,0.170206103773,0.64926092498,0.170199855918
806,0.0121427750448,0.0857509225875,0.100660728276,0.0764100917238,0.245324710716,0.144738879689,0.0209887310785,0.0432620133637,0.0804993172911,0.0227196685967,0.0317396839113,0.135762477723,20,12,6,20,5.33203098685e-05,2.48771237723e-06,5.33203098685e-05,0.0294550723338,0.00134230032384,0.0107351819511,5.33203098685e-05,2.48771237723e-06,5.33203098685e-05,0.164802787062,0.628649664115,0.16479673755
807,0.0591070356338,0.128973375599,0.0635850619021,0.331991565593,0.0493961167008,0.0659873443732,0.0444536884247,0.0908610941531,0.00234382646703,0.0167844199345,0.00584872705516,0.140667744164,20,12,6,20,0.00014387899616,6.71281844483e-06,0.00014387899616,0.013476583724,0.0108469033879,0.00457228020558,0.00014387899616,6.71281844483e-06,0.00014387899616,0.166912350916,0.636696716179,0.166906223966
808,0.0322921014701,0.0872455880563,0.0727484583218,0.0758131108852,0.0661801009299,0.0275105687014,0.0374614829359,0.214739747506,0.0614304017389,0.17919624808,0.00198503486982,0.143397156505,20,12,6,20,7.24320825749e-05,3.37939124461e-06,7.24320825749e-05,0.00187069710423,0.00185078276707,0.000738773516521,7.24320825749e-05,3.37939124461e-06,7.24320825749e-05,0.171165146707,0.652919249144,0.171158863648
809,0.0272238238272,0.0428493381185,0.0289347765442,0.0477801084058,0.0322736694118,0.102315204449,0.307638862313,0.0808902421693,0.217216039797,0.0404994201416,0.0716294137539,0.00074910106845,20,12,6,20,0.000722519609687,3.37098749095e-05,0.000722519609687,0.0852321482824,0.0186067936604,0.00446186000887,0.000722519609687,3.37098749095e-05,0.000722519609687,0.152848664876,0.583049980813,0.15284305417
810,0.206449523558,0.0171219313573,0.166317967849,0.0493362481838,0.036902753124,0.127914008251,0.132105045472,0.0405085468642,0.132037945632,0.0196749939054,0.0300716927711,0.0415593430309,20,12,6,20,0.000306191480064,1.42856696939e-05,0.000306191480064,0.13034598184,0.0137050616649,0.00216257901257,0.000306191480064,1.42856696939e-05,0.000306191480064,0.146621382772,0.559295656796,0.146616000655
811,0.0970194286411,0.0458483932514,0.0353650037301,0.278489466555,0.0291570103426,0.0223833698839,0.0480618871471,0.00231739607426,0.0606645449834,0.00401636982396,0.24163836734,0.135038762227,20,12,6,20,2.83668491216e-05,1.32348371262e-06,2.83668491216e-05,0.0288863266942,0.00166156287903,0.00197424029529,2.83668491216e-05,1.32348371262e-06,2.83668491216e-05,0.166369995742,0.634627871325,0.166363888701
812,0.169929278907,0.217218330409,0.0296279424881,0.00226615226712,0.0024339832426,0.0691497542587,0.0678379488049,0.0208070983456,0.136968689653,0.14410335861,0.0154638250412,0.124193637973,20,12,6,20,3.05730097875e-05,1.42641434465e-06,3.05730097875e-05,0.0132308248711,0.00144547193932,0.000362811634251,3.05730097875e-05,1.42641434465e-06,3.05730097875e-05,0.169375229076,0.646091505891,0.16936901172
813,0.20133371344,0.0361796065669,0.0368526654858,0.0608551804182,0.031507339389,0.0434968956712,0.119700464681,0.0404950432331,0.021103843365,0.122097658058,0.200754576344,0.0856230133475,20,12,6,20,5.01355175384e-06,2.33912270627e-07,5.01355175384e-06,0.00777315652016,0.00259596377107,0.000356555929385,5.01355175384e-06,2.33912270627e-07,5.01355175384e-06,0.17013506044,0.648989926116,0.170128815192
814,0.150356298629,0.155930337568,0.0476711608965,0.0208057259244,0.163525086877,0.0380419279972,0.00828012716757,0.177919969003,0.0610246258334,0.0843169432564,0.0797207715185,0.0124070253294,20,12,6,20,0.000104320634574,4.86718352669e-06,0.000104320634574,0.0819376008904,0.000562743279024,0.00684010369049,0.000104320634574,4.86718352669e-06,0.000104320634574,0.156544728079,0.597148825455,0.1565389817
815,0.152403269265,0.0332948544732,0.0184662869412,0.0968932809921,0.0904341799134,0.116010182188,0.190921547835,0.208541919621,0.0256691188529,0.00785793394356,0.0341215991841,0.0253858267904,20,12,6,20,0.000202139902623,9.43103929678e-06,0.000202139902623,0.252429733276,0.0026682303816,0.0040600867477,0.000202139902623,9.43103929678e-06,0.000202139902623,0.127270086007,0.485479027669,0.127265414229
816,0.00800727059329,0.0466334160172,0.134972311243,0.0123760734844,0.162784347564,0.0483251702311,0.158557574725,0.0482565398153,0.186011485054,0.0460127779401,0.00296654887866,0.145096484454,20,12,6,20,8.63383495335e-05,4.02820203584e-06,8.63383495335e-05,0.0473603418218,0.00645366698255,0.0008232756607,8.63383495335e-05,4.02820203584e-06,8.63383495335e-05,0.16252574927,0.619963773122,0.162519783341
817,0.0125515607907,0.0386458334712,0.0720932051927,0.115839509963,0.0109463056758,0.0523542484158,0.219780352912,0.0378202492188,0.00920928209863,0.0147219037208,0.407609943586,0.00842760495486,20,12,6,20,5.96728501314e-05,2.78409649573e-06,5.96728501314e-05,0.00995421238375,0.00167323910094,0.000756246373828,5.96728501314e-05,2.78409649573e-06,5.96728501314e-05,0.169811429421,0.647755417073,0.169805196053
818,0.000418695095112,0.10164235605,0.00651163370313,0.161863284493,0.0374432197604,0.259143152321,0.229262711683,0.0227538450329,0.0258354476296,0.0060295650841,0.129899798463,0.0191962906852,20,12,6,20,0.000495142040522,2.31013470426e-05,0.000495142040522,0.0214377917724,0.00874494566629,0.00671907045497,0.000495142040522,2.31013470426e-05,0.000495142040522,0.165288163717,0.630501161146,0.165282096387
819,0.00853235306565,0.138485746442,0.096510345337,0.00937451885766,0.113287077564,0.101410884701,0.0604909038403,0.031432186165,0.129532667322,0.164548232871,0.0910245620798,0.0553705217546,20,12,6,20,4.7987479389e-05,2.23890383837e-06,4.7987479389e-05,0.027461804356,0.00046966453276,0.000315110670074,4.7987479389e-05,2.23890383837e-06,4.7987479389e-05,0.167091506127,0.637380113988,0.167085372601
820,0.245380500346,0.0691500801486,0.0655021919986,0.152034447411,0.049717749711,0.00777325265513,0.0805766206895,0.0631370053177,0.0745784053336,0.0332798868073,0.11331772743,0.0455521321511,20,12,6,20,0.00011067116692,5.16347396383e-06,0.00011067116692,0.0804047757107,0.00132571398134,0.0065919143317,0.00011067116692,5.16347396383e-06,0.00011067116692,0.156715343889,0.597799649225,0.156709591247
821,0.000338067899487,0.163969212715,0.269606920517,0.0156816519683,0.0632912426268,0.0327108402032,0.0353288571594,0.0647517337903,0.0598751670394,0.0588008557824,0.209685670904,0.0259597793951,20,12,6,20,2.67811124868e-05,1.24949958418e-06,2.67811124868e-05,0.00743532533624,0.00109640874332,0.00169818266164,2.67811124868e-05,1.24949958418e-06,2.67811124868e-05,0.170204998805,0.649256710015,0.17019875099
822,0.0489002226938,0.31132127311,0.040453391358,0.00389145000856,0.0868820695854,0.0641065584413,0.0718249179145,0.0640726765538,0.0392326411842,0.0176916615823,0.105695062634,0.145928074935,20,12,6,20,8.88261448509e-05,4.14427261416e-06,8.88261448509e-05,0.00419605532352,0.000472921505871,0.00375212663408,8.88261448509e-05,4.14427261416e-06,8.88261448509e-05,0.170472405824,0.650276749395,0.170466148193
823,0.0304688820038,0.0381680413458,0.00168423878283,0.0601588179845,0.133655069078,0.00577125089813,0.0557613528254,0.0765517433531,0.224295214406,0.200451092486,0.138831513826,0.0342027830108,20,12,6,20,3.67568471019e-05,1.71492745839e-06,3.67568471019e-05,0.00711425433718,0.00439028905286,0.000163110420413,3.67568471019e-05,1.71492745839e-06,3.67568471019e-05,0.169950709418,0.648286708592,0.169944470937
824,0.0292874834042,0.208164719041,0.000594114430938,0.0254640026185,0.050900180422,0.0642445829146,0.15547426281,0.0387471129882,0.0899313348624,0.106588946687,0.181568456113,0.0490348037082,20,12,6,20,4.10946448513e-05,1.91731175018e-06,4.10946448513e-05,0.0142622404539,0.00142739028076,0.00147753905379,4.10946448513e-05,1.91731175018e-06,4.10946448513e-05,0.16900183119,0.644667158279,0.16899562754
825,0.0264840646792,0.184985268197,0.0339057891725,0.056787435917,0.224889568463,0.0732751460477,0.227442903186,0.00719949683706,0.0109852178967,0.0554922520657,0.0585931549071,0.039959702631,20,12,6,20,0.000188731880937,8.80547463701e-06,0.000188731880937,0.00850503750318,0.00487737685613,0.00932402527189,0.000188731880937,8.80547463701e-06,0.000188731880937,0.167945235881,0.640636714998,0.167939071017
826,0.0197522552825,0.00787057610263,0.0773652124407,0.151203506435,0.1950066029,0.0625481444034,0.154331092423,0.0322746220195,0.0279341752059,0.108372084532,0.0606256867616,0.102716041493,20,12,6,20,3.54156500589e-05,1.65235256915e-06,3.54156500589e-05,0.059095842868,0.0010460399329,0.000163090926062,3.54156500589e-05,1.65235256915e-06,3.54156500589e-05,0.161586850398,0.616382289636,0.161580918934
827,0.272693152711,0.115226522387,0.00387157903868,0.178005849635,0.00364321627715,0.186541384212,0.0824879882698,0.0121238326603,0.0284726533923,0.0616267546908,0.000753017891383,0.0545540488345,20,12,6,20,6.82574431155e-07,3.184619266e-08,6.82574431155e-07,1.13858657962e-05,3.21266463299e-05,1.06915697697e-05,6.82574431155e-07,3.184619266e-08,6.82574431155e-07,0.171973423573,0.656002467512,0.171967110843
828,0.0174304240041,0.0215646453344,0.0690266306365,0.0354865122103,0.0014014817168,0.234265345956,0.126435248006,0.130807231711,0.0842088788258,0.27158882353,0.00138945270667,0.00639532536231,20,12,6,20,2.95941843832e-05,1.38074626658e-06,2.95941843832e-05,0.0363003034291,0.000122842744853,0.00161399304698,2.95941843832e-05,1.38074626658e-06,2.95941843832e-05,0.16542064262,0.631006509502,0.165414570427
829,0.0608845149442,0.0701726317765,0.197947587276,0.107161237437,0.0169433171233,0.0571206867318,0.0494269677433,0.0734094410681,0.0463681541896,0.0222806643591,0.0462424065005,0.252042390851,20,12,6,20,8.09708155173e-05,3.77777436878e-06,8.09708155173e-05,0.00906992491963,0.00138076804945,0.00418958884726,8.09708155173e-05,3.77777436878e-06,8.09708155173e-05,0.169408341469,0.646217815007,0.169402122897
830,0.159766613047,0.050190357438,0.0692530270922,0.012944964877,0.0993016518687,0.102334201577,0.00259105204943,0.0416568863859,0.159672806912,0.0397240946141,0.219705206552,0.0428591375863,20,12,6,20,2.68256677236e-05,1.25157835331e-06,2.68256677236e-05,0.0253732944473,0.00454156360732,0.000462573340041,2.68256677236e-05,1.25157835331e-06,2.68256677236e-05,0.166739932867,0.636039017664,0.166733812246
831,0.0390638727966,0.0608735678477,0.00502063901444,0.0286581977351,0.0898832237928,0.0966230877649,0.119438961082,0.0329572840451,0.118333622717,0.157843363198,0.0512170273549,0.200087152651,20,12,6,20,7.0954082407e-05,3.31043366878e-06,7.0954082407e-05,0.0143429196966,0.00181746334795,0.000182820899934,7.0954082407e-05,3.31043366878e-06,7.0954082407e-05,0.169122519017,0.645127528905,0.169116310937
832,0.230171245335,0.0482436113251,0.162020020953,0.0491565773101,0.0697404785518,0.0379411180758,0.0831836533337,0.0746138533709,0.0634792233316,0.0945098491329,0.0552722522187,0.0316681170608,20,12,6,20,8.26972324354e-05,3.85832207651e-06,8.26972324354e-05,0.0640192314684,0.00643051381196,0.00103064312648,8.26972324354e-05,3.85832207651e-06,8.26972324354e-05,0.15963158119,0.608923803329,0.1596257215
833,0.0646689089985,0.00788185031227,0.0984241749706,0.00193790321859,0.0777122324531,0.0510042408873,0.195319805412,0.127378665594,0.221722690026,0.0141440898949,0.0998118544488,0.0399935837831,20,12,6,20,4.89373026059e-05,2.28321879038e-06,4.89373026059e-05,0.0207858719843,0.0069978623535,0.00404766189124,4.89373026059e-05,2.28321879038e-06,4.89373026059e-05,0.166474309133,0.635025780727,0.166468198263
834,0.257029880733,0.0278548815921,0.00564236941016,0.00378856768859,0.110633772258,0.0148323997808,0.0643243990444,0.020696380922,0.175701987128,0.199240805652,0.0172713763632,0.102983179427,20,12,6,20,1.54524593498e-05,7.20949943426e-07,1.54524593498e-05,0.0232560719698,0.000456073570464,0.000496267965658,1.54524593498e-05,7.20949943426e-07,1.54524593498e-05,0.167808906989,0.640116680638,0.167802747129
835,0.124964793286,0.217602291572,0.000583961658846,0.0187337211928,0.111410018288,0.0260661233794,0.132124515461,0.00737111355668,0.133969372497,0.0361226748181,0.0281772388571,0.162874175433,20,12,6,20,0.00011145574819,5.20007938756e-06,0.00011145574819,0.0201368081965,0.00309978412877,0.00222734375938,0.00011145574819,5.20007938756e-06,0.00011145574819,0.167525393674,0.639035202869,0.167519244221
836,0.0192185481505,0.0143581252447,0.0565471641767,0.245823516665,0.068299032759,0.136427374855,0.041103118437,0.151688911673,0.00143854598795,0.0221705686557,0.19000816044,0.0529169329557,20,12,6,20,6.24932847936e-05,2.91568669533e-06,6.24932847936e-05,0.0130290871394,0.00788616539763,0.00101357515971,6.24932847936e-05,2.91568669533e-06,6.24932847936e-05,0.168167841664,0.641485857499,0.168161668628
837,0.0223327819208,0.130136814661,0.0660157154133,0.084152184278,0.0550675054088,0.0737218473058,0.0898884978107,0.0992288626176,0.0227381922504,0.147134010306,0.055455782689,0.154127805339,20,12,6,20,7.59495017362e-06,3.543499953e-07,7.59495017362e-06,0.00893814592958,0.0051659517891,6.18415474181e-05,7.59495017362e-06,3.543499953e-07,7.59495017362e-06,0.169541575646,0.646726044403,0.169535352184
838,0.111486069427,0.0862969512562,0.0251414207816,0.1903127972,0.132289507687,0.0733412005981,0.0418653403099,0.0101658329618,0.0398713843147,0.000698886318549,0.175872177382,0.112658431763,20,12,6,20,0.000201289501061,9.3913629615e-06,0.000201289501061,0.021253111122,0.000875349265422,0.00627829606448,0.000201289501061,9.3913629615e-06,0.000201289501061,0.166956036677,0.636863358017,0.166949908124
839,0.0392667764283,0.130606231884,0.0403415848049,0.0135757683954,0.100818911074,0.022140571134,0.178577238761,0.0222372569978,0.138783187316,0.0122729584436,0.119503960871,0.181875553891,20,12,6,20,6.1022925716e-05,2.8470856222e-06,6.1022925716e-05,0.0104135336759,0.00126982266941,0.00098387434058,6.1022925716e-05,2.8470856222e-06,6.1022925716e-05,0.169761716103,0.647565782777,0.16975548456
840,0.123981204795,0.177000672413,0.0446835250644,0.138636132399,0.0249618121082,0.1376575314,0.0354555486635,0.0576044201554,0.0858185134128,0.0896243054227,0.0726545110042,0.0119218231618,20,12,6,20,0.000136065622412,6.34827767928e-06,0.000136065622412,0.02052571192,0.00557243907925,0.00864520943207,0.000136065622412,6.34827767928e-06,0.000136065622412,0.165912163453,0.632881443853,0.165906073217
841,0.0996687724707,0.0290162525998,0.221100910648,0.0220703828045,0.00592677334591,0.148683168732,0.0142840920437,0.0259832613998,0.0987028403293,0.15239006201,0.0046965996828,0.177476883933,20,12,6,20,3.17949153755e-05,1.48342357176e-06,3.17949153755e-05,0.0109918863808,0.000367782706904,0.00262403367661,3.17949153755e-05,1.48342357176e-06,3.17949153755e-05,0.169555880952,0.64678061281,0.169549656965
842,0.000470016637066,0.0337954990004,0.0266608737313,0.310707347853,0.0078375282626,0.0165569964101,0.251042247535,0.021202043127,0.0103813445371,0.038470560501,0.188413266514,0.0944622758902,20,12,6,20,1.44445038482e-05,6.73922771543e-07,1.44445038482e-05,0.0540524437741,0.00071339127529,0.000870021356376,1.44445038482e-05,6.73922771543e-07,1.44445038482e-05,0.162404623547,0.619501732121,0.162398662065
843,0.152330100707,0.0682677055912,0.127281048778,0.161067630069,0.00505699620596,0.0021908176475,0.248863908089,0.012141421976,0.0122525061458,0.145434516657,0.056866608491,0.00824673964098,20,12,6,20,0.000140654956078,6.56239763078e-06,0.000140654956078,0.035337468304,0.0020018666405,0.00631713104305,0.000140654956078,6.56239763078e-06,0.000140654956078,0.164376027999,0.627021767242,0.164369994152
844,0.0107640628207,0.0755572861081,0.13504638913,0.127414000404,0.0683882126624,0.0355600537065,0.247710804292,0.031241685529,0.0983937689276,0.0106426580986,0.123216599009,0.0360644793122,20,12,6,20,0.000239544284002,1.11761781144e-05,0.000239544284002,0.0172248443886,0.00699081339029,0.0041361792215,0.000239544284002,1.11761781144e-05,0.000239544284002,0.166938551261,0.636796658896,0.16693242335
845,0.0360863582835,0.0887194033217,0.0671582300019,0.108646043085,0.120827736775,0.111989482301,0.0924957391264,0.0520993238904,0.00724324480529,0.0622882250844,0.0669127579543,0.185533455372,20,12,6,20,4.6012929907e-05,2.14677925774e-06,4.6012929907e-05,0.0268624576702,0.00108160606072,0.000849504653237,4.6012929907e-05,2.14677925774e-06,4.6012929907e-05,0.16699882327,0.637026569922,0.166992693146
846,0.0374721713084,0.165692733288,0.0429378174582,0.0578444379704,0.0553783337383,0.041680987647,0.158084343718,0.0511642021691,0.122240978982,0.178963336134,0.0832147628169,0.00532589476999,20,12,6,20,7.55685290203e-05,3.52572528997e-06,7.55685290203e-05,0.0298850734997,0.00183517899006,0.00391929108073,7.55685290203e-05,3.52572528997e-06,7.55685290203e-05,0.16580062379,0.632455969424,0.165794537649
847,0.0947943336433,0.00613558178466,0.314419197029,0.00768764419415,0.0214535250577,0.0859456431301,0.127721212033,0.129231325011,0.00217122771562,0.0918827802893,0.038886644511,0.0796708856008,20,12,6,20,0.000128330360672,5.98738130753e-06,0.000128330360672,0.0392559538095,0.0025018899488,0.00674632729937,0.000128330360672,5.98738130753e-06,0.000128330360672,0.163550980322,0.623874575654,0.16354497676
848,0.0299870249398,0.0344117146337,0.102974264082,0.0578850855266,0.0504178874508,0.00689808251993,0.321809730809,0.0204180063165,0.111768357021,0.00938383162331,0.0930155013056,0.161030513771,20,12,6,20,6.06155683791e-05,2.8280799583e-06,6.06155683791e-05,0.0567722988652,0.000505738653137,0.00099579894469,6.06155683791e-05,2.8280799583e-06,6.06155683791e-05,0.161918431674,0.617647125391,0.161912488039
849,0.038543771157,0.0136247945004,0.0298989925273,0.0088582386089,0.0525358967333,0.174789052056,0.257820245811,0.00664007041219,0.159993363925,0.212274741672,0.0101584144861,0.0348624181116,20,12,6,20,3.68081268768e-05,1.71731996756e-06,3.68081268768e-05,0.00109661943364,0.0040584443417,0.000190438598963,3.68081268768e-05,1.71731996756e-06,3.68081268768e-05,0.171037977319,0.652434154232,0.171031698927
850,0.124214898187,0.00534293293505,0.0270638629504,0.014457147835,0.0184727152513,0.195257903164,0.138466928692,0.207797317976,0.0746199919948,0.135635195122,0.0435749032855,0.0150962026068,20,12,6,20,4.1851358463e-05,1.95261698045e-06,4.1851358463e-05,0.0609624255104,0.00107587923955,0.00682757893541,4.1851358463e-05,1.95261698045e-06,4.1851358463e-05,0.160109986867,0.610748709165,0.160104109615
851,0.0451046517057,0.0326007145274,0.0643990647444,0.00956725946214,0.00540609287549,0.0325222230232,0.1026513049,0.0125690122681,0.261269560742,0.0883222336948,0.13090311356,0.214684768496,20,12,6,20,4.78282651277e-05,2.2314755378e-06,4.78282651277e-05,0.0023503725027,0.000387511570789,0.00163838168162,4.78282651277e-05,2.2314755378e-06,4.78282651277e-05,0.171196911792,0.653040418876,0.171190627566
852,0.0245913466384,0.0654160766632,0.0665775848506,0.0245298689494,0.178301574022,0.078632331205,0.0800442907732,0.0391999329968,0.160207690779,0.0888399412267,0.143712397791,0.0499469641044,20,12,6,20,7.12749331018e-05,3.3254032788e-06,7.12749331018e-05,0.0186854038684,0.00163134178952,0.00193461093523,7.12749331018e-05,3.3254032788e-06,7.12749331018e-05,0.16810618999,0.64125068366,0.168100019217
853,0.0900301387273,0.23676200873,0.0415193406225,0.0094327689103,0.198847133377,0.0309913384662,0.129839676598,0.00940207131812,0.0340939068162,0.104325539475,0.0223329266631,0.0924231502957,20,12,6,20,8.23279067872e-05,3.84109081907e-06,8.23279067872e-05,0.0142549985715,0.00431003710692,0.00106363836296,8.23279067872e-05,3.84109081907e-06,8.23279067872e-05,0.168549466313,0.642941586567,0.168543279269
854,0.23938948222,0.0414863969463,0.18149141039,0.0103614412651,0.0764555088422,0.0904846813048,0.0342318997056,0.0132816649646,0.169620720572,0.0622608292708,0.0361494955132,0.0447864690054,20,12,6,20,7.79751328148e-06,3.63800779661e-07,7.79751328148e-06,1.88175796562e-05,0.00148265753648,9.69916212731e-06,7.79751328148e-06,3.63800779661e-07,7.79751328148e-06,0.171717840356,0.655027530702,0.171711537008
855,0.125224245874,0.138664345025,0.185513626722,0.075372142959,0.0575886754486,0.0345300417124,0.0200373279642,0.168584513683,0.0555028248284,0.00673618813485,0.0918091255243,0.0404369421242,20,12,6,20,0.000168459559508,7.85964920841e-06,0.000168459559508,0.102765166006,0.00299810899823,0.00179389255137,0.000168459559508,7.85964920841e-06,0.000168459559508,0.153366605269,0.585025694088,0.153360975551
856,0.00534763667296,0.0477346514959,0.00156579840824,0.138450938807,0.113567789743,0.0186954837043,0.134763033339,0.0428034857429,0.0829653580556,0.150544643717,0.0209606441068,0.242600536207,20,12,6,20,1.94212518775e-05,9.06117927596e-07,1.94212518775e-05,0.0187475198924,0.00103012232495,0.00080255289754,1.94212518775e-05,9.06117927596e-07,1.94212518775e-05,0.168430105739,0.642486278826,0.168423923077
857,0.120498174343,0.0531555743371,0.160585506015,0.0748347065159,0.0175866377907,0.0402711217362,0.0568687662396,0.0124281314963,0.146280782656,0.0418046243835,0.208639456255,0.0670465182324,20,12,6,20,0.000128932766404,6.01548714936e-06,0.000128932766404,0.0158326126179,0.00120501940193,0.00283933703793,0.000128932766404,6.01548714936e-06,0.000128932766404,0.1684739548,0.642653543576,0.168467770527
858,0.00775011672333,0.0439326663393,0.127807667301,0.0519974677659,0.0996235177767,0.311205796148,0.0830147703889,0.116699596472,0.0370532421585,0.0381977894531,0.041338065767,0.0413793037073,20,12,6,20,0.000361396032911,1.68612933115e-05,0.000361396032911,0.0502545053751,0.00782128700998,0.00658689464802,0.000361396032911,1.68612933115e-05,0.000361396032911,0.160607912807,0.612648076164,0.160602017278
859,0.186930801967,0.067907647426,0.0052366611622,0.0993522839689,0.109382603847,0.0448961607905,0.177147415365,0.0512481454344,0.0694580366352,0.131135810482,0.0107619516455,0.0465424812762,20,12,6,20,3.42562936008e-05,1.59826163424e-06,3.42562936008e-05,0.019295485285,0.0136669876849,0.000470751492097,3.42562936008e-05,1.59826163424e-06,3.42562936008e-05,0.166209156697,0.634014341583,0.16620305556
860,0.0433736328017,0.120188768783,0.133810253346,0.0514118187515,0.0466877883516,0.328950728305,0.0241867671495,0.113517000855,0.00606017274078,0.0509420034883,0.0744626433292,0.00640842209886,20,12,6,20,0.000122605322802,5.72027394067e-06,0.000122605322802,0.0805228546533,0.0155151227013,0.00356722654926,0.000122605322802,5.72027394067e-06,0.000122605322802,0.154766490145,0.590365635072,0.15476080904
861,0.169154666864,0.187323194051,0.0123487504106,0.017465949916,0.110950528443,0.0863420854494,0.0787027174955,0.142261254581,0.0638941802035,0.0460260759517,0.0637862685332,0.0217443281018,20,12,6,20,0.000228692666582,1.0669885052e-05,0.000228692666582,0.0675230309857,0.00575472294338,0.0126419366969,0.000228692666582,1.0669885052e-05,0.000228692666582,0.157045485397,0.599058992905,0.157039720636
862,0.0405455066389,0.0720121977161,0.192931183935,0.0575057100405,0.0128330487961,0.0311225739506,0.188724699982,0.110107842393,0.0211898320145,0.0333424983423,0.172025418608,0.0676594875826,20,12,6,20,5.0219576362e-05,2.34304455475e-06,5.0219576362e-05,0.0400033242512,0.000965793299646,0.0040381199175,5.0219576362e-05,2.34304455475e-06,5.0219576362e-05,0.164207382751,0.626378460291,0.164201355095
863,0.154792900377,0.100552632873,0.143642459626,0.0450806836856,0.0365307250075,0.0993571945627,0.148647301133,0.00493100225778,0.0638706924781,0.0178551389537,0.0932430796438,0.0914961894019,20,12,6,20,0.000152661926229,7.12259483016e-06,0.000152661926229,0.0558861202669,0.00287971930976,0.000490621701906,0.000152661926229,7.12259483016e-06,0.000152661926229,0.1616846378,0.616755305279,0.161678702747
864,0.229950555141,0.0234762585067,0.0354008960732,0.226682032001,0.0875031901485,0.0446773394108,0.142495408151,0.0870746225872,0.0811586833867,0.0297400040137,0.0105039344896,0.00133707608992,20,12,6,20,0.00116531556311,5.43689629124e-05,0.00116531556311,0.14999368501,0.0526163743229,0.0319968875632,0.00116531556311,5.43689629124e-05,0.00116531556311,0.130814406629,0.498999041549,0.130809604748
865,0.156892881401,0.00509919338866,0.128054343441,0.0374884116691,0.129943165201,0.114776783653,0.111494735593,0.0577497616716,0.0661244102551,0.01066814432,0.171754262292,0.00995390711511,20,12,6,20,1.78615123913e-06,8.33346722129e-08,1.78615123913e-06,2.42949165596e-05,0.000584988001211,2.86461721011e-06,1.78615123913e-06,8.33346722129e-08,1.78615123913e-06,0.171876689761,0.655633470848,0.171870380582
866,0.219827154561,0.04822738187,0.118043884182,0.0119653824723,0.0259486053928,0.0144289092099,0.000984111502212,0.225971782284,0.0247633568533,0.0563015568285,0.0200724611789,0.233465413666,20,12,6,20,7.81448132133e-05,3.64592440528e-06,7.81448132133e-05,0.0188611826876,0.00412544950605,0.000413923948046,7.81448132133e-05,3.64592440528e-06,7.81448132133e-05,0.167903710679,0.640478314739,0.167897547339
867,0.0471778583002,0.166970631957,0.0215961579226,0.0337853932301,0.0966106807386,0.0494665675122,0.0448319062164,0.0358830247896,0.0500679151621,0.074012384708,0.0294058284288,0.350191651034,20,12,6,20,7.09501410481e-06,3.31024978074e-07,7.09501410481e-06,0.0100431105607,0.00103931131156,0.000123872406427,7.09501410481e-06,3.31024978074e-07,7.09501410481e-06,0.170050936885,0.648669032004,0.170044694726
868,0.055314747765,0.10005536487,0.123043586289,0.0643406372165,0.036553780082,0.0838646591161,0.125413658727,0.0737815362364,0.0342696108589,0.0634500659849,0.146925104427,0.0929872484272,20,12,6,20,8.54842261949e-05,3.98835205735e-06,8.54842261949e-05,0.00387087422559,0.00313786651765,0.00112658103904,8.54842261949e-05,3.98835205735e-06,8.54842261949e-05,0.170523908127,0.650473207876,0.170517648606
869,0.14407909193,0.00713731329102,0.192187999556,0.0521615003574,0.236685645403,0.0844474784038,0.0369444181501,0.0207618964975,0.112201671431,0.0244247499397,0.00647722434897,0.0824910106912,20,12,6,20,8.14040572612e-05,3.79798769558e-06,8.14040572612e-05,0.138209938906,0.000319153224529,0.0100220829771,8.14040572612e-05,3.79798769558e-06,8.14040572612e-05,0.146377609012,0.558365767833,0.146372235843
870,0.0489551268371,0.0492837463436,0.0614781263031,0.038505949829,0.108647394658,0.0563328305053,0.0346942133885,0.0494916641712,0.174746776707,0.105722624571,0.0806847971345,0.191456749552,20,12,6,20,3.61219641324e-05,1.68530635856e-06,3.61219641324e-05,0.00554097666724,0.00133658902824,0.0021495363464,3.61219641324e-05,1.68530635856e-06,3.61219641324e-05,0.170405286976,0.650020720705,0.170399031808
871,0.00720680269424,0.101351724349,0.0553633641053,0.0070889098828,0.0201235551237,0.0880107959388,0.026750326952,0.129053751411,0.0460934510938,0.283318030835,0.116345336577,0.119293951037,20,12,6,20,1.17620007427e-05,5.48767906653e-07,1.17620007427e-05,0.00111186741976,0.00098199868849,0.000203601692881,1.17620007427e-05,5.48767906653e-07,1.17620007427e-05,0.171579820135,0.654501044671,0.171573521854
872,0.035316580913,0.106841960573,0.1368383117,0.0158778529379,0.0644158351699,0.119807845597,0.0257309581888,0.222560756975,0.0799715390281,0.156587074504,0.0245962508594,0.011455033553,20,12,6,20,0.000201430645941,9.397948217e-06,0.000201430645941,0.0414912020023,0.00133135021168,0.00780149016487,0.000201430645941,9.397948217e-06,0.000201430645941,0.163134936801,0.622287553829,0.163128948511
873,0.0683913392134,0.0246694031549,0.00152130380207,0.07311823374,0.0510555535207,0.111848729081,0.12352175806,0.150487439416,0.203568179437,0.1549726528,0.0195554133342,0.0172899944402,20,12,6,20,6.34058542118e-05,2.95826353411e-06,6.34058542118e-05,0.0196841721429,0.0141719545667,0.000634345343467,6.34058542118e-05,2.95826353411e-06,6.34058542118e-05,0.166006807109,0.633242467495,0.166000713399
874,0.374290110134,0.0587040142393,0.0520636604355,0.0791388316216,0.000970990248028,0.0129351832532,0.0393975509139,0.119810694834,0.12234888558,0.0227649895774,0.0540445959462,0.0635304932168,20,12,6,20,0.000104203132593,4.86170135425e-06,0.000104203132593,0.000753591585101,0.00763403203635,0.00289106163753,0.000104203132593,4.86170135425e-06,0.000104203132593,0.16997012458,0.648360768841,0.169963885387
875,0.00732587585005,0.103201392373,0.0451643329652,0.0169749468492,0.215572628528,0.123635663298,0.0726670610469,0.128605810542,0.148217401789,0.00269291285053,0.0312384330114,0.104703540897,20,12,6,20,0.000140450215694,6.55284526343e-06,0.000140450215694,0.150891844174,0.00315203482833,0.00137504328623,0.000140450215694,6.55284526343e-06,0.000140450215694,0.14515490432,0.553701690804,0.145149576034
876,0.0387535543664,0.0571363096814,0.0582001192396,0.0273346112167,0.0629755399348,0.137928571733,0.00292926908538,0.0102246697935,0.0593604456064,0.171389508383,0.0795498955172,0.294217505442,20,12,6,20,1.60250701643e-05,7.47665673586e-07,1.60250701643e-05,0.0125966803588,0.000310514570714,0.000610349383042,1.60250701643e-05,7.47665673586e-07,1.60250701643e-05,0.169647154058,0.647128779297,0.16964092672
877,0.0344679432602,0.0958429030212,0.0190108364608,0.0213214669279,0.0157964295186,0.0749905765465,0.1355998588,0.000533227359158,0.0347470626869,0.391941872644,0.0458812277166,0.129866595058,20,12,6,20,7.15598119702e-06,3.33869458728e-07,7.15598119702e-06,0.00279048072169,0.000653611339563,0.000174783863742,7.15598119702e-06,3.33869458728e-07,7.15598119702e-06,0.171355802653,0.653646517163,0.171349512595
878,0.078806381153,0.0665343004512,0.0122658270359,0.0817996938147,0.118769962504,0.237587606138,0.222705266885,0.00170853307975,0.0288400134785,0.0715893312799,0.0567276994892,0.0226653846912,20,12,6,20,0.000420876116669,1.96363960993e-05,0.000420876116669,0.0768048380285,0.00101108469702,0.00967619128679,0.000420876116669,1.96363960993e-05,0.000420876116669,0.156639761452,0.597511335693,0.156634011584
879,0.00660283758961,0.0686852259941,0.382893430968,0.0124717903754,0.0499087655094,0.0550275035404,0.0553027578794,0.0312058502884,0.0950701773834,0.107900645516,0.00755199236471,0.127379022591,20,12,6,20,5.91573523802e-05,2.76004543265e-06,5.91573523802e-05,0.0190551748316,0.00870069916414,0.000688829696862,5.91573523802e-05,2.76004543265e-06,5.91573523802e-05,0.167049568721,0.637220141351,0.167043436734
880,0.0446308929239,0.085553696501,0.00129536127013,0.126134342602,0.0130190537672,0.160687417698,0.136731445628,0.112696551331,0.00130327176083,0.00799593996933,0.250750190705,0.0592018358435,20,12,6,20,5.37047135324e-05,2.50564711457e-06,5.37047135324e-05,0.0240968615411,0.0035176624319,0.000926320584298,5.37047135324e-05,2.50564711457e-06,5.37047135324e-05,0.167036872659,0.637171711497,0.167030741139
881,0.0228056108072,0.0497463938552,0.0035041018875,0.0850721529296,0.0958296144323,0.0380252794054,0.0139751800037,0.257435645149,0.0392843313039,0.267730741301,0.110328741591,0.0162622073339,20,12,6,20,3.21366679629e-05,1.49936838048e-06,3.21366679629e-05,0.00853417871337,0.00197327571296,0.00199647275383,3.21366679629e-05,1.49936838048e-06,3.21366679629e-05,0.169810136944,0.647750486844,0.169803903623
882,0.136106637094,0.0112029527538,0.0116357736022,0.0171313284234,0.098585842984,0.0662991662297,0.0862372420929,0.100824742405,0.00798671821401,0.238749430811,2.5922633234e-05,0.225214242756,20,12,6,20,1.30377239663e-05,6.08288049374e-07,1.30377239663e-05,0.0181344994608,0.000716714832207,0.000312947483147,1.30377239663e-05,6.08288049374e-07,1.30377239663e-05,0.168678133604,0.643432395311,0.168671941837
883,0.0037643609219,0.00069028156215,0.108948112837,0.322742474236,0.00641522282577,0.175299227074,0.0539437644219,0.044635261484,0.0378597640582,0.0943309558919,0.034295447734,0.117075126953,20,12,6,20,2.79736030972e-05,1.3051364261e-06,2.79736030972e-05,0.077250530278,0.000450478448007,0.00216660984155,2.79736030972e-05,1.3051364261e-06,2.79736030972e-05,0.158227642683,0.603568399536,0.158221834528
884,0.138774799579,0.115333260024,0.0211868210664,0.180360254351,0.0925074732556,0.0681650347682,0.18828459776,0.0565347537102,0.0219536581415,0.0114003407668,0.0293206587508,0.076178347827,20,12,6,20,0.000341364974276,1.59267242398e-05,0.000341364974276,0.0376410401056,0.019935527698,0.0029523813407,0.000341364974276,1.59267242398e-05,0.000341364974276,0.16133294787,0.615413763913,0.161327025727
885,0.0160713197592,0.0478238340184,0.0174133921582,0.103426302216,0.078933358298,0.0110636208029,0.0638302319312,0.191660470602,0.174859024146,0.0216362061443,0.272737403904,0.000544836020617,20,12,6,20,0.000101336093505,4.72793677858e-06,0.000101336093505,0.017805266564,0.00203806049259,0.00358707777163,0.000101336093505,4.72793677858e-06,0.000101336093505,0.167882250985,0.640396455507,0.167876088432
886,0.142515666611,0.131334505823,0.101291841193,0.0659149395617,0.0977767446909,0.0223090629461,0.0913366711614,0.0310220686416,0.182599526431,0.0264300605765,0.0185879717613,0.0888809406025,20,12,6,20,3.24023906713e-05,1.51176593916e-06,3.24023906713e-05,0.133287563172,0.00459717194146,0.000432382750912,3.24023906713e-05,1.51176593916e-06,3.24023906713e-05,0.148172191437,0.565211305211,0.148166752393
887,0.0136508477317,0.0851932186986,0.127892373827,0.159349281096,0.0874031363879,0.00636176094986,0.0290935849244,0.223586004488,0.0223501782346,0.161017815183,0.0227162013442,0.0613855971353,20,12,6,20,8.73464341935e-05,4.07523523373e-06,8.73464341935e-05,0.0439447368811,0.00465281871176,0.00339133250935,8.73464341935e-05,4.07523523373e-06,8.73464341935e-05,0.162980519348,0.621698519616,0.162974536726
888,0.0192635603825,0.0472208726182,0.177123725701,0.0309512660949,0.088260548168,0.130272930658,0.0221175539615,0.0992366317527,0.327830856663,0.0270123607095,0.00985851048492,0.0208511828063,20,12,6,20,0.000477459171068,2.22763350854e-05,0.000477459171068,0.100103347717,0.0598302338966,0.00113207945633,0.000477459171068,2.22763350854e-05,0.000477459171068,0.143946512064,0.549092209377,0.143941228135
889,0.0920725609035,0.0437166200772,0.0190826691303,0.0109083864208,0.121703072455,0.0947797181535,0.261062094471,0.017149833664,0.159523383614,0.0599143680137,0.0592612311478,0.0608260619487,20,12,6,20,4.43899204768e-05,2.07105612976e-06,4.43899204768e-05,0.0835011972725,0.00528972912904,0.000356886292444,4.43899204768e-05,2.07105612976e-06,4.43899204768e-05,0.156620048181,0.597436138294,0.156614299037
890,0.190644495336,0.0874940385712,0.118601007976,0.0388833616328,0.0803796756569,0.0373069034127,0.0106335088413,0.161792479002,0.0579915425086,0.0678265553984,0.0222144860059,0.126231945659,20,12,6,20,1.44665927862e-05,6.74953353033e-07,1.44665927862e-05,0.0696413916414,0.00246644239174,0.00254945936751,1.44665927862e-05,6.74953353033e-07,1.44665927862e-05,0.159133239894,0.607022851931,0.159127398497
891,0.0234713247817,0.000906137760102,0.0167089688083,0.0406111581939,0.0249891694565,0.0833664730422,0.0728404897467,0.0836901101239,0.314817242038,0.132870250002,0.166220279932,0.0395083961147,20,12,6,20,4.95463924722e-05,2.31163648718e-06,4.95463924722e-05,0.0177768287688,0.00140370696066,0.00326417199375,4.95463924722e-05,2.31163648718e-06,4.95463924722e-05,0.168088233319,0.64118218691,0.168082063205
892,0.120175487984,0.00197419040928,0.0911741244344,0.129938790685,0.108425864242,0.0930565173029,0.178018356112,0.0767500809087,0.0534230087796,0.0756211942167,0.0695137291575,0.00192865576827,20,12,6,20,0.000675079605048,3.14965140531e-05,0.000675079605048,0.0238930781917,0.00864612794737,0.00466256429361,0.000675079605048,3.14965140531e-05,0.000675079605048,0.165109902565,0.629821173776,0.165103841778
893,0.00310893613553,0.0711542015591,0.0354370788159,0.0247537979618,0.22155356856,0.075130776185,0.134312645355,0.0186738212549,0.00985079197306,0.22954204212,0.0956940228654,0.0807883172155,20,12,6,20,1.63658234387e-05,7.63563858355e-07,1.63658234387e-05,0.0243948864871,0.00129028529946,0.00181503812164,1.63658234387e-05,7.63563858355e-07,1.63658234387e-05,0.167242130233,0.63795467826,0.167235991178
894,0.125416194162,0.00718579595942,0.119593408913,0.0462366562522,0.0568663658084,0.00665436483156,0.0211108543567,0.12681691638,0.0507610235792,0.0511164946585,0.123810364232,0.264431560868,20,12,6,20,2.31253368677e-05,1.0789357169e-06,2.31253368677e-05,0.00244041369713,0.000424657166725,0.00190308441875,2.31253368677e-05,1.0789357169e-06,2.31253368677e-05,0.171146903758,0.652849660372,0.171140621368
895,0.0623902136471,0.0522637321227,0.0689773201391,0.00635197769321,0.189592851809,0.197611699722,0.00995589337493,0.0198960095423,0.0158240336319,0.123747153761,0.0999547223274,0.15343439223,20,12,6,20,2.97766164365e-05,1.38925781646e-06,2.97766164365e-05,0.030157532399,0.000829269722164,0.000335724201464,2.97766164365e-05,1.38925781646e-06,2.97766164365e-05,0.166575314981,0.635411073313,0.166569200403
896,0.232707561133,0.0956960964828,0.163194322557,0.0461823956846,0.0293035666538,0.104206264947,0.127752505751,0.0176544741156,0.118900663672,0.0188356762107,0.0314965058779,0.0140699669141,20,12,6,20,0.000681900006102,3.18147266847e-05,0.000681900006102,0.0186961411477,0.0213781219104,0.0336786013206,0.000681900006102,3.18147266847e-05,0.000681900006102,0.158818926071,0.605823883862,0.158813096211
897,0.0311180963113,0.00319287654035,0.0588479762009,0.160731644427,0.0126679620474,0.0223903369908,0.0737285768075,0.0850823694712,0.33240491491,0.135342450183,0.00570999365036,0.0787828024607,20,12,6,20,7.72036806679e-05,3.60201492524e-06,7.72036806679e-05,0.0624462832233,0.00211855545739,0.000980898200617,7.72036806679e-05,3.60201492524e-06,7.72036806679e-05,0.160656109063,0.612831923539,0.160650211764
898,0.267873155994,0.0106440755307,0.0167164731974,0.000454223429763,0.00790478319047,0.0706764342097,0.304557944076,0.0694801372429,0.0294337587644,0.126271708181,0.041236095806,0.0547512103774,20,12,6,20,3.89773320776e-05,1.81852640541e-06,3.89773320776e-05,0.088063996084,0.00170118014796,0.000251077320653,3.89773320776e-05,1.81852640541e-06,3.89773320776e-05,0.15647450128,0.596880941308,0.156468757478
899,0.212667107253,0.0124959013979,0.0134717124622,0.033655869562,0.0998157907524,0.105003514924,0.0142218768926,0.173202935517,0.152041119339,0.0319611589861,0.0998344679851,0.0516285449287,20,12,6,20,7.96118985347e-05,3.71437273804e-06,7.96118985347e-05,0.043108492409,0.00401149845206,0.00151153460015,7.96118985347e-05,3.71437273804e-06,7.96118985347e-05,0.163563374373,0.62392185347,0.163557370356
900,0.192583627198,0.0255915339516,0.0106263888446,0.110300229218,0.208806285843,0.0835173460386,0.0872486862429,0.0894951526578,0.0710073669691,0.0653862671003,0.0551305878392,0.000306528097216,20,12,6,20,0.000235926430623,1.10073835472e-05,0.000235926430623,0.00341052132535,0.00395640482286,0.0112835362514,0.000235926430623,1.10073835472e-05,0.000235926430623,0.168609571865,0.643170862632,0.168603382614
901,0.102301434466,0.135009113431,0.176718096251,0.0585896447453,0.0483073079948,0.0742752244424,0.106284137259,0.00592412978955,0.0720418462922,0.00158059504567,0.0432524914902,0.175715978792,20,12,6,20,5.19756518774e-05,2.42497601399e-06,5.19756518774e-05,0.0662999443736,0.00321226825713,0.000117232919352,5.19756518774e-05,2.42497601399e-06,5.19756518774e-05,0.159971539724,0.610220594613,0.159965667554
902,0.0504649553725,0.0660577839229,0.0592499719038,0.0381088290249,0.0138347487263,0.163864306804,0.208090978286,0.0909011988382,0.0575910069762,0.15598453539,0.028451966558,0.0673997181966,20,12,6,20,5.1086207731e-05,2.3834781079e-06,5.1086207731e-05,0.0260883176247,0.00639406895378,0.00016870749705,5.1086207731e-05,2.3834781079e-06,5.1086207731e-05,0.166331822065,0.634482255648,0.166325716425
903,0.0873833046172,0.0113586396771,0.0530397528602,0.019904489672,0.121196711597,0.0323866419314,0.0718204941089,0.244617162096,0.0448492869049,0.0510298143005,0.139104241365,0.123309460869,20,12,6,20,2.53772483064e-05,1.18400089698e-06,2.53772483064e-05,0.0206664385591,0.000877031920129,0.00187972251169,2.53772483064e-05,1.18400089698e-06,2.53772483064e-05,0.167936964884,0.640605164807,0.167930800323
904,0.0499870665241,0.0853475257663,0.0276065617939,0.00508208904195,0.176560029195,0.00160655838294,0.26021303244,0.0891652209065,0.120604010216,0.0341989384738,0.0564519306674,0.0931770365917,20,12,6,20,9.26269446538e-05,4.32160272977e-06,9.26269446538e-05,0.0539975462848,0.00287795669858,0.00793107773073,9.26269446538e-05,4.32160272977e-06,9.26269446538e-05,0.16077237384,0.613275422188,0.160766472274
905,0.0449001704976,0.0574336996232,0.0540296796701,0.288324171537,0.0813116566682,0.0498690469042,0.0638388445481,0.018249176852,0.0406734294648,0.0514155131697,0.0065128215138,0.243441789551,20,12,6,20,6.46179221381e-06,3.01481377528e-07,6.46179221381e-06,0.0549314218293,0.00192776957765,0.00101332481086,6.46179221381e-06,3.01481377528e-07,6.46179221381e-06,0.162025575254,0.618055830711,0.162019627686
906,0.0382934401652,0.0846760760988,0.192586323964,0.0499138498532,0.167289152549,0.0153117126625,0.0161402434314,0.0649241591303,0.0846257694566,0.0459785902391,0.120749009114,0.119511673337,20,12,6,20,2.88948777614e-05,1.34811941683e-06,2.88948777614e-05,0.032762361714,0.00148983286379,0.00112184406493,2.88948777614e-05,1.34811941683e-06,2.88948777614e-05,0.165879143548,0.632755487535,0.165873054524
907,0.0140689213818,0.0291751723297,0.206388630152,0.0871952681275,0.108163943743,0.111270114563,0.0128630576501,0.144252353465,0.0265264142033,0.0242979511862,0.195984023279,0.0398141499195,20,12,6,20,0.000197059619983,9.19401362991e-06,0.000197059619983,0.0263829926741,0.00354202973019,0.00201191205874,0.000197059619983,9.19401362991e-06,0.000197059619983,0.16635188303,0.634558779347,0.166345776653
908,0.0254065926395,0.0654418010817,0.119817630674,0.0642892110576,0.00954536561989,0.121014615316,0.120743458692,0.0349569765253,0.0185916933832,0.239786072035,0.142575185789,0.0378313971873,20,12,6,20,1.91987725038e-05,8.95737929936e-07,1.91987725038e-05,0.00775698880647,0.000956241723487,0.00129663886073,1.91987725038e-05,8.95737929936e-07,1.91987725038e-05,0.170248181082,0.64942143128,0.170241931682
909,0.13229673334,0.00153034897592,0.0818242986938,0.0864577640542,0.127658143316,0.055396241055,0.0568557210364,0.113604363544,0.0854977590126,0.0290639465619,0.103820401237,0.125994279173,20,12,6,20,5.68015680485e-05,2.65013395887e-06,5.68015680485e-05,0.0548426186674,0.00208293401579,0.000751441000148,5.68015680485e-05,2.65013395887e-06,5.68015680485e-05,0.162023763604,0.61804892007,0.162017816103
910,0.105148181768,0.00520039417115,0.00366095506049,0.037376759883,0.114477736675,0.0322966451021,0.212372651289,0.138894789919,0.00854080401271,0.309624810411,0.00863402528224,0.0237722464264,20,12,6,20,5.35887939662e-05,2.50023877129e-06,5.35887939662e-05,0.0297294884049,0.00289017250965,0.000548610878688,5.35887939662e-05,2.50023877129e-06,5.35887939662e-05,0.166241114399,0.634136246066,0.166235012089
911,0.104622730683,0.0731718761093,0.00559717974082,0.147270919778,0.079363460977,0.0621624303803,0.0937011649027,0.124695229747,0.100560950894,0.171159081769,0.0169925871826,0.0207023878367,20,12,6,20,0.000137606111259,6.42015072689e-06,0.000137606111259,0.00497059239661,0.0026457337441,0.00515217208205,0.000137606111259,6.42015072689e-06,0.000137606111259,0.169690386678,0.6472936926,0.169684157753
912,0.104741788691,0.00276958769749,0.00295225947849,0.0899873439811,0.308342832173,0.108348704526,0.115419024801,0.0955852225371,0.0147216982382,0.132065594528,0.0245699916776,0.000495951670429,20,12,6,20,0.000115906426866,5.40773025185e-06,0.000115906426866,0.103459760657,0.0058730268755,0.00324082184379,0.000115906426866,5.40773025185e-06,0.000115906426866,0.152540857827,0.581875833208,0.15253525842
913,0.00177375468081,0.124165883345,0.132737143567,0.0354431143885,0.0784196065638,0.0844809162822,0.0792040194779,0.0206937481893,0.202193335943,0.092233591693,0.0152325203086,0.133422365562,20,12,6,20,1.78299703493e-05,8.31875096618e-07,1.78299703493e-05,0.0456763690981,0.0035881190191,0.000301503234092,1.78299703493e-05,8.31875096618e-07,1.78299703493e-05,0.163446155218,0.623474714295,0.163440155504
914,0.048923493869,0.253585762481,0.173221055887,0.00273152843419,0.0533278193605,0.075531611719,0.127312919764,0.0231104098585,0.00312598992232,0.111720958269,0.126988462065,0.000419988369224,20,12,6,20,5.58521018719e-05,2.60583566493e-06,5.58521018719e-05,0.0571862368068,0.00125196307191,0.00158499764118,5.58521018719e-05,2.60583566493e-06,5.58521018719e-05,0.161620924305,0.616512266505,0.161614991591
915,0.073079941408,0.0829929814837,0.145658723394,0.0420902179211,0.0511838320047,0.0164483149667,0.2938125162,0.056315129139,0.034507127657,0.0176805048618,0.0922700370984,0.0939606738659,20,12,6,20,0.000188608561381,8.79972103979e-06,0.000188608561381,0.0327729412323,0.00654613508098,0.00254868921627,0.000188608561381,8.79972103979e-06,0.000188608561381,0.164649896048,0.628066452588,0.164643852147
916,0.184414984856,0.000287613990992,0.0705596432167,0.0368157921171,0.046449262666,0.210699753447,0.102953063168,0.0698814948183,0.100790893994,0.0206010616171,0.0890759880382,0.0674704480704,20,12,6,20,0.000194606671059,9.07956884493e-06,0.000194606671059,0.0912623587877,0.00192457751408,0.00156351352841,0.000194606671059,9.07956884493e-06,0.000194606671059,0.155550738832,0.593357196577,0.155545028939
917,0.017482028655,0.175277513171,0.0496255084242,0.00309763133874,0.137930525397,0.165412055372,0.0053208502798,0.110738623327,0.0385191216574,0.0882878294283,0.0939340785381,0.114374234412,20,12,6,20,2.44763505067e-06,1.14196860924e-07,2.44763505067e-06,1.09391839856e-05,0.000216268313355,3.10649519776e-06,2.44763505067e-06,1.14196860924e-07,2.44763505067e-06,0.171941893053,0.655882192539,0.171935581481
918,0.0108987829727,0.0568296068737,0.0811741333952,0.18177008056,0.0201626327721,0.0630992478414,0.10154626727,0.0335233000858,0.275453448875,0.0237135730411,0.043800734954,0.108028191358,20,12,6,20,0.000113938498928,5.31591460599e-06,0.000113938498928,0.0737644203456,0.00483355371425,0.00430632905502,0.000113938498928,5.31591460599e-06,0.000113938498928,0.157644866224,0.601345365375,0.157639079461
919,0.136441465543,0.0808837208459,0.0108481034,0.102277497159,0.0730462523563,0.105530576018,0.290978159979,0.062865756981,0.0661390781696,0.0225416973407,0.00473538413677,0.0437123080706,20,12,6,20,0.000544569083454,2.54074151576e-05,0.000544569083454,0.0328414278519,0.0378890597883,0.0119407143639,0.000544569083454,2.54074151576e-05,0.000544569083454,0.157381799954,0.600341884031,0.157376022847
920,0.0814134006353,0.0225161353581,0.00451502108654,0.136452555958,0.0498787160287,0.116968762093,0.0768510067795,0.15954057783,0.0730492462905,0.171047589323,0.0647183432357,0.0430486453813,20,12,6,20,0.000105599934313,4.92687053531e-06,0.000105599934313,0.0328507395656,0.000262398396521,0.00533247089867,0.000105599934313,4.92687053531e-06,0.000105599934313,0.165296886089,0.630534433133,0.165290818439
921,0.136616034077,0.0866959485001,0.15002364072,0.321388754122,0.0494268744049,0.0342348969419,0.0186111968349,0.000506299274867,0.165824781892,0.00136429365635,0.0196360957996,0.0156711837753,20,12,6,20,0.00106229050192,4.95622256577e-05,0.00106229050192,0.342182020942,0.0228535759844,0.00688958790139,0.00106229050192,4.95622256577e-05,0.00106229050192,0.107270500728,0.409189464899,0.107266563086
922,0.054889714099,0.0721265060315,0.0191452402186,0.333177630529,0.0408659879015,0.068614693517,0.0191108322286,0.00964064321759,0.103540114403,0.0657854828181,0.199349797873,0.0137533571632,20,12,6,20,4.27255544484e-05,1.99340346835e-06,4.27255544484e-05,0.0547957630728,0.0035195745484,0.00182011717146,4.27255544484e-05,1.99340346835e-06,4.27255544484e-05,0.161610858777,0.616473870973,0.161604926432
923,0.0348279523508,0.0270056458557,0.133899780236,0.167704530696,0.14030009949,0.141592285081,0.0119810161705,0.0902245921901,0.0511803614083,0.0952161975876,0.0536902713466,0.0523772675863,20,12,6,20,9.28594546605e-05,4.33245071664e-06,9.28594546605e-05,0.0107790660097,0.00621237269747,0.00411629481648,9.28594546605e-05,4.33245071664e-06,9.28594546605e-05,0.168287678882,0.641942983427,0.168281501447
924,0.0356614287674,0.0758882981127,0.174388632978,0.00345042980691,0.11200864218,0.213064177484,0.0504318709728,0.0239842574112,0.158041945096,0.0959754178298,0.0460896856999,0.0110152136619,20,12,6,20,0.000137385266737,6.40984700487e-06,0.000137385266737,0.0817514587952,0.00509224934834,0.00375091113224,0.000137385266737,6.40984700487e-06,0.000137385266737,0.15630575476,0.59623724805,0.156300017153
925,0.0323928952339,0.160845301529,0.0489690047349,0.0423030841071,0.0547734089842,0.421269319676,0.0274539176671,0.0109367921866,0.103182885371,0.00632073030057,0.0209335342067,0.070619126003,20,12,6,20,0.000272424740628,1.27102486987e-05,0.000272424740628,0.0153433612422,0.0210543333404,0.00804788810026,0.000272424740628,1.27102486987e-05,0.000272424740628,0.164147549739,0.62615022384,0.164141524278
926,0.00130495084766,0.0311957860785,0.0329341598257,0.148411208813,0.0648614636279,0.0373742493431,0.225440546705,0.154889786913,0.0343915905833,0.0259139152994,0.207659820143,0.0356225218205,20,12,6,20,8.5273829737e-05,3.97853580021e-06,8.5273829737e-05,0.048201518137,0.00376906835022,0.000930182700478,8.5273829737e-05,3.97853580021e-06,8.5273829737e-05,0.162825150171,0.621105854998,0.162819173253
927,0.0320945428461,0.0272782464089,0.105558044665,0.115689201591,0.0313603548711,0.0205814098194,0.379895451106,0.013453733738,0.0970199358312,0.115832999736,0.0454534291529,0.0157826502342,20,12,6,20,5.36081261837e-05,2.50114073523e-06,5.36081261837e-05,0.0551341058907,0.00291987049138,0.000347374092895,5.36081261837e-05,2.50114073523e-06,5.36081261837e-05,0.161901434509,0.617582288733,0.161895491498
928,0.106306876469,0.0304893810686,0.0298093605275,0.230103340978,0.0826229156506,0.0144987074095,0.0331606097074,0.0587806035185,0.111898398679,0.116506648498,0.0491723886512,0.136650768843,20,12,6,20,1.76668168434e-05,8.24263006643e-07,1.76668168434e-05,0.0380157801325,0.00458566034082,0.000194628738033,1.76668168434e-05,8.24263006643e-07,1.76668168434e-05,0.164610583127,0.6279164912,0.164604540669
929,0.0347985335025,0.0318357459773,0.0191228887768,0.0511818633013,0.0147616736971,0.0390563729543,0.0895019070037,0.0406783317925,0.383337026891,0.039333420105,0.0530791114578,0.203313124541,20,12,6,20,2.75004357034e-05,1.28306032818e-06,2.75004357034e-05,0.00666472942729,0.000750442908018,0.00209892432833,2.75004357034e-05,1.28306032818e-06,2.75004357034e-05,0.170327601462,0.649724384865,0.170321349146
930,0.0459774039896,0.0277552103004,0.062878386879,0.00950729644088,0.00374457545797,0.410239273333,0.0228168844084,0.0105467964384,0.0395969197725,0.185946655265,0.00797999163054,0.173010606085,20,12,6,20,4.24009775662e-05,1.97826000933e-06,4.24009775662e-05,0.0128463651915,0.0019770142257,0.00130958613776,4.24009775662e-05,1.97826000933e-06,4.24009775662e-05,0.169178777337,0.645342129486,0.169172567192
931,0.0147859188316,0.323758367122,0.0948254814588,0.0732581796749,0.0080389970174,0.0754161925058,0.0411867017938,0.0685601865247,0.0491587761336,0.0104967957883,0.140419495167,0.100094907982,20,12,6,20,7.39881930129e-05,3.45199313321e-06,7.39881930129e-05,0.0232446582424,0.00628755107995,0.000824686908422,7.39881930129e-05,3.45199313321e-06,7.39881930129e-05,0.166710263049,0.635925840444,0.166704143517
932,0.479219114744,0.0506581428669,0.0964617015802,0.00055231758505,0.0136266795682,0.135130381824,0.00362237717325,0.0285900864102,0.000886926185072,0.0567867400717,0.129815351464,0.00465018052799,20,12,6,20,4.15743733325e-05,1.9396939622e-06,4.15743733325e-05,0.0429121489654,0.00413790567392,0.00791539240943,4.15743733325e-05,1.9396939622e-06,4.15743733325e-05,0.162500823799,0.619868693486,0.162494858785
933,0.0544645615962,0.091342604897,0.0919421241471,0.281555444364,0.0133166664504,0.0131933965266,0.00755411673639,0.0281069324707,0.167272038884,0.0308275017927,0.163386204239,0.0570384078967,20,12,6,20,9.65267287447e-06,4.50355105631e-07,9.65267287447e-06,0.0699919351147,0.00143788182143,0.000749979385859,9.65267287447e-06,4.50355105631e-07,9.65267287447e-06,0.159562716743,0.608661115953,0.15955685958
934,0.0817442320211,0.0306462930607,0.0239592651056,0.0732701946466,0.0501696979357,0.072979504694,0.0453140480013,0.0539274945269,0.115400925999,0.265716838678,0.094665436097,0.0922060692334,20,12,6,20,5.74822246326e-05,2.68189067246e-06,5.74822246326e-05,0.0103349566339,0.000293610300322,0.000948242612793,5.74822246326e-05,2.68189067246e-06,5.74822246326e-05,0.169951742835,0.648290650622,0.169945504317
935,0.133445811658,0.0159380228132,0.0306797528269,0.267026411425,0.120455699305,0.123334838952,0.11561746467,0.0443932516726,0.0602585195527,0.0689628599172,0.00871050364435,0.0111768635639,20,12,6,20,0.000143615857167,6.70054143197e-06,0.000143615857167,0.00508211336593,0.0294938655304,0.000535802240927,0.000143615857167,6.70054143197e-06,0.000143615857167,0.165843486049,0.632619469967,0.165837398335
936,0.0196484024682,0.0284247806682,0.344190296005,0.0764786084778,0.0375932754462,0.00129025333307,0.166330403733,0.0993163696495,0.0393411162599,0.0199505509273,0.154663227435,0.0127727155976,20,12,6,20,1.93995490614e-05,9.0510536101e-07,1.93995490614e-05,0.0643617003076,0.00585765116006,0.000290742953499,1.93995490614e-05,9.0510536101e-07,1.93995490614e-05,0.159843015847,0.609730332929,0.159837148395
937,0.199768867056,0.0488272938223,0.118298777887,0.0354925026317,0.0779090188046,0.0428742959789,0.0716329334664,0.0125004224487,0.0159794730835,0.00133993054445,0.328359582298,0.0470169019792,20,12,6,20,9.37601802633e-05,4.37447497037e-06,9.37601802633e-05,0.0211498688695,0.00140760419361,0.00132299404514,9.37601802633e-05,4.37447497037e-06,9.37601802633e-05,0.167810181121,0.640121540886,0.167804021214
938,0.0289723923774,0.0492900798086,0.0478044389584,0.13054221311,0.0757928921853,0.290217040989,0.0132961771364,0.0636612190897,0.092481148869,0.117717799903,0.0544442240413,0.0357803735327,20,12,6,20,4.30624039675e-05,2.00911951951e-06,4.30624039675e-05,0.05689084235,0.00708129716816,0.00124757736536,4.30624039675e-05,2.00911951951e-06,4.30624039675e-05,0.160736213844,0.613137487813,0.160730313605
939,0.0329659203689,0.0180018672808,0.00654621778511,0.074064213017,0.0702824114657,0.116551113653,0.225813401478,0.112062052603,0.0476093156814,0.107707055081,0.0303791050786,0.158017326508,20,12,6,20,3.14794295101e-05,1.46870426322e-06,3.14794295101e-05,0.012476624341,0.00331877114044,0.00191653150331,3.14794295101e-05,1.46870426322e-06,3.14794295101e-05,0.168914911018,0.644335596311,0.168908710559
940,0.0691643138434,0.0299285031971,0.215647307073,0.0050913319728,0.0138237380857,0.0695704324013,0.0148055533955,0.237045044573,0.205923649407,0.0227389909578,0.104502159859,0.0117589752348,20,12,6,20,0.000114303398683,5.33293936896e-06,0.000114303398683,0.0566578416034,0.00377031014243,0.00167058204755,0.000114303398683,5.33293936896e-06,0.000114303398683,0.161222818278,0.614993668278,0.161216900177
941,0.041639559251,0.0771230836966,0.00623699640193,0.0133128034478,0.0622698963962,0.143243574481,0.138905860256,0.0615243719699,0.130363486459,0.201752749091,0.0742743107458,0.0493533078046,20,12,6,20,4.79983146685e-05,2.23940936917e-06,4.79983146685e-05,0.00656181889524,0.00275181041135,0.0019332457929,4.79983146685e-05,2.23940936917e-06,4.79983146685e-05,0.170015162518,0.648532568633,0.170008921672
942,0.0211767052692,0.206791826195,0.0768567400893,0.0609834422758,0.174553060471,0.052358651112,0.0263556357748,0.0753612060572,0.0470986831466,0.17213813915,0.0535774849497,0.0327484255088,20,12,6,20,0.000134380996892,6.26967979099e-06,0.000134380996892,0.0201871789638,0.00125002176843,0.00594022598795,0.000134380996892,6.26967979099e-06,0.000134380996892,0.167180166441,0.637718313831,0.167174029661
943,0.0267466785281,0.0656530170734,0.0183387153126,0.158711381901,8.48247243098e-05,0.0247722782234,0.147847283351,0.032699336753,0.267773824381,0.0671668869009,0.111345265243,0.0788605076084,20,12,6,20,8.56679262714e-05,3.99692276812e-06,8.56679262714e-05,0.0368044716333,0.00111647838402,0.00484899055863,8.56679262714e-05,3.99692276812e-06,8.56679262714e-05,0.164567205324,0.62775102409,0.164561164459
944,0.0248005955929,0.081815268846,0.228248591973,0.0577103306251,0.0282810742319,0.155002071895,0.0631269400899,0.0392267305607,0.0958239320622,0.200441204091,0.0161001244768,0.00942313555441,20,12,6,20,2.98086605251e-05,1.39075286546e-06,2.98086605251e-05,0.0443667709774,0.00266158309134,0.00496062757019,2.98086605251e-05,1.39075286546e-06,2.98086605251e-05,0.163021008761,0.621852968799,0.163015024653
945,0.0931519619825,0.107759317762,0.257899676675,0.0606012647955,0.0618747706393,0.0771194292091,0.0363391751108,0.101358904373,0.0273571106078,0.0230868671162,0.149561648355,0.00388987337306,20,12,6,20,0.000115341697698,5.3813822478e-06,0.000115341697698,0.0519366722908,0.00624185683741,0.00226990606852,0.000115341697698,5.3813822478e-06,0.000115341697698,0.161505911012,0.616073541716,0.16149998252
946,0.249966530744,0.149372258149,0.0847986229354,0.00425109771084,0.0528878191261,0.169298820313,0.0111835960696,0.0430671142933,0.0315505883348,0.0874225369168,0.0166480660509,0.0995529493556,20,12,6,20,0.000212474077488,9.9131905593e-06,0.000212474077488,0.03359952912,0.00629508946831,0.000603060826251,0.000212474077488,9.9131905593e-06,0.000212474077488,0.164868727008,0.628901195811,0.164862675075
947,0.108180810425,0.152182959905,0.0513177963442,0.00948613477776,0.00395013517491,0.0509603744989,0.0647883636173,0.0353656600115,0.103605394766,0.0426157031639,0.00150558761819,0.376041079697,20,12,6,20,1.85173122676e-05,8.63943721158e-07,1.85173122676e-05,0.0190108355037,0.000547752865051,0.000834317229936,1.85173122676e-05,8.63943721158e-07,1.85173122676e-05,0.168462952751,0.642611575631,0.168456768882
948,0.0438162376755,0.00773323095047,0.0543186431174,0.0265297719558,0.214115135508,0.0196832909201,0.108840623499,0.0226116223064,0.389922981082,0.00198575643582,0.0702853244641,0.0401573820855,20,12,6,20,3.95899764538e-05,1.84710994143e-06,3.95899764538e-05,0.18509874615,0.00454446184902,0.00199749180773,3.95899764538e-05,1.84710994143e-06,3.95899764538e-05,0.138996369854,0.530209608582,0.138991267632
949,0.152006358048,0.0779727200261,0.386689585757,0.132924951795,0.0244030920821,0.00847303924266,0.000568981959517,0.00464395071665,0.0554703735114,0.0669289073609,0.0323397183755,0.0575783211254,20,12,6,20,0.000224794519503,1.04880131019e-05,0.000224794519503,0.059124831411,0.00712515662954,0.00393331873512,0.000224794519503,1.04880131019e-05,0.000224794519503,0.159754623683,0.609393155961,0.159748759476
950,0.0300991424829,0.146397142266,0.0711008952859,0.0199271870756,0.134771402644,0.0510784676764,0.103744789311,0.186246469461,0.00261268168611,0.189184434083,0.0293262907821,0.0355110972454,20,12,6,20,7.24211580429e-05,3.37888154965e-06,7.24211580429e-05,0.0021402230387,0.00155947270323,0.00191058629322,7.24211580429e-05,3.37888154965e-06,7.24211580429e-05,0.170967368761,0.652164813847,0.170961092961
951,0.0212710428438,0.00408819716918,0.106132984434,0.363096296379,0.00862574394262,0.0196416304724,0.0242511512865,0.0750683419677,0.0604441630919,0.164027225806,0.02647080328,0.126882419327,20,12,6,20,5.38698377264e-05,2.51335114896e-06,5.38698377264e-05,0.0420718476468,0.00227343149957,0.00294410505121,5.38698377264e-05,2.51335114896e-06,5.38698377264e-05,0.163812322079,0.624871478745,0.163806308924
952,0.0260161658948,0.256325233182,0.0210346565668,0.0927227710831,0.0400564849907,0.0314739966663,0.0677788443459,0.381294261015,0.0635442662102,0.00892790841976,0.00436296518078,0.00646244644459,20,12,6,20,0.00220731597674,0.000102984534211,0.00220731597674,0.480448586879,0.055512259566,0.0126259546766,0.00220731597674,0.000102984534211,0.00220731597674,0.0760815898135,0.290217579048,0.0760787970419
953,0.0304901097244,0.397134340181,0.0134036499054,0.00717091115957,0.097733485423,0.00778292523227,0.0526411196887,0.0376121712378,0.130352984668,0.116039320653,0.0662717025727,0.0433672795537,20,12,6,20,8.56296732342e-05,3.99513803441e-06,8.56296732342e-05,0.0411095541981,0.00434003373139,0.000307365668314,8.56296732342e-05,3.99513803441e-06,8.56296732342e-05,0.164053516117,0.625791527208,0.164047494108
954,0.198382530969,0.117290131256,0.0597637167138,0.144336419278,0.137596765035,0.144777688809,0.0380334884152,0.0164170670271,0.028426293646,0.0979897807664,0.00148654442848,0.0154995736551,20,12,6,20,0.000173576622565,8.09839090238e-06,0.000173576622565,0.096319449822,0.00276999764309,0.017449723202,0.000173576622565,8.09839090238e-06,0.000173576622565,0.15181824908,0.579119400782,0.151812676199
955,0.0197986960405,0.045464899128,0.0709780369107,0.0417301487715,0.251851584968,0.103478562868,0.0293095979237,0.00635631785126,0.0901081572983,0.288393046374,0.0252054770027,0.0273254748637,20,12,6,20,6.81883360877e-05,3.18139500851e-06,6.81883360877e-05,0.0112009655057,0.0050558929388,0.00119252696742,6.81883360877e-05,3.18139500851e-06,6.81883360877e-05,0.168934221392,0.644409256837,0.168928020224
956,0.0946378703608,0.0883700739368,0.0826420639887,0.0437312930598,0.0365646989515,0.0623916538049,0.196305318314,0.0725285837545,0.0973408563412,0.0622500586135,0.157232306591,0.00600522228349,20,12,6,20,9.58268029864e-05,4.47089532013e-06,9.58268029864e-05,0.0556849330629,0.00329416692054,0.00214034004481,9.58268029864e-05,4.47089532013e-06,9.58268029864e-05,0.161404247551,0.615685740627,0.161398322791
957,0.00974473814934,0.157469415551,0.048431689776,0.199580593396,0.254083677513,0.0038294251891,0.0560691926479,0.0321637488955,0.0846574986789,0.0101660208786,0.0344437745875,0.109360224737,20,12,6,20,0.000108248153189,5.0504258352e-06,0.000108248153189,0.0791350488339,0.00825021251862,0.000509517156942,0.000108248153189,5.0504258352e-06,0.000108248153189,0.15679059406,0.598086695311,0.156784838656
958,0.101074820486,0.171124879962,0.115676681662,0.0739786747002,0.341971817215,0.0176681264545,0.0594473471939,0.0107642438843,0.0130579890434,0.0339064095873,0.00646051444604,0.0548684953656,20,12,6,20,0.00037849646123,1.76591308951e-05,0.00037849646123,0.123221874857,0.0153799513886,0.0154512859437,0.00037849646123,1.76591308951e-05,0.00037849646123,0.145222220713,0.553958473036,0.145216889955
959,0.332721388047,0.0759238706254,0.038282482529,0.00373421768663,0.0898550502961,0.00226842504337,0.00457703680457,0.364625689986,0.00812862229818,0.0364975502089,0.04301416478,0.000371501694513,20,12,6,20,0.000515612592115,2.40564210977e-05,0.000515612592115,0.228085982198,0.0036393655682,0.00686954054872,0.000515612592115,2.40564210977e-05,0.000515612592115,0.130585926147,0.498127489674,0.130581132653
960,0.382896697205,0.0913559348255,0.0531148449,0.00144359016298,0.00615609949682,0.057652502965,0.099898375021,0.130747825189,0.159244696294,0.00281944429946,0.0143132752089,0.00035671443269,20,12,6,20,0.00229896824179,0.000107260662289,0.00229896824179,0.304249731173,0.0784951489977,0.115247457337,0.00229896824179,0.000107260662289,0.00229896824179,0.0847184674444,0.323163443122,0.0847153576338
961,0.0819971827106,0.142902483132,0.144950999783,0.10267628305,0.0268638861298,0.131897877464,0.133633708372,0.13942109483,0.0163422407109,0.0247144319653,0.00498038647656,0.0496194253763,20,12,6,20,0.000687015791152,3.2053408752e-05,0.000687015791152,0.110218155775,0.00439140381978,0.0307154924497,0.000687015791152,3.2053408752e-05,0.000687015791152,0.146506108908,0.558855938043,0.146500731022
962,0.00188938301332,0.0322404541795,0.258146606911,0.0828013065717,0.0199243196739,0.245835083981,0.0249199459033,0.0301945428593,0.092395304023,0.0102819012688,0.167309264516,0.0340618871003,20,12,6,20,6.41510382348e-05,2.99303083988e-06,6.41510382348e-05,0.0408118910427,0.0122129271913,0.000437618284691,6.41510382348e-05,2.99303083988e-06,6.41510382348e-05,0.162743422855,0.620794101474,0.162737448937
963,0.0864576487867,0.114089411556,0.122402146039,0.0580039123899,0.15226064724,0.115742292234,0.0243376036881,0.0651981778964,0.179831756709,0.0162498426467,0.0362225473814,0.0292040134333,20,12,6,20,0.000665411295508,3.10454294032e-05,0.000665411295508,0.0576444693892,0.00520373773845,0.0312419853705,0.000665411295508,3.10454294032e-05,0.000665411295508,0.155332854506,0.592526064344,0.155327152611
964,0.0197621707411,0.0748043898229,0.0825129775721,0.0729372344486,0.133310745949,0.101053433655,0.0869448913745,0.0520398326075,0.11116008821,0.064891460036,0.145539399985,0.0550433755982,20,12,6,20,8.96897847379e-05,4.18456659673e-06,8.96897847379e-05,0.00562356763383,0.00132071361966,0.00388455668631,8.96897847379e-05,4.18456659673e-06,8.96897847379e-05,0.170057707895,0.648694860407,0.170051465486
965,0.00454450239496,0.0136479551206,0.0379122036305,0.066596585827,0.147757798306,0.188771664435,0.0061892911971,0.17345619913,0.0598887701129,0.0749294647076,0.130625926855,0.0956796382839,20,12,6,20,1.15231858915e-05,5.37625760952e-07,1.15231858915e-05,0.0593667320576,5.47211331508e-05,0.000630257535539,1.15231858915e-05,5.37625760952e-07,1.15231858915e-05,0.161647227227,0.616612600505,0.161641293547
966,0.0614461304371,0.00861492102262,0.0428901714206,0.117754816769,0.0171021296249,0.145902625257,0.18592999088,0.0235569428738,0.0577000438787,0.221840522971,0.00355012976673,0.113711575098,20,12,6,20,0.000102888297506,4.80035640845e-06,0.000102888297506,0.0284496995061,0.000635272176064,0.00117038470139,0.000102888297506,4.80035640845e-06,0.000102888297506,0.166707381075,0.635914846989,0.166701261649
967,0.0113584125532,0.0504300618095,0.0869568593037,0.164444018931,0.110662928439,0.081909404362,0.00392384958308,0.145931678472,0.041291477308,0.165233833994,0.0949871916215,0.0428702836224,20,12,6,20,4.63822128285e-05,2.16400852173e-06,4.63822128285e-05,0.037846794891,0.00223789248052,0.00291013761465,4.63822128285e-05,2.16400852173e-06,4.63822128285e-05,0.164556185374,0.627708987859,0.164550144913
968,0.031364770913,0.108967011009,0.212254041569,0.0528504814807,0.0256288810437,0.0551767242403,0.23179972061,0.0377542703507,0.0750002074895,0.0159660105686,0.128560188103,0.0246776926226,20,12,6,20,0.000221968627973,1.03561683067e-05,0.000221968627973,0.00957316212881,0.00473028007358,0.004117313301,0.000221968627973,1.03561683067e-05,0.000221968627973,0.168658903626,0.643359041458,0.168652712564
969,0.0402123333649,0.040859933691,0.0282956088501,0.0952214086743,0.12880802727,0.0254241515533,0.0363125877161,0.106391276576,0.0519126844485,0.295812772276,0.00398937834602,0.146759837233,20,12,6,20,2.66191916552e-05,1.24194500587e-06,2.66191916552e-05,0.0223299891734,0.00131120287107,8.81174822524e-05,2.66191916552e-05,1.24194500587e-06,2.66191916552e-05,0.16788344367,0.640401005073,0.167877281074
970,0.0304276558486,0.126997094252,0.0956769325645,0.0666330244711,0.253680299192,0.0184791137228,0.255235273092,0.0138436964374,0.0155616536115,0.0709757911973,0.00130299068207,0.0511864749289,20,12,6,20,0.000169141135163,7.89144880214e-06,0.000169141135163,0.0342244494509,0.00310584679056,0.0155050094124,0.000169141135163,7.89144880214e-06,0.000169141135163,0.162777367811,0.62092358645,0.162771392646
971,0.00754701685171,0.0319687282031,0.116506521266,0.0221143971317,0.0327801932654,0.0669986054976,0.00490539976155,0.173862133577,0.00390035930008,0.193734612008,0.185325343353,0.160356689785,20,12,6,20,5.64027283315e-06,2.63152569303e-07,5.64027283315e-06,0.0118363506144,8.70721059077e-05,0.000210738535169,5.64027283315e-06,2.63152569303e-07,5.64027283315e-06,0.169892383439,0.648064220809,0.1698861471
972,0.0101660333198,0.17171906498,0.00403328700029,0.000185280367257,0.0496907063492,0.0636658330234,0.100428616633,0.382288072917,0.0401283187852,0.0273043457553,0.114180989994,0.0362094508753,20,12,6,20,1.32538686563e-06,6.1837249603e-08,1.32538686563e-06,1.18429871072e-05,3.45538718323e-05,3.03909046637e-06,1.32538686563e-06,6.1837249603e-08,1.32538686563e-06,0.171973791084,0.656003869404,0.171967478341
973,0.0150856151677,0.084052615441,0.0383650599208,0.00681377921221,0.057441068122,0.0535539516385,0.0635805570605,0.0961037156715,0.186274705278,0.0939447794218,0.244133320705,0.0606508323613,20,12,6,20,4.49143858086e-05,2.09552558429e-06,4.49143858086e-05,0.00935768784846,0.00184979937317,0.000394641603531,4.49143858086e-05,2.09552558429e-06,4.49143858086e-05,0.169956235864,0.648307789536,0.16994999718
974,0.0109982715074,0.0118465025948,0.0402634121133,0.00727056342549,0.123606370995,0.00745713318483,0.0599603589727,0.114428129725,0.103778752453,0.0692881481735,0.245259750309,0.205842606546,20,12,6,20,2.5919558607e-06,1.20930292637e-07,2.5919558607e-06,0.00180389951098,0.00137010092928,1.00050090165e-05,2.5919558607e-06,1.20930292637e-07,2.5919558607e-06,0.171433806068,0.653944065652,0.171427513146
975,0.158885769841,0.0184648534687,0.152793919182,0.0149489335909,0.0900845887255,0.035902231351,0.0482311374724,0.150779901346,0.0822195675016,0.0331929430101,0.0922455440375,0.122250610473,20,12,6,20,3.66265859205e-05,1.70884999271e-06,3.66265859205e-05,0.0189690589944,0.0083669893029,0.000405916059766,3.66265859205e-05,1.70884999271e-06,3.66265859205e-05,0.167186289331,0.637741669943,0.167180152325
976,0.0362165366834,0.0813907070687,0.163233600393,0.118466104591,0.0250813218371,0.13102863647,0.0314506909934,0.0196839888508,0.151179353293,0.0688843486642,0.11906653837,0.0543181727856,20,12,6,20,0.000133641153654,6.23516166487e-06,0.000133641153654,0.00246653998396,0.00173206717869,0.00207497353706,0.000133641153654,6.23516166487e-06,0.000133641153654,0.170810194803,0.651565264787,0.170803924772
977,0.0171298273302,0.0130218267535,0.322085782571,0.0143803424722,0.058353739432,0.0868001651956,0.0670624394173,0.00421128656483,0.0508901904487,0.0825021363086,0.166884279526,0.11667798398,20,12,6,20,4.40196957916e-05,2.05378292685e-06,4.40196957916e-05,0.0191197290252,0.00180695070953,0.00215040595556,4.40196957916e-05,2.05378292685e-06,4.40196957916e-05,0.167983365605,0.640782163014,0.167977199341
978,0.121943687449,0.101614467187,0.0267790990727,0.011168372555,0.0352136630338,0.139451276136,0.0139397525472,0.0306288719779,0.0140280579782,0.424444355185,0.0764655675086,0.00432282937018,20,12,6,20,9.51793087851e-06,4.44068583068e-07,9.51793087851e-06,0.00897801930071,0.000534434059054,0.000587184102456,9.51793087851e-06,4.44068583068e-07,9.51793087851e-06,0.170239557608,0.649388536545,0.170233308524
979,0.00391084899428,0.0857206694604,0.075163942108,0.0193426325721,0.051868659195,0.302729623606,0.0232164945808,0.314751365744,0.0160930005205,0.0209459794287,0.0435642025215,0.0426925812685,20,12,6,20,0.000208204031324,9.71396728545e-06,0.000208204031324,0.126124331804,0.0174912209556,0.000732200379871,0.000208204031324,9.71396728545e-06,0.000208204031324,0.14701126231,0.560782874609,0.147005865881
980,0.0417238776592,0.0263530540233,0.0253552431823,0.201508734422,0.051231298657,0.026263100686,0.140844719641,0.0246700892605,0.218781685002,0.118787911546,0.0463208536907,0.0781594322295,20,12,6,20,0.000150133486535,7.00462794779e-06,0.000150133486535,0.0297107854077,0.00159382886679,0.00741624078407,0.000150133486535,7.00462794779e-06,0.000150133486535,0.165218197585,0.630234271331,0.165212132824
981,0.0523778102169,0.0833614950021,0.0345063398563,0.0282522144059,0.0240532200503,0.218718918157,0.00705720939748,0.0567771430728,0.0273535700167,0.0711451584066,0.0299334375825,0.366463483835,20,12,6,20,3.6094025605e-05,1.68400285863e-06,3.6094025605e-05,0.00201629079273,0.00216880038517,0.000210241288761,3.6094025605e-05,1.68400285863e-06,3.6094025605e-05,0.171201893319,0.653059421196,0.17119560891
982,0.0634022397655,0.000213692668609,0.0430709558094,0.0184006416909,0.116319122464,0.017837349459,0.0719567487392,0.143146830334,0.0645974101902,0.0787890020468,0.20844078478,0.173825222053,20,12,6,20,1.40587627809e-05,6.55925636304e-07,1.40587627809e-05,0.00830080510355,0.0014942377221,0.000581199982972,1.40587627809e-05,6.55925636304e-07,1.40587627809e-05,0.170188789468,0.649194878572,0.170182542248
983,0.117733988166,0.0131860532585,0.0154197836075,0.102853177876,0.0521547277458,0.0528378929211,0.179485277859,0.0226835098194,0.0124546237836,0.156287319191,0.0766538321473,0.198249813624,20,12,6,20,1.20350335288e-05,5.61506524321e-07,1.20350335288e-05,0.0254890205672,9.86015425225e-05,0.000601658669731,1.20350335288e-05,5.61506524321e-07,1.20350335288e-05,0.167470636848,0.638826329821,0.167464489405
984,0.0166059543032,0.0227617579062,0.122503816747,0.0159567290342,0.134893794991,0.116075728668,0.0699458956702,0.161188237609,0.0473713555293,0.0549396952383,0.222813440798,0.0149435935049,20,12,6,20,8.34456053615e-05,3.89323816374e-06,8.34456053615e-05,0.0116089883562,0.00333034547094,0.00261810348703,8.34456053615e-05,3.89323816374e-06,8.34456053615e-05,0.16890489745,0.64429739898,0.168898697358
985,0.00504480803519,0.10795114624,0.0328679316512,0.11699461572,0.0607545070379,0.0476602604782,0.280109415031,0.0705053161914,0.177924620881,0.0196810153679,0.0192309095673,0.061275453799,20,12,6,20,0.000151619176984,7.07394432137e-06,0.000151619176984,0.0224724182038,0.0310072890668,0.00138798868745,0.000151619176984,7.07394432137e-06,0.000151619176984,0.162440165895,0.619637310442,0.162434203108
986,0.0127779883859,0.047238278762,0.0550214922115,0.113496606094,0.0698925364734,0.124375459578,0.00750133612119,0.329233483547,0.0606650440889,0.00461566572691,0.0814761173389,0.0937059916722,20,12,6,20,8.29844648124e-05,3.87172319029e-06,8.29844648124e-05,0.0750386156509,0.00228310647755,0.00278681848647,8.29844648124e-05,3.87172319029e-06,8.29844648124e-05,0.15814748153,0.603262620231,0.158141676318
987,0.00979783238809,0.18368195034,0.0515874182947,0.122851277788,0.281242402305,0.0180422153735,0.109682111921,0.0456630670417,0.0199137352846,0.0686815765756,0.0063497346144,0.0825066780741,20,12,6,20,5.65485896071e-05,2.63833099671e-06,5.65485896071e-05,0.0754707100112,0.00559414753157,0.00188160540802,5.65485896071e-05,2.63833099671e-06,5.65485896071e-05,0.157678016845,0.601471820318,0.157672228865
988,0.0357742891604,0.196226962307,0.000453700630686,0.0132626390105,0.127913321041,0.0283600581127,0.051670889638,0.0259041103789,0.0113171252907,0.0519711940783,0.0739298956577,0.383215814694,20,12,6,20,3.6586008813e-05,1.70695682718e-06,3.6586008813e-05,0.00336608260729,0.000380733738181,0.00133099823156,3.6586008813e-05,1.70695682718e-06,3.6586008813e-05,0.171084171497,0.652610364568,0.171077891409
989,0.0533141066465,0.0735697912918,0.0669665268282,0.0219476865999,0.0164969419097,0.0811842546045,0.0817237029318,0.00773929546156,0.0116812790222,0.220672017556,0.354368490691,0.0103359064566,20,12,6,20,1.14508309749e-05,5.34249969966e-07,1.14508309749e-05,0.00889164592071,0.00015189497373,0.000427571814997,1.14508309749e-05,5.34249969966e-07,1.14508309749e-05,0.170346292597,0.649795683273,0.170340039596
990,0.185851519233,0.0511942469568,0.161674105345,0.0279186725157,0.0424860303085,0.00224977729965,0.0837259401676,0.130927606771,0.117022149244,0.0180535589079,0.00157518642717,0.177321206824,20,12,6,20,3.31448753221e-05,1.54640730303e-06,3.31448753221e-05,0.0161152074183,0.00775635330174,0.00289327705275,3.31448753221e-05,1.54640730303e-06,3.31448753221e-05,0.167356789771,0.638392053632,0.167350646507
991,0.0278869543063,0.0079692047574,0.133818499591,0.0162359023369,0.0601044693898,0.332188037424,0.16909397442,0.0629285646186,0.0973234387455,0.0744839896397,0.00604936692745,0.0119175978438,20,12,6,20,0.00012317212864,5.74671883381e-06,0.00012317212864,0.198757120635,0.00986941779878,0.00451432247743,0.00012317212864,5.74671883381e-06,0.00012317212864,0.135239862534,0.515880196398,0.135234898205
992,0.088231073926,0.00955853027781,0.287500636599,0.0267338547416,0.0534913891887,0.121491694602,0.0419641867858,0.146153473246,0.103912948821,0.0686458002223,0.0426380060601,0.00967840552956,20,12,6,20,0.00026908152377,1.2554267573e-05,0.00026908152377,0.106781979789,0.00101507341111,0.0169977613395,0.00026908152377,1.2554267573e-05,0.00026908152377,0.150331183176,0.573446902774,0.150325664881
993,0.00760265191125,0.278145548259,0.0779500573895,0.137185710277,0.00996858791254,0.129902017381,0.0181145926565,0.0112712463372,0.00346060915915,0.0653312047178,0.241498402656,0.0195693713425,20,12,6,20,5.6936754677e-05,2.65644122621e-06,5.6936754677e-05,0.0283156401187,0.00115727750308,0.00118845282175,5.6936754677e-05,2.65644122621e-06,5.6936754677e-05,0.16666990248,0.635771882745,0.16666378443
994,0.0155843413936,0.0477241614948,0.0641815625952,0.0450771135304,0.0064220703725,0.31628544655,0.0428975262156,0.116284924936,0.0298704576651,0.166470976246,0.0549317600112,0.0942696589896,20,12,6,20,7.79305995453e-06,3.63593005239e-07,7.79305995453e-06,0.0521112522832,0.000834717584081,0.000834448759264,7.79305995453e-06,3.63593005239e-07,7.79305995453e-06,0.162728410213,0.62073683489,0.162722436845
995,0.109678294322,0.00404472809894,0.108801923162,0.2525448832,0.119611338074,0.053418556778,0.0319958273568,0.0681762955198,0.0561731274984,0.187521917299,0.00169862412566,0.00633448456597,20,12,6,20,0.000144478570525,6.74079218641e-06,0.000144478570525,0.0486417979711,0.00606043334309,0.00485116236822,0.000144478570525,6.74079218641e-06,0.000144478570525,0.161639331334,0.616582481172,0.161633397944
996,0.0428021219462,0.38502709505,0.041425034666,0.00413067510508,0.075796567605,0.027232663521,0.0120729772595,0.00212287538911,0.0149946615187,0.0276500834738,0.217312894117,0.149432350348,20,12,6,20,9.48036690981e-06,4.42315998544e-07,9.48036690981e-06,0.0173478019962,0.000711969363099,0.000405608499195,9.48036690981e-06,4.42315998544e-07,9.48036690981e-06,0.168800816684,0.643900376944,0.168794620414
997,0.144802609533,0.202919289816,0.185248310307,0.00069090664968,0.0399802718386,0.126006894895,0.0441910335382,0.0723572846445,0.000138442982106,0.133057429275,0.00589383768684,0.0447136888342,20,12,6,20,0.000117444923886,5.47951036883e-06,0.000117444923886,0.054380103423,0.0011208355028,0.00796032861522,0.000117444923886,5.47951036883e-06,0.000117444923886,0.160986273754,0.614091355653,0.160980364336
998,0.208366717365,0.0508302697503,0.0961435600074,0.000517388520596,0.0424628430376,0.0571629514237,0.000734219723007,0.00162334841292,0.115979863637,0.26024659582,0.0158694382032,0.1500628041,20,12,6,20,6.20581895383e-05,2.8953868911e-06,6.20581895383e-05,0.00255380784241,0.000584140965893,0.00133637273856,6.20581895383e-05,2.8953868911e-06,6.20581895383e-05,0.171170030244,0.652937877673,0.171163747005
999,0.0264521212256,1.12615093623e-05,0.0236544652768,0.0527164541648,0.189739177991,0.0659905349938,0.0532576176033,0.0472571934431,0.0259568556376,0.242930047123,0.134845409607,0.137188861424,20,12,6,20,1.33386900503e-05,6.22329922987e-07,1.33386900503e-05,0.0141603204842,0.000431880947776,0.000736382825684,1.33386900503e-05,6.22329922987e-07,1.33386900503e-05,0.169337576726,0.645947878845,0.169331360752
