run_ID,t1_initial,t2_initial,t3_initial,t4_initial,t5_initial,t6_initial,t7_initial,t8_initial,t9_initial,t10_initial,t11_initial,t12_initial,alpha,prior_cost_c,lambda,k,sample_amount,learning_parameter,generations,t1_final,t2_final,t3_final,t4_final,t5_final,t6_final,t7_final,t8_final,t9_final,t10_final,t11_final,t12_final
0,0.00655692159229,0.173638000792,0.0107939342448,0.0954449284841,0.0232931422152,0.0632720131906,0.211815403688,0.0365497365897,0.0940119338248,0.0152702366268,0.189079801276,0.0802739474752,20,1,2,20,1.35431669364e-05,1.21888502428e-06,1.35431669364e-05,1.79075237213e-06,7.81598871416e-06,6.72778058097e-06,1.35431669364e-05,1.21888502428e-06,1.35431669364e-05,0.279431163451,0.506499748042,0.213996143548
1,0.187808125427,0.0323284426157,0.266174250623,0.248515828446,0.00486569676484,0.111922008333,0.040180739996,0.00384146004834,0.0108228600117,0.0578729848602,0.0355855314473,8.20714279177e-05,20,1,2,20,0.000946006898248,8.51406208423e-05,0.000946006898248,0.00171721629208,0.00352871626296,0.00732042809952,0.000946006898248,8.51406208423e-05,0.000946006898248,0.27483482137,0.49816837198,0.210476137161
2,0.0723153640519,0.119860054695,0.0416449770244,0.0708950025311,0.034494470107,0.00785177200415,0.0326276771427,0.0276875500834,0.0565640479259,0.129306589347,0.0964115330923,0.310340961995,20,1,2,20,2.24309195071e-05,2.01878275564e-06,2.24309195071e-05,9.15708790473e-05,2.81255616711e-05,5.25694108725e-05,2.24309195071e-05,2.01878275564e-06,2.24309195071e-05,0.279377206349,0.506401944855,0.213954821701
3,0.103899965397,0.00785566611316,0.0568456039801,0.0232299248562,0.0250945060706,0.032829079048,0.554699874305,0.0244876283856,0.0495296333396,0.0275335500832,0.0192195099042,0.0747750585181,20,1,2,20,0.000585354538795,5.26819084916e-05,0.000585354538795,0.00218214365467,0.0103877985257,0.000914018064917,0.000585354538795,5.26819084916e-05,0.000585354538795,0.274999677455,0.498467191794,0.210602388533
4,0.0282490861633,0.00662481083309,0.298748836632,0.0499042812445,0.0700379827196,0.12550978815,0.163847836592,0.037937872445,0.178199937801,0.00218566019493,0.00412710148554,0.0346268057391,20,1,2,20,0.0175893764169,0.00158304387752,0.0175893764169,0.0168423442442,0.0229570921948,0.00443871128351,0.0175893764169,0.00158304387752,0.0175893764169,0.246542847171,0.446886053908,0.188809357776
5,0.0151017345159,0.0346685534714,0.0098964477688,0.102683317672,0.204746053214,0.21383743771,0.073258827507,0.176633734868,0.0639001370703,0.0552354000389,0.0410471166966,0.00899123946754,20,1,2,20,0.000864979288383,7.78481359545e-05,0.000864979288383,0.00337546094939,0.00365014194138,0.000199855312403,0.000864979288383,7.78481359545e-05,0.000864979288383,0.276421993776,0.501045296728,0.211691637868
6,0.0187003289084,0.00410254340882,0.0637343098194,0.10959609135,0.166875034109,0.091011200647,0.0547012434522,0.0480903202195,0.0694655534085,0.0209454688662,0.0115494153069,0.341228490504,20,1,2,20,2.14466472144e-05,1.93019824929e-06,2.14466472144e-05,0.0144111378679,0.000194799552084,0.000190016868317,2.14466472144e-05,1.93019824929e-06,2.14466472144e-05,0.211136248435,0.544097117955,0.229881032336
7,0.195349578054,0.0170400150805,0.0495935482239,0.0387244158301,0.0915765171353,0.00243699700872,0.307787080953,0.0380226745542,0.0658035614905,0.0650072888743,0.117475476208,0.0111828465883,20,1,2,20,0.000318820917443,2.86938825699e-05,0.000318820917443,0.02015791155,0.000578639233942,0.00257703810261,0.000318820917443,2.86938825699e-05,0.000318820917443,0.272563961472,0.494052568159,0.208737210047
8,0.00875632557838,0.0528945394748,0.00103493732736,0.349905524771,0.0782541682523,0.0216042362819,0.0150023584481,0.115595903934,0.180775425078,0.0702974593363,0.0132241579423,0.0926549635756,20,1,2,20,0.000209572985365,1.88615686828e-05,0.000209572985365,0.000311857834189,0.000366408520168,0.000121310528784,0.000209572985365,1.88615686828e-05,0.000209572985365,0.278983301265,0.505687948522,0.213653158251
9,0.0645171164891,0.257792954445,0.264288618165,0.0887965582675,0.00804164407239,0.0315635102291,0.00871556027212,0.00574449765061,0.0246388382621,0.0556851375054,0.160792965623,0.0294225990186,20,1,2,20,4.88943984401e-05,4.40049585961e-06,4.88943984401e-05,0.00668716761257,5.66630286794e-05,0.00457297238591,4.88943984401e-05,4.40049585961e-06,4.88943984401e-05,0.276231887056,0.500700830461,0.21154610087
10,0.196865827076,0.0373603866514,0.036028413045,0.109953470898,0.0328124257531,0.0966846187122,0.00114043050505,0.162636290486,0.104038568299,0.0359321608079,0.00247281680591,0.18407459096,20,1,2,20,0.000457519384869,4.11767446382e-05,0.000457519384869,0.00962763079359,0.00088286659415,0.0008548387168,0.000457519384869,4.11767446382e-05,0.000457519384869,0.275741055429,0.499811021046,0.211170156392
11,0.0118069883132,0.224041220599,0.00821549173265,0.0415457191944,0.119247192649,0.0200719260972,0.106185718565,0.0283081358619,0.0541833864986,0.0452437881759,0.336591480091,0.00455895222157,20,1,2,20,3.97854897254e-05,3.58069407529e-06,3.97854897254e-05,7.1168717095e-05,9.81428130741e-05,1.72472415955e-05,3.97854897254e-05,3.58069407529e-06,3.97854897254e-05,0.279352940167,0.506357959728,0.213936237985
12,0.22467279548,0.178830904735,0.0676157996072,0.0204054691045,0.0490855502912,0.10192162083,0.0251273726261,0.041300927212,0.00112897730168,0.121105917844,0.11241572604,0.0563889389278,20,1,2,20,2.08831218637e-05,1.87948096773e-06,2.08831218637e-05,1.17970508487e-05,7.25242633819e-06,1.21685685514e-05,2.08831218637e-05,1.87948096773e-06,2.08831218637e-05,0.279418430371,0.506476667932,0.213986392201
13,0.079629512576,0.0777080421532,0.140729851076,0.0310501470249,0.190886235191,0.0219545954262,0.0617832387243,0.0191075149915,0.0343097577831,0.22328520089,0.101827305421,0.017728598743,20,1,2,20,0.000339455261438,3.05509735294e-05,0.000339455261438,0.0165153003911,0.00110386001656,9.58096463499e-05,0.000339455261438,3.05509735294e-05,0.000339455261438,0.101812569125,0.617963822726,0.261089715102
14,0.0513196860203,0.0862340729285,0.125727201298,0.086003776423,0.0162848294973,0.0693270892346,0.124967771543,0.0237989769588,0.0825224406378,0.0337716236555,0.268660347289,0.0313821845137,20,1,2,20,0.000233447652901,2.10102887611e-05,0.000233447652901,0.00150562628021,0.000910143260358,0.000556574265626,0.000233447652901,2.10102887611e-05,0.000233447652901,0.213720104462,0.549969589134,0.232362151409
15,0.171894688069,0.157720633921,0.01724612428,0.17437690215,0.0385432129868,0.0340565655347,0.135473964493,0.00176977716175,0.059417131771,0.0534973728812,0.0317367558668,0.124266870886,20,1,2,20,0.00115014201493,0.000103512781344,0.00115014201493,0.0312689350349,0.00776620658352,0.000769270582898,0.00115014201493,0.000103512781344,0.00115014201493,0.0991653738228,0.601913968614,0.254308651739
16,0.0364968030908,0.0256188738071,0.105630077285,0.0188152524853,0.00467295483205,0.0484350647288,0.114308159193,0.228978334003,0.0956922405619,0.135971681272,0.0899672892405,0.0954132695001,20,1,2,20,6.2272029033e-05,5.60448261297e-06,6.2272029033e-05,9.88863253359e-05,0.000339958819184,4.09628083968e-05,6.2272029033e-05,5.60448261297e-06,6.2272029033e-05,0.279244724535,0.506161806981,0.213853363449
17,0.244219670009,0.0799532403328,0.0864025673535,0.0924762627468,0.172386308777,0.0357072935194,0.0852301870195,0.0156377287151,0.0148776187488,0.0836519620434,0.0306809215674,0.058776239167,20,1,2,20,0.000307631952554,2.76868757299e-05,0.000307631952554,0.00733161000364,0.013535539024,0.000590050890165,0.000307631952554,2.76868757299e-05,0.000307631952554,0.101435896949,0.615691389505,0.260129612066
18,0.0460195332225,0.317116319648,0.0237288036262,0.0400420070473,0.140391706451,0.088956812566,0.0463163753591,0.079048003496,0.00152893822756,0.00585321634527,0.173333218218,0.0376650657934,20,1,2,20,0.000112702033335,1.01431830001e-05,0.000112702033335,5.15548246767e-05,0.000699518891139,0.00013649548575,0.000112702033335,1.01431830001e-05,0.000112702033335,0.279071867358,0.505848484317,0.213720984624
19,0.107247981846,0.112313979056,0.00415967406088,0.234627089712,0.0249203997301,0.133171965092,0.0793809006256,0.00247827469887,0.225381669089,0.00785232839698,0.0498919384562,0.0185737992365,20,1,2,20,0.00161310409446,0.000145179368502,0.00161310409446,0.000252043356871,0.000291434685982,0.00221349722507,0.00161310409446,0.000145179368502,0.00161310409446,0.276796828082,0.501724725156,0.211978696379
20,0.0135438695156,0.0297673260714,0.0242544268403,0.0676817062714,0.0549982323022,0.0824155481516,0.0692814223816,0.0294478309333,0.324905531124,0.0245587582872,0.249368871262,0.0297764768592,20,1,2,20,0.147994933882,0.0133195440494,0.147994933882,0.0493979112288,0.0409588107885,0.141155480284,0.147994933882,0.0133195440494,0.147994933882,0.0410661348515,0.0764870574475,0.0323157817716
21,0.022072670703,0.0477144000151,0.0268217510951,0.232546351107,0.044677465028,0.27630688948,0.0248492342028,0.084940928518,0.0837626764498,0.0986654617616,0.0459656843255,0.0116764873135,20,1,2,20,0.00110462664265,9.94163978385e-05,0.00110462664265,0.0235819199298,0.000829518571909,0.00253890422211,0.00110462664265,9.94163978385e-05,0.00110462664265,0.270629910346,0.490546507954,0.20725589961
22,0.0611299950657,0.0856568823777,0.0749387843026,0.0607720372137,0.15082948148,0.0522351522631,0.00329732464627,0.0113473785474,0.155037956834,0.0114821504348,0.181972082307,0.151300774528,20,1,2,20,3.85564379005e-05,3.47007941104e-06,3.85564379005e-05,3.00905968456e-05,0.000133571675057,0.00030445468765,3.85564379005e-05,3.47007941104e-06,3.85564379005e-05,0.279275693961,0.506217942474,0.213877080695
23,0.0924717065526,0.130970514943,0.196990497336,0.144077322857,0.0235535560483,0.028102736109,0.060689044217,0.0548684846589,0.164851550149,0.0599295463294,0.0389797081573,0.0045153326422,20,1,2,20,0.000686253228305,6.17627905474e-05,0.000686253228305,5.2984859529e-05,0.00360565249859,0.0006460468673,0.000686253228305,6.17627905474e-05,0.000686253228305,0.277446979839,0.502903196795,0.212476600646
24,0.033775376553,0.0392595395316,0.0926381036761,0.0423647490695,0.0630827384361,0.0399164814066,0.0430254261287,0.0647814174366,0.0548288790714,0.139012217624,0.278394569513,0.108920501553,20,1,2,20,0.000310718066715,2.79646260044e-05,0.000310718066715,0.00120065164117,0.000567950539217,0.000286956733152,0.000310718066715,2.79646260044e-05,0.000310718066715,0.213863101998,0.550286493898,0.232496043672
25,0.0127988266477,0.0395104758799,0.0724940513685,0.163378363098,0.0155608849643,0.11109303611,0.0288968663249,0.0178514293413,0.159724763408,0.137018417423,0.2361310121,0.00554187333401,20,1,2,20,9.61377105688e-06,8.65239395119e-07,9.61377105688e-06,2.54122228008e-06,1.34665030244e-05,1.15652120887e-06,9.61377105688e-06,8.65239395119e-07,9.61377105688e-06,0.27943552154,0.506507647558,0.213999481093
26,0.0620153808933,0.284291514333,0.14460281052,0.0610324487535,0.176341782281,0.00193570127629,0.0242169725594,0.0422429965438,0.0270956839888,0.0850618963848,0.0108995903582,0.0802632221082,20,1,2,20,9.87064856076e-05,8.88358370469e-06,9.87064856076e-05,1.84474974004e-05,0.000136755646819,1.06698521586e-05,9.87064856076e-05,8.88358370469e-06,9.87064856076e-05,0.279289894784,0.50624368303,0.21388795608
27,0.101630266362,0.0533320556,0.199830818029,0.0119728845636,0.0032945125818,0.000779138207752,0.323336096359,0.0176454878726,0.0740260949173,0.0618658857362,0.0746847552393,0.0776020045317,20,1,2,20,0.000166732863991,1.50059577592e-05,0.000166732863991,0.0283068609917,0.00699914238422,0.000196671062564,0.000166732863991,1.50059577592e-05,0.000166732863991,0.269335466904,0.488200291941,0.206264623345
28,0.0287731416901,0.153755040132,0.210792413201,0.0108929113444,0.051023052116,0.0382115830912,0.0276840839528,0.180139192447,0.0429932037451,0.109924343665,0.0175950386053,0.12821599601,20,1,2,20,0.000642048725722,5.77843853149e-05,0.000642048725722,0.00727371552325,0.00188297380756,0.00024306976849,0.000642048725722,5.77843853149e-05,0.000642048725722,0.102543063475,0.622406617752,0.262966796
29,0.0838203299636,0.149519919336,0.0674952924381,0.0792303707121,0.00680961280035,0.000680159624582,0.097705442566,0.0839322175119,0.0188768755102,0.0970514084678,0.0124424454468,0.302435925622,20,1,2,20,0.0002129419667,1.9164777003e-05,0.0002129419667,0.0288714425234,0.000514004758592,0.00117012513044,0.0002129419667,1.9164777003e-05,0.0002129419667,0.100537173459,0.610205382572,0.257811774137
30,0.10086396022,0.0238581569602,0.0093155182695,0.0190528893766,0.326385986436,0.110236182747,0.159221072705,0.168177494838,0.00581696164401,0.0419125694534,0.0318238516354,0.00333535571518,20,1,2,20,0.00314257227461,0.000282831504714,0.00314257227461,0.0123608565573,0.0105882784107,0.00778386372383,0.00314257227461,0.000282831504714,0.00314257227461,2.34611513028e-05,0.672131872091,0.283975715958
31,0.0422093086062,0.0812851826584,0.285258294423,0.0839763047039,0.0460389016738,0.0459573320607,0.0377337322783,0.00840464552608,0.0104070788207,0.0672515909838,0.19053864575,0.100938982516,20,1,2,20,0.000679963608965,6.11967248068e-05,0.000679963608965,0.00287241171813,0.000134210294334,0.00278121649566,0.000679963608965,6.11967248068e-05,0.000679963608965,0.10290158611,0.62458230404,0.263886023457
32,0.097457146439,0.13927262171,0.0168311411352,0.158861141139,0.137853230625,0.026728142853,0.124773978524,0.0142774222557,0.0579769900427,0.0183897651617,0.0403973060925,0.167181114023,20,1,2,20,8.99391564563e-06,8.09452408107e-07,8.99391564563e-06,1.71936257556e-05,0.00396765307938,1.14661727666e-05,8.99391564563e-06,8.09452408107e-07,8.99391564563e-06,0.278324266353,0.504493375186,0.213148451016
33,0.0110375363204,0.253245984919,0.0273509782156,0.0183147500822,0.021311628847,0.0156423229874,0.0576198261513,0.0982466875959,0.219672702226,0.00400700087388,0.103485897249,0.170064684533,20,1,2,20,0.000572619753985,5.15357778587e-05,0.000572619753985,0.0114050953181,0.00187353758942,0.000278873265779,0.000572619753985,5.15357778587e-05,0.000572619753985,0.211143584669,0.543342958584,0.229562400002
34,0.157377617447,0.0490301806658,0.173769396505,0.0631217320359,0.0491520558466,0.0720747542607,0.0608334655266,0.031576776168,0.112461306912,0.144440226801,0.0710020450133,0.0151604428182,20,1,2,20,0.000476233115514,4.28609803963e-05,0.000476233115514,0.0329136625161,0.00110005079991,0.000305744209487,0.000476233115514,4.28609803963e-05,0.000476233115514,0.269304383906,0.488144466887,0.20624103726
35,0.000355842389129,0.0317113833228,0.0939245105205,0.1019256132,0.0772053935976,0.0114701896218,0.146439098691,0.132932578549,0.0721057168217,0.275711067561,0.0166464160931,0.0395721896331,20,1,2,20,6.3642656092e-06,5.72783904828e-07,6.3642656092e-06,1.59878764841e-06,2.94696835756e-06,1.22573184405e-06,6.3642656092e-06,5.72783904828e-07,6.3642656092e-06,0.279442501035,0.506520298662,0.214004826185
36,0.0456303273651,0.102755079745,0.0755267610881,0.0379668285155,0.0927749459821,0.0213309739936,0.00273186180859,0.040191751127,0.00304261843729,0.153526754946,0.045185737625,0.379336359367,20,1,2,20,3.28947786653e-05,2.96053007988e-06,3.28947786653e-05,0.000146453933992,2.22092533661e-05,7.19977888087e-05,3.28947786653e-05,2.96053007988e-06,3.28947786653e-05,0.279345870313,0.50634514484,0.213930823695
37,0.10562989002,0.0477366488897,0.000911011582157,0.094360631916,0.0067904770783,0.0923216286705,0.0554409970429,0.173907005409,0.136521016837,0.044583192614,0.223598611232,0.0181988887095,20,1,2,20,2.98724274302e-05,2.68851846871e-06,2.98724274302e-05,1.44814775574e-05,2.09390297394e-05,3.5803282717e-05,2.98724274302e-05,2.68851846871e-06,2.98724274302e-05,0.279396750229,0.506437370288,0.213969788947
38,0.126976002552,0.204589450165,0.0323320994652,0.00588189460487,0.131126171365,0.0115851735458,0.0459935110827,0.147293371596,0.130137524103,0.129764788689,0.0261647511012,0.00815526173036,20,1,2,20,0.000552502218916,4.97251997025e-05,0.000552502218916,0.0358567527555,0.00307714718249,0.00176319457063,0.000552502218916,4.97251997025e-05,0.000552502218916,0.267433032046,0.484752487993,0.204807926177
39,0.0252195646988,0.0408529499024,0.0898378310283,0.0300791319352,0.152181573563,0.156999239402,0.000477596463633,0.0498176987862,0.16644166656,0.169066043026,0.0452885065255,0.0737381981095,20,1,2,20,4.32983622003e-05,3.89685259802e-06,4.32983622003e-05,7.88902397596e-06,1.43763040196e-05,0.000637863270888,4.32983622003e-05,3.89685259802e-06,4.32983622003e-05,0.279216496934,0.506110641345,0.213831745968
40,0.0150435077665,0.02716230225,0.0835462255956,0.214338645762,0.0141588103983,0.0613952284495,0.0140600349209,0.392252744889,0.0292338147085,0.0356157325991,0.00914469161993,0.104048261041,20,1,2,20,0.000293644540999,2.64280086899e-05,0.000293644540999,0.000320304129418,0.000479953439821,7.13931930699e-05,0.000293644540999,2.64280086899e-05,0.000293644540999,0.278864955496,0.505473433786,0.213562525775
41,0.0110730164263,0.513715681925,0.00150621862567,0.0908771341069,0.0680747949337,0.0670651931928,0.0133369900597,0.0295104745598,0.0139973086231,0.0204764814582,0.0337448885611,0.136621817528,20,1,2,20,0.000118069395601,1.06262456041e-05,0.000118069395601,0.0820592077329,0.00285386722549,0.0056828778365,0.000118069395601,1.06262456041e-05,0.000118069395601,0.195021030669,0.501855526511,0.212033959951
42,0.196124222708,0.0818110927722,0.0103905175533,0.0405648795539,0.0326495798563,0.0488163676749,0.0519701181994,0.0181645601552,0.232838679178,0.130144353305,0.115966291214,0.0405593378305,20,1,2,20,4.74965111248e-06,4.27468600123e-07,4.74965111248e-06,1.4853490932e-06,3.35884655142e-07,4.93055321811e-06,4.74965111248e-06,4.27468600123e-07,4.74965111248e-06,0.279443653857,0.50652354363,0.214006197184
43,0.0224381336368,0.158116944709,0.00421636021657,0.0281089133402,0.0213123910047,0.136269686092,0.0087921347835,0.0402620378518,0.00619436293782,0.0905876530762,0.118930501911,0.364770880441,20,1,2,20,4.72224644072e-05,4.25002179665e-06,4.72224644072e-05,0.000522250381557,0.000576807709414,0.000114037371065,4.72224644072e-05,4.25002179665e-06,4.72224644072e-05,0.279057385715,0.505822234743,0.213709894179
44,0.0337383673131,0.0258559326447,0.0259067887619,0.0154360238371,0.0213104421678,0.239871045385,0.0598773728195,0.0596622688151,0.201066054171,0.293716503684,0.0100281620568,0.0135310383441,20,1,2,20,0.000854096899146,7.68687209231e-05,0.000854096899146,0.00400919527688,0.00133783266408,0.000814777062433,0.000854096899146,7.68687209231e-05,0.000854096899146,0.102791486129,0.623885120442,0.263591463387
45,0.0831527948698,0.0863236298719,0.0259734327623,0.0172857276463,0.00623607824464,0.0332168589964,0.184051179666,0.280070145129,0.0272579437752,0.226433204526,0.00215475056353,0.0278442539487,20,1,2,20,0.000330538033639,2.97484230275e-05,0.000330538033639,0.0223595935177,0.00827893097543,0.00175822787821,0.000330538033639,2.97484230275e-05,0.000330538033639,0.270012121482,0.489426697481,0.206782779686
46,0.120655932079,0.207767156236,0.103883072778,0.0197374816226,0.249034111677,0.0602652989317,0.00287478341879,0.00524372407853,0.00468124232507,0.0684976384582,0.0327400021017,0.124619556293,20,1,2,20,1.90377152851e-05,1.71339437566e-06,1.90377152851e-05,2.30132418245e-06,1.40595857504e-06,4.34669485683e-06,1.90377152851e-05,1.71339437566e-06,1.90377152851e-05,0.279427059239,0.506492308706,0.213993000428
47,0.119429127183,0.00364918115668,0.0344907148074,0.0820893030486,0.274290744568,0.0201008922574,0.00525278412383,0.0779032043211,0.0387476726878,0.0454199246832,0.241058709482,0.0575677416811,20,1,2,20,2.18070155197e-05,1.96263139677e-06,2.18070155197e-05,1.74313651171e-05,1.71010013772e-05,1.62773234572e-05,2.18070155197e-05,1.96263139677e-06,2.18070155197e-05,0.279411876249,0.506464787864,0.213981372873
48,0.0208871274108,0.190044421861,0.0136133743823,0.099545874494,0.108771910139,0.0238517745658,0.0162760706523,0.021920678154,0.00244395177729,0.0504907510337,0.391198996286,0.0609550692435,20,1,2,20,0.000296295409106,2.66665868195e-05,0.000296295409106,0.00114011374151,9.06927566142e-05,0.000677062037796,0.000296295409106,2.66665868195e-05,0.000296295409106,0.21389413163,0.550410885781,0.232548599242
49,0.0190086993167,0.0174849862632,0.0706512447745,0.180111306056,0.0193862465516,0.000971466020414,0.118370561571,0.0572518600614,0.182593660532,0.0715464055194,0.186774725521,0.0758488378124,20,1,2,20,9.83745362175e-05,8.85370825957e-06,9.83745362175e-05,0.00249915350716,0.000492692569343,0.000383752080148,9.83745362175e-05,8.85370825957e-06,9.83745362175e-05,0.27833794665,0.504657468985,0.213217780646
50,0.141496388176,0.0251112038796,0.0638801473874,0.0307217956085,0.0519094024212,0.0412668278578,0.0704545773371,0.0875132869011,0.129737624015,0.0951703475405,0.0165114697585,0.246226929118,20,1,2,20,0.000411091292053,3.69982162847e-05,0.000411091292053,0.00682804324566,0.00534685263069,0.00134933593402,0.000411091292053,3.69982162847e-05,0.000411091292053,0.102215477972,0.620416118536,0.262125810081
51,0.134219998046,0.070613136887,0.101416213731,0.109486404504,0.101121487871,0.00382693854317,0.17907499034,0.0223994526067,0.00982314692029,0.161466548144,0.00823023472068,0.0983214476863,20,1,2,20,0.00044721398001,4.02492582009e-05,0.00044721398001,0.00800808246377,0.000255288233213,0.000755525406649,0.00044721398001,4.02492582009e-05,0.00044721398001,0.276408809544,0.501021398886,0.21168154103
52,0.101736349052,0.0608852583968,0.00734656678671,0.138424321062,0.0387686742836,0.248291129677,0.0590407896052,0.0534613304248,0.0742530680991,0.0766180987355,0.134319801724,0.00685461215263,20,1,2,20,6.65321596756e-05,5.9878943708e-06,6.65321596756e-05,2.94452825703e-05,0.000109143863159,1.13574037407e-05,6.65321596756e-05,5.9878943708e-06,6.65321596756e-05,0.279331928525,0.506319873813,0.213920146686
53,0.00504002041775,0.0801211275375,0.00402095593189,0.0619565814671,0.227024623956,0.25358624375,0.0257756848427,0.0826183025967,0.0214950912526,0.0935824373837,0.107499059785,0.0372798710799,20,1,2,20,4.86591563778e-05,4.37932407401e-06,4.86591563778e-05,2.22107003075e-05,6.89539544205e-05,1.50968812769e-05,4.86591563778e-05,4.37932407401e-06,4.86591563778e-05,0.279365013958,0.506379844803,0.213945484429
54,0.0369704841879,0.0526781565347,0.161517789916,0.0184803769683,0.060561438904,0.189421019616,0.0492789753585,0.164911525964,0.025955297635,0.141805111287,0.0317761420309,0.0666436815981,20,1,2,20,8.84099669341e-05,7.95689702406e-06,8.84099669341e-05,0.00013234311607,7.3509819625e-05,5.56789054376e-05,8.84099669341e-05,7.95689702406e-06,8.84099669341e-05,0.279275190212,0.506217029374,0.213876694911
55,0.068231687626,0.149368604726,0.289749241001,0.178011911453,0.0187306824879,0.0493971688952,0.0258756267631,0.0649454720611,0.0555047775512,0.0691087441551,0.00217585572166,0.028900227558,20,1,2,20,0.00125035224755,0.00011253170228,0.00125035224755,0.00145883403779,0.000353230541308,0.000589042762342,0.00125035224755,0.00011253170228,0.00125035224755,0.212977497591,0.547905042301,0.231489880372
56,0.0765781166583,0.0195289585843,0.0619818835598,0.0894724791314,0.145403261529,0.0120494877375,0.00357300571024,0.11603523972,0.135485703422,0.0808264702372,0.0587727677434,0.200292625967,20,1,2,20,0.000264960562689,2.3846450642e-05,0.000264960562689,0.00607824977683,0.00076883866727,0.000584239341969,0.000264960562689,2.3846450642e-05,0.000264960562689,0.277065349551,0.50221144992,0.212184337591
57,0.00259536104457,0.104111492224,0.0192261551165,0.0455894261865,0.0651483814045,0.317797142225,0.0293565228576,0.0308143357042,0.00371244235055,0.258131478672,0.0314420647902,0.0920751974242,20,1,2,20,9.08181180844e-05,8.1736306276e-06,9.08181180844e-05,0.0144193698728,0.00028862269502,0.00133480508967,9.08181180844e-05,8.1736306276e-06,9.08181180844e-05,0.274862170509,0.498218215887,0.210497196212
58,0.00443365525589,0.0485485196275,0.0496572185275,0.172633418838,0.13109255433,0.017508150346,0.0743691697635,0.0807400631503,0.0405394990658,0.178905979726,0.170887661852,0.0306841095177,20,1,2,20,0.000279318431504,2.51386588354e-05,0.000279318431504,0.00579850401553,0.000331377461632,0.000436226954049,0.000279318431504,2.51386588354e-05,0.000279318431504,0.277290364906,0.502619315022,0.212356660597
59,0.0133008142207,0.0388077761224,0.0798322285503,0.0242359877947,0.124570374655,0.175011952146,0.114822459828,0.0403908280735,0.0806965131135,0.0464748259043,0.00174865880232,0.260107580789,20,1,2,20,0.000230809601338,2.07728641204e-05,0.000230809601338,0.00100415933671,0.0015272905438,4.65176183301e-05,0.000230809601338,2.07728641204e-05,0.000230809601338,0.213817167807,0.550186348373,0.232453732188
60,0.120518625015,0.145001366242,0.0375891055502,0.0765262951531,0.103040027077,0.0673984021059,0.0505909710842,0.190953397472,0.032266702246,0.00840567442559,0.000576614088218,0.16713281954,20,1,2,20,0.000775684087424,6.98115678682e-05,0.000775684087424,0.00691500921011,0.00197337266856,0.000990043572728,0.000775684087424,6.98115678682e-05,0.000775684087424,0.275784874629,0.49989057324,0.211203767194
61,0.0776801716961,0.0313631004248,0.0968491624263,0.0453185640125,0.116231482776,0.130576414773,0.127018497226,0.0719528018931,0.0515642661285,0.0196679541911,0.10488027062,0.126897313833,20,1,2,20,9.14089712201e-05,8.22680740981e-06,9.14089712201e-05,0.0170999039557,0.00172934535139,0.000504527222879,9.14089712201e-05,8.22680740981e-06,9.14089712201e-05,0.101597718415,0.617705740285,0.260980675271
62,0.0304696379951,0.00039126541838,0.0919502548317,0.0220151967798,0.264850108155,0.0451166626834,0.085164137607,0.213341794723,0.056635913441,0.0703916615541,0.0949968611251,0.0246765056864,20,1,2,20,7.30557701198e-05,6.57501931078e-06,7.30557701198e-05,1.10078350245e-05,5.56071056413e-05,6.72015800348e-05,7.30557701198e-05,6.57501931078e-06,7.30557701198e-05,0.279328815808,0.506314231671,0.213917762881
63,0.132959504889,0.00460575126642,0.233823355231,0.103196042588,0.0676797203945,0.020880260307,0.0524038447173,0.0291431855602,0.16775151097,0.0749683207427,0.0753188080548,0.0372696952776,20,1,2,20,0.000372388229583,3.35149406624e-05,0.000372388229583,0.00329947959732,0.00250007106882,0.00026533457613,0.000372388229583,3.35149406624e-05,0.000372388229583,0.212931963255,0.547941348824,0.231505219878
64,0.0688631926559,0.00662230642231,0.0364156889155,0.0460248650736,0.0117813485874,0.164823037676,0.145788546214,0.0806269840195,0.0373697071799,0.257582810673,0.0402569743457,0.103844538237,20,1,2,20,2.84778050989e-05,2.5630024589e-06,2.84778050989e-05,1.85547742691e-05,0.000366460714187,1.27552715907e-05,2.84778050989e-05,2.5630024589e-06,2.84778050989e-05,0.279307125241,0.506274915131,0.213901151643
65,0.0897049933367,0.0828847478573,0.2101172955,0.00964367938744,0.0456453661761,0.0081707931304,0.041503309163,0.0419013042449,0.0253902417405,0.121416949332,0.0380459136009,0.285575406531,20,1,2,20,1.22248409627e-05,1.10023568665e-06,1.22248409627e-05,4.70169005845e-06,6.03963280001e-05,6.4535722417e-06,1.22248409627e-05,1.10023568665e-06,1.22248409627e-05,0.279417272902,0.506474569893,0.21398550578
66,0.102911074948,0.159716189367,0.107926075502,0.01237867906,0.0235583637331,0.0645138384193,0.00640575105701,0.0792750535316,0.220012430184,0.129877479865,0.0119220756403,0.0815029886931,20,1,2,20,0.000213084248784,1.91775823906e-05,0.000213084248784,0.0248310223117,0.00362495491717,0.000316719622996,0.000213084248784,1.91775823906e-05,0.000213084248784,0.208201843326,0.535771365668,0.226363401995
67,0.0767114600753,0.143821557443,0.0738047644106,0.0341338338178,0.0653903304457,0.0315730592173,0.081327138598,0.0864672367431,0.0658688679294,0.204109187751,0.0233342328336,0.113458330735,20,1,2,20,4.43518735576e-05,3.99166862018e-06,4.43518735576e-05,0.00290127621746,0.000158904576341,8.95446088365e-06,4.43518735576e-05,3.99166862018e-06,4.43518735576e-05,0.278477321194,0.504933675023,0.213334477697
68,0.0709165048177,0.0531708577192,0.0928742010285,0.0667253462477,0.0245047365601,0.0128757683955,0.11369051373,0.024027738493,0.170762385242,0.175460105809,0.188468809802,0.0065230321549,20,1,2,20,0.000580787136892,5.22708423203e-05,0.000580787136892,0.00801629488995,0.00135729420087,0.000374600126433,0.000580787136892,5.22708423203e-05,0.000580787136892,0.102533824506,0.622348187026,0.262942109018
69,0.0836924209472,0.0426113568304,0.302156163069,0.0119413196678,0.0999161477039,0.0683458465561,0.04195943879,0.052357201818,0.0929854624073,0.0923963647361,0.062818905605,0.0488193718691,20,1,2,20,2.63783532164e-05,2.37405178948e-06,2.63783532164e-05,1.09128995641e-06,2.00268001282e-06,2.30253038097e-06,2.63783532164e-05,2.37405178948e-06,2.63783532164e-05,0.279419227221,0.506478112311,0.213987002451
70,0.118711930306,0.0526481576118,0.0279727520706,0.0284857984378,0.0462603410408,0.036218634964,0.0237551175574,0.135479587208,0.427827545854,0.0430695766895,0.0418300643487,0.0177404939118,20,1,2,20,0.000538028849065,4.84225964158e-05,0.000538028849065,0.0239626449492,0.0253979841321,0.000881398677715,0.000538028849065,4.84225964158e-05,0.000538028849065,0.264782860046,0.479948085487,0.202778066118
71,0.015911526995,0.00888643308227,0.226747722404,0.0849487655084,0.160748318546,0.183538099678,0.0298483350066,0.124340357856,0.0325125755844,0.0183487208898,0.0741467518898,0.0400223925602,20,1,2,20,0.00134179348988,0.000120761414089,0.00134179348988,0.0463934788328,0.00101027022269,0.013406889269,0.00134179348988,0.000120761414089,0.00134179348988,0.260890561912,0.472892866767,0.199797236209
72,0.0560976010569,0.0863388313211,0.283340746997,0.064343173052,0.0464102377507,0.0612835930158,0.0322180809945,0.160539838645,0.00243389130676,0.068021873875,0.121173951848,0.0177981801371,20,1,2,20,0.00023074143115,2.07667288035e-05,0.00023074143115,0.000777648689986,9.42665940791e-05,0.0015725147622,0.00023074143115,2.07667288035e-05,0.00023074143115,0.278498917483,0.504809949588,0.213282203701
73,0.0436556676701,0.272744983189,0.0432757386127,0.23592963526,0.110168753969,0.0165975429556,0.0437521452917,0.0316145004925,0.085182671742,0.0284592702279,0.0402554354588,0.0483636551303,20,1,2,20,0.000447557094093,4.02801384683e-05,0.000447557094093,0.0110578836567,0.000296602997803,0.0225092681539,0.000447557094093,4.02801384683e-05,0.000447557094093,0.100088290595,0.607505916305,0.256671249639
74,0.0900603502633,0.000703527739967,0.00575364138162,0.335111619023,0.0189982925963,0.0148001573575,0.00437488917951,0.0356161197964,0.07289441358,0.300763470236,0.0904103206489,0.0305131981976,20,1,2,20,8.78744088275e-05,7.90869679448e-06,8.78744088275e-05,0.0075229802743,0.00161162377864,7.62553566648e-05,8.78744088275e-05,7.90869679448e-06,8.78744088275e-05,0.212389803514,0.546946939928,0.23108508212
75,0.0214819191846,0.00720602066405,0.146522510219,0.206287201536,0.0595797817861,0.0109164876168,0.124560039089,0.182390652108,0.120087402166,0.000251375178088,0.0222204370977,0.0984961733552,20,1,2,20,0.000971675677339,8.74508109605e-05,0.000971675677339,0.0957234790134,0.00236655171389,0.00520549518639,0.000971675677339,8.74508109605e-05,0.000971675677339,0.19152958164,0.49287401625,0.208239271866
76,0.10557264559,0.0337917924206,0.0179417744449,0.103649794552,0.111975125174,0.251130438426,0.0246115422503,0.00393056349086,0.0207162092927,0.0465549655218,0.191194250106,0.0889308987318,20,1,2,20,2.43219991363e-05,2.18897992226e-06,2.43219991363e-05,2.72349692066e-06,0.000190803907864,3.00673181912e-06,2.43219991363e-05,2.18897992226e-06,2.43219991363e-05,0.279368215555,0.50638564805,0.213947936301
77,0.0129500334609,0.00224394429637,0.2000791838,0.0909700467283,0.0664481950652,0.0355466952248,0.0289097385648,0.0666433030609,0.176137821057,0.00826414583465,0.2160595606,0.0957473323074,20,1,2,20,2.15322314846e-05,1.93790083362e-06,2.15322314846e-05,1.07072108961e-05,3.12986798424e-05,1.50559993252e-05,2.15322314846e-05,1.93790083362e-06,2.15322314846e-05,0.279410450039,0.506462202702,0.213980280642
78,0.108807732189,0.0112471352691,0.0940938207912,0.0688851524736,0.177578690914,0.000718916952885,0.0631511785176,0.046930553879,0.0818314485666,0.175879514729,0.153671066033,0.017204789685,20,1,2,20,6.06811308933e-05,5.4613017804e-06,6.06811308933e-05,0.000110066425711,7.55446798597e-06,0.000337540043311,6.06811308933e-05,5.4613017804e-06,6.06811308933e-05,0.279253469824,0.506177660535,0.213860061576
79,0.0687990565851,0.00929293063599,0.0176443309052,0.107897575435,0.0593572475923,0.0685188599215,0.090908656559,0.0561253378459,0.227143651667,0.113910080622,0.013201957803,0.167200314428,20,1,2,20,4.24050797822e-05,3.81645718039e-06,4.24050797822e-05,5.10460491259e-05,4.49807383301e-05,5.09414246618e-05,4.24050797822e-05,3.81645718039e-06,4.24050797822e-05,0.279360943848,0.50637246728,0.213942367426
80,0.204677205398,0.0398346737462,0.306516713504,0.0694339701045,0.00326288361247,0.0808034236437,0.0603006693788,0.0917655858004,0.0317476830052,0.090180868867,0.00581400455549,0.0156623183844,20,1,2,20,0.000699511809631,6.29560628668e-05,0.000699511809631,0.000808033279312,0.0044201002942,0.000738956223989,0.000699511809631,6.29560628668e-05,0.000699511809631,0.276966930581,0.502033054662,0.212108965595
81,0.0744310985492,0.0170912988338,0.0965298110104,0.376711510588,0.021650409116,0.0965953293489,0.0755410777802,0.0477690197789,0.00921915579698,0.000496886777594,0.0567181178934,0.127246284526,20,1,2,20,5.8002425742e-05,5.22021831678e-06,5.8002425742e-05,0.00038236059696,0.00622367890413,1.43689681553e-05,5.8002425742e-05,5.22021831678e-06,5.8002425742e-05,0.277533711571,0.503060407607,0.212543022214
82,0.0939406592917,0.0496230745988,0.0419138594457,0.0529899976598,0.164899885378,0.134165278778,0.0314170645535,0.00355306971377,0.0752942566232,0.0366707063174,0.303756572408,0.0117755752326,20,1,2,20,1.36841283811e-05,1.2315715543e-06,1.36841283811e-05,0.0112978568672,0.00220009502459,0.0022884105488,1.36841283811e-05,1.2315715543e-06,1.36841283811e-05,0.275023966641,0.498511403347,0.210621067914
83,0.0146766868486,0.128887484483,0.0575806305155,0.0116897708769,0.0225852024395,0.23061618042,0.12327893476,0.109434013253,0.134963900444,0.0133164720924,0.0574208554181,0.0955498684488,20,1,2,20,0.221078649294,0.0198970784365,0.221078649294,0.00261155573387,0.0275644546449,0.0414019995343,0.221078649294,0.0198970784365,0.221078649294,0.00118158583411,0.00220151156654,0.000930138636864
84,0.134992664206,0.0856938631869,0.0314321006627,0.0131235050196,0.0215745601363,0.00396816543566,0.168801051081,0.0297091052342,0.050403745609,0.0285863098139,0.410755584754,0.0209593448604,20,1,2,20,6.74264175187e-05,6.06837757668e-06,6.74264175187e-05,0.0091863359188,0.000436349265991,0.000431770960068,6.74264175187e-05,6.06837757668e-06,6.74264175187e-05,0.276562984679,0.501301031108,0.211799685643
85,0.23515131058,0.0723738693447,0.218587169062,0.0703390539814,0.126185950899,0.00080450287777,0.00021099987651,0.00118206505824,0.126659191986,0.0717011587345,0.0445309964499,0.03227373115,20,1,2,20,0.000116786005656,1.0510740509e-05,0.000116786005656,6.46282795366e-06,5.29513371771e-05,0.00174929235197,0.000116786005656,1.0510740509e-05,0.000116786005656,0.278809683591,0.505373247373,0.213520197015
86,0.176944785388,0.00360643780536,0.0396347049465,0.217833264501,0.0437467297906,0.0856851162325,0.0777984386345,0.129899835795,0.0804701173578,0.0197517703759,0.0876248451716,0.0370039540005,20,1,2,20,0.000182040713019,1.63836641717e-05,0.000182040713019,3.62994022987e-05,0.000137094088911,0.000328434398117,0.000182040713019,1.63836641717e-05,0.000182040713019,0.279098668335,0.505897064039,0.213741509556
87,0.0216641349508,0.165326572646,0.223255251352,0.0323024042153,0.00594363987276,0.0100711430772,0.10636046897,0.0606636278769,0.0477087454484,0.137371267868,0.131848524733,0.0574842189912,20,1,2,20,1.35756894953e-05,1.22181205458e-06,1.35756894953e-05,4.58190766647e-06,1.23902283069e-05,5.32835133077e-06,1.35756894953e-05,1.22181205458e-06,1.35756894953e-05,0.279429458263,0.506496657201,0.213994837667
88,0.0165032641421,0.0943343340069,0.0330069198465,0.0795988186663,0.389591253788,0.120453988267,0.0208177292091,0.0465915043961,0.0244510761524,0.0653139344489,0.0755780651179,0.0337591119588,20,1,2,20,0.000207030464702,1.86327418231e-05,0.000207030464702,0.000224480627647,0.000263402134706,0.000158270246674,0.000207030464702,1.86327418231e-05,0.000207030464702,0.279029145742,0.505771046683,0.213688267224
89,0.161735709686,0.00214323241248,0.048478217905,0.0105689502438,0.331874897842,0.0848655955114,0.0370899598633,0.267880429494,0.00248026822944,0.000250273689322,0.026459212045,0.0261732530775,20,1,2,20,0.00147515974847,0.000132764377362,0.00147515974847,0.00695018948601,0.0648792590651,0.000787866651371,0.00147515974847,0.000132764377362,0.00147515974847,0.257435381763,0.466629972082,0.197151163205
90,0.10325201285,0.219530060029,0.197492137341,0.0873097094434,0.0448076746304,0.0109584018677,0.0596392825705,0.05663418658,0.014166834873,0.0810848687483,0.0699918413756,0.0551329896915,20,1,2,20,0.000708158236922,6.3734241323e-05,0.000708158236922,0.0040473477933,0.000299680621246,0.00355102304367,0.000708158236922,6.3734241323e-05,0.000708158236922,0.102671588259,0.623177686364,0.263292572489
91,0.19483534823,0.214007442613,0.000880532188777,0.191367864054,0.0531290676188,0.0794825593387,0.00208009630796,0.0530595039488,0.0689183203751,0.00426729392552,0.111713041136,0.0262589302633,20,1,2,20,0.000414858971009,3.73373073908e-05,0.000414858971009,0.00322155523873,0.00273768001292,0.00711945932414,0.000414858971009,3.73373073908e-05,0.000414858971009,0.275312086724,0.49903346798,0.210841640221
92,0.202637911498,0.111909974919,0.188809503368,0.000723220959182,0.150222267168,0.00626239007938,0.0696661482232,0.0234280172228,0.00778175934939,0.118818511112,0.00553147631737,0.114208819783,20,1,2,20,0.000971363459366,8.7422711343e-05,0.000971363459366,0.00353760617626,0.00078745491861,0.00123733753459,0.000971363459366,8.7422711343e-05,0.000971363459366,0.102823018994,0.623939742085,0.263614541031
93,0.220424966504,0.0266154418766,0.0702266230587,0.0700127949678,0.126029051605,0.0154470462591,0.0214612599111,0.179068104554,0.130281178236,0.043087646214,0.0251852415344,0.0721606452802,20,1,2,20,0.000787691829769,7.08922646792e-05,0.000787691829769,0.0178828012006,0.00691053999696,0.00944980663214,0.000787691829769,7.08922646792e-05,0.000787691829769,0.0999046688156,0.606368809495,0.256190822012
94,0.057731087479,0.0122317937589,0.145689186215,0.142973209686,0.152932018303,0.0718361635158,0.0449205187459,0.0293636632502,0.015582770634,0.0146280242791,0.0547514440209,0.257360120112,20,1,2,20,0.000443519294467,3.9916736502e-05,0.000443519294467,0.0113904893242,0.00115619123215,0.00045455737334,0.000443519294467,3.9916736502e-05,0.000443519294467,0.275300253738,0.49901201946,0.210832578222
95,0.249605693549,0.0537296017132,0.0981438641666,0.0151460689127,0.176997365187,0.0155741672437,0.269438288541,0.00980437959227,0.00993563857538,0.000742401304378,0.0963665189449,0.0045160122703,20,1,2,20,0.00068867454477,6.19807090293e-05,0.00068867454477,0.000158756471844,9.66435621223e-05,0.000538208107267,0.00068867454477,6.19807090293e-05,0.00068867454477,0.278425327128,0.504676558969,0.213225846164
96,0.0326808054319,0.0177093598452,0.111778267967,0.0214597229958,0.0149101007494,0.197380668435,0.238544178528,0.0179217957144,0.00235250020455,0.0132271670628,0.306406777173,0.0256286558934,20,1,2,20,3.94094301661e-05,3.54684871495e-06,3.94094301661e-05,7.90614613351e-05,3.72173397117e-05,6.3189706261e-05,3.94094301661e-05,3.54684871495e-06,3.94094301661e-05,0.279355360831,0.506362347447,0.213938091796
97,0.136445969263,0.0185997178492,0.0105452342124,0.109493836387,0.144363627297,0.0016798527661,0.158764988944,0.0431674869236,0.0165095111458,0.127415687631,0.0179469227871,0.215067164793,20,1,2,20,1.24936705e-05,1.124430345e-06,1.24936705e-05,2.6619038388e-06,1.39654592808e-05,3.52073787649e-05,1.24936705e-05,1.124430345e-06,1.24936705e-05,0.279422468784,0.506483988001,0.21398948493
98,0.321403394628,0.014994015758,0.0856846992402,0.179908466418,0.014510647563,0.0155826575616,0.0350812112912,0.0277053977414,0.197254217323,0.0421409320121,0.029802144706,0.0359322157568,20,1,2,20,0.000292245865748,2.63021279173e-05,0.000292245865748,0.00109322157098,0.0139073908618,0.00363664125342,0.000292245865748,2.63021279173e-05,0.000292245865748,0.27390196406,0.496477465402,0.209761729133
99,0.194880932714,0.160976291266,0.0856151878989,0.0915070108154,0.00482404060685,0.00858403008579,0.00490749836765,0.0263059153374,0.124560565437,0.0717891692269,0.211050734139,0.0149986241051,20,1,2,20,8.33034305423e-05,7.49730874881e-06,8.33034305423e-05,0.000182258567611,0.00037911925178,2.68746972239e-05,8.33034305423e-05,7.49730874881e-06,8.33034305423e-05,0.279189739004,0.506062425406,0.213811374734
100,0.359099166373,0.00882684381739,0.0114677709318,0.0692470155561,0.00807604207224,0.0158788743416,0.00289628685652,0.0329184881809,0.0249218391511,0.288892891385,0.157799685648,0.0199750956872,20,1,2,20,2.26714918466e-05,2.04043426619e-06,2.26714918466e-05,0.00354785117814,0.00233723077534,2.61563482132e-05,2.26714918466e-05,2.04043426619e-06,2.26714918466e-05,0.213277940539,0.548833781598,0.231882272725
101,0.0967716632746,0.00712266950041,0.0329224166826,0.0141615425331,0.0913122132939,0.119323115695,0.143078182171,0.232980001343,0.0207338330726,0.0663855723038,0.0214077970364,0.153800993094,20,1,2,20,0.000498060719889,4.482546479e-05,0.000498060719889,0.00484265467553,0.000226097366638,0.00545200198792,0.000498060719889,4.482546479e-05,0.000498060719889,0.102489362208,0.622079430547,0.262828559406
102,0.0189095025939,0.0011777790651,0.0487725698798,0.0346138436875,0.0653935856331,0.164611320705,0.0406548375904,0.148409759773,0.136197985781,0.186359048406,0.0479203163251,0.10697945056,20,1,2,20,1.37535808627e-05,1.23782227764e-06,1.37535808627e-05,8.83217299026e-05,0.00142555606074,2.30123212962e-06,1.37535808627e-05,1.23782227764e-06,1.37535808627e-05,0.279011783797,0.505739576247,0.213674970965
103,0.00231516870068,0.113494354719,0.0280717583191,0.0665574960702,0.236493559652,0.0558112031851,0.18203960902,0.0433490817209,0.0662298404168,0.0217450512232,0.122688235358,0.0612046416148,20,1,2,20,0.000300999082651,2.70899174386e-05,0.000300999082651,0.0194276187089,0.000315612779327,0.000643696226238,0.000300999082651,2.70899174386e-05,0.000300999082651,0.273402644393,0.495572760441,0.209379491286
104,0.0246243462737,0.0507869499019,0.046416729925,0.369546707629,0.000384748043524,0.14897505766,0.00847635425909,0.0274660734572,0.139416593308,0.149976411156,0.0136695232199,0.0202605051669,20,1,2,20,0.000141357833764,1.27222050387e-05,0.000141357833764,0.000392104426301,0.000121362165171,0.00563400563649,0.000141357833764,1.27222050387e-05,0.000141357833764,0.277568506261,0.503123476813,0.212569668953
105,0.038911502856,0.0393546088778,0.0147198711826,0.127465502538,0.0223691152635,0.162007878965,0.0428621898697,0.0280659062449,0.0466373940109,0.200569566663,0.0629158236981,0.21412063983,20,1,2,20,0.000109389095118,9.84501856058e-06,0.000109389095118,0.0229109652973,0.00130615510517,0.000531059437242,0.000109389095118,9.84501856058e-06,0.000109389095118,0.212827235986,0.535653664504,0.226313673253
106,0.136552597203,0.198946290991,0.0372515844303,0.168103396777,0.164305394695,0.127599730843,0.0136075118342,0.0868807107564,0.00286694469229,0.0217853717174,0.0245279431323,0.0175725229274,20,1,2,20,0.00152647622104,0.000137382859893,0.00152647622104,5.16350699619e-05,0.0354809853125,0.000387254169626,0.00152647622104,0.000137382859893,0.00152647622104,0.267630595206,0.485109918902,0.204958940736
107,0.155751194086,0.127175777839,0.0609803624059,0.0842257032974,0.108975440346,0.137966278919,0.0772312155925,0.0595924172225,0.0273268491703,0.0140212636879,0.0500679173742,0.09668558006,20,1,2,20,0.00101164292253,9.10478630276e-05,0.00101164292253,0.0507344280735,0.00282144341926,0.00689636436529,0.00101164292253,9.10478630276e-05,0.00101164292253,0.261376369361,0.473773446302,0.200169281063
108,0.0198085565559,0.140119477453,0.0437796316326,0.172095800229,0.112327910494,0.065131196233,0.129107971747,0.0326830798991,0.0507591111848,0.0489650402242,0.0975315687829,0.0876906555646,20,1,2,20,3.44072052435e-05,3.09664847191e-06,3.44072052435e-05,6.32595384816e-06,3.72115778817e-05,1.70371977292e-05,3.44072052435e-05,3.09664847191e-06,3.44072052435e-05,0.279394429017,0.506433162837,0.213968011299
109,0.0206317264596,0.161592447112,0.0085039899453,0.0716795984094,0.0208727148355,0.0845734109967,0.107151487339,0.0257022854588,0.010867140376,0.119130388173,0.30124730339,0.0680475075049,20,1,2,20,6.19375446074e-05,5.57437901467e-06,6.19375446074e-05,0.000483911078951,0.000115768963267,3.12715121854e-06,6.19375446074e-05,5.57437901467e-06,6.19375446074e-05,0.279210739303,0.506100214107,0.21382734046
110,0.0533077439105,0.000418240614278,0.0126815351028,0.132074931734,0.0405607900656,0.0940059365253,0.123552237482,0.0239547494259,0.00220583347211,0.012107810132,0.359576155513,0.145554036023,20,1,2,20,0.000145628848645,1.31065963781e-05,0.000145628848645,0.0140166544618,0.000898491743448,0.000719721693503,0.000145628848645,1.31065963781e-05,0.000145628848645,0.211081821791,0.543180725289,0.229493856434
111,0.00136684920666,0.200669601039,0.203256683256,0.00306188365342,0.0327996523924,0.000436113384184,0.0645330410893,0.182386769726,0.0525750090818,0.188838131057,0.0418928743682,0.0281833917462,20,1,2,20,0.000176391713355,1.5875254202e-05,0.000176391713355,0.0151312265943,0.00101031710763,0.000296297335022,0.000176391713355,1.5875254202e-05,0.000176391713355,0.274651810505,0.497836928714,0.210336102382
112,0.0778647437351,0.0446800166986,0.0312477714023,0.0896109216143,0.0551817957885,0.171768801056,0.0456007054489,0.295680380181,0.0047158816291,0.116992177965,0.0181017604624,0.0485550440184,20,1,2,20,0.000873993699156,7.8659432924e-05,0.000873993699156,0.0042566648996,0.00210134044157,0.00290141563085,0.000873993699156,7.8659432924e-05,0.000873993699156,0.102458416337,0.621883211971,0.262745657058
113,0.286306599999,0.231898104632,0.109248122267,0.0419998925325,0.0204020535983,0.054736000933,0.052070005565,0.0425665528537,0.0998846045479,0.00116745109309,0.0423243636229,0.0173962483567,20,1,2,20,0.00670069573748,0.000603062616373,0.00670069573748,0.00223885510321,0.0165445136706,0.00130217123767,0.00670069573748,0.000603062616373,0.00670069573748,0.204246386339,0.525595195407,0.222063970059
114,0.0106104742512,0.156460845333,0.155942512277,0.011173063303,0.0344434088811,0.100009856371,0.1160380079,0.16185207704,0.0864178100132,0.0756530086173,0.01039262059,0.0810063154226,20,1,2,20,0.000529288952419,4.76360057177e-05,0.000529288952419,0.00155433498671,0.00112228744488,0.00108755736801,0.000529288952419,4.76360057177e-05,0.000529288952419,0.21328526276,0.548849300259,0.23188882936
115,0.0110211091567,0.00358794786277,0.291189877853,0.0230903643888,0.0465790786177,0.232943683468,0.0685744803688,0.116335851199,0.0432653333587,0.0660098395091,0.0864857247309,0.0109167094871,20,1,2,20,0.000105822971407,9.52406742662e-06,0.000105822971407,0.00471143219955,0.000388664887865,1.59199474783e-05,0.000105822971407,9.52406742662e-06,0.000105822971407,0.277792928851,0.503795229591,0.212853484502
116,0.0525936024767,0.149304535713,0.0241355710002,0.0879244920209,0.0891541741158,0.144312370136,0.0626461292022,0.00944866869795,0.0224015162632,0.215478497595,0.129829642707,0.0127708000722,20,1,2,20,0.000520372310683,4.68335079615e-05,0.000520372310683,0.00568462006481,0.00276554281735,0.000441067299028,0.000520372310683,4.68335079615e-05,0.000520372310683,0.102649183548,0.623047050975,0.263237379037
117,0.101973550479,0.0230828559083,0.0850259248011,0.139745567253,0.0243632721385,0.01264616398,0.0662351813423,0.0301695857042,0.088669118516,0.0319110277745,0.103836866181,0.292340885922,20,1,2,20,0.000127972472911,1.1517522562e-05,0.000127972472911,0.00121631596651,0.000178666452875,5.19309129141e-05,0.000127972472911,1.1517522562e-05,0.000127972472911,0.278897720258,0.505532823531,0.213587617942
118,0.0269244101479,0.01155661196,0.0646321374565,0.0210795713926,0.210185897557,0.164411515725,0.267677780708,0.184817866478,0.0338312124133,0.000808387197948,0.00300869032207,0.0110659186412,20,1,2,20,0.130941269492,0.0117847142543,0.130941269492,0.0225199762561,0.171704078322,0.0538467336329,0.130941269492,0.0117847142543,0.130941269492,0.0571743071189,0.103634726322,0.0437856718712
119,0.0731430290632,0.000850003238915,0.0166059473346,0.125516322852,0.0741883596993,0.0584108555156,0.0378321848174,0.367329385761,0.0109774402595,0.00658200337655,0.186577746085,0.0419867219974,20,1,2,20,0.000163964028914,1.47567626023e-05,0.000163964028914,0.0144418600431,0.00293242016908,6.77335691052e-05,0.000163964028914,1.47567626023e-05,0.000163964028914,0.101796045062,0.618683002823,0.261393568693
120,0.242805684418,0.0581758472843,0.0100426885926,0.0573307562498,0.216898010238,0.0345023631825,0.0259024510522,0.108720924686,0.0869487104171,0.042874299515,0.0833199893905,0.032478274974,20,1,2,20,0.000317105612456,2.85395051211e-05,0.000317105612456,0.0014235656017,0.00796098925032,6.27472872471e-05,0.000317105612456,2.85395051211e-05,0.000317105612456,0.212254609069,0.546202170356,0.230770416975
121,0.00536189912004,0.127404907028,0.125038309768,0.102643872944,0.234044216229,0.0456694135942,0.069589491348,0.0560085228454,0.114398811916,0.0284141645627,0.0749774181278,0.0164489725165,20,1,2,20,0.000545631570551,4.91068413496e-05,0.000545631570551,0.00176445760974,0.000381977710568,0.000289189134872,0.000545631570551,4.91068413496e-05,0.000545631570551,0.278133552695,0.504147685684,0.213002397201
122,0.222407935053,0.178320344183,0.0203500022592,0.0652872240777,0.00716670851507,0.00447216041146,0.0084120342367,0.0576319718015,0.0187122461331,0.165542505984,0.00781735685355,0.243879510491,20,1,2,20,3.38374550344e-06,3.0453709531e-07,3.38374550344e-06,0.00660999405536,7.83313314313e-05,0.000129972432503,3.38374550344e-06,3.0453709531e-07,3.38374550344e-06,0.277395231212,0.503179140185,0.212593186728
123,0.189549712166,0.0182528271953,0.0180442384646,0.0971254775799,0.00569311645858,0.0917701449138,0.0884142711907,0.222733360194,0.154961271274,0.0279078322269,0.0347868818903,0.0507608664457,20,1,2,20,0.000644310101019,5.79879090917e-05,0.000644310101019,0.000508978746288,0.00110516796114,0.000917003090922,0.000644310101019,5.79879090917e-05,0.000644310101019,0.277991590861,0.503890364231,0.212893678888
124,0.0334585170279,0.028965056612,0.0770229363842,0.129916978183,0.0175348893158,0.148433483004,0.0675953560179,0.0880054714573,0.0277810962452,0.0224355133979,0.145999982516,0.212850719839,20,1,2,20,4.62466819141e-06,4.16220137227e-07,4.62466819141e-06,1.28434311667e-05,0.00102124379334,0.000229197778439,4.62466819141e-06,4.16220137227e-07,4.62466819141e-06,0.279093118974,0.505887005209,0.213737259701
125,0.00172451002354,0.208334876851,0.00264121646764,0.0227771808175,0.0177953231028,0.269005014392,0.0105301988584,0.200927195702,0.0784860691156,0.0415370678711,0.0725898450069,0.0736515017913,20,1,2,20,0.000495341554458,4.45807399012e-05,0.000495341554458,0.0102328399354,0.00158458659404,0.000997038395732,0.000495341554458,4.45807399012e-05,0.000495341554458,0.275291913777,0.498996902355,0.210826191245
126,0.0842450031775,0.0131147754741,0.143569052212,0.084513437509,0.00161441995097,0.122304102173,0.133560014059,0.0561203126187,0.105800721569,0.0751884156427,0.0333903137182,0.146579431896,20,1,2,20,0.000639831943378,5.7584874904e-05,0.000639831943378,0.00294976907385,0.00487972410898,0.000170680017259,0.000639831943378,5.7584874904e-05,0.000639831943378,0.102689192679,0.623294296378,0.26334184022
127,0.0273702640359,0.116959194326,0.00199828732028,0.179085742396,0.0521603798544,0.00508765468333,0.0569723958146,0.124392219138,0.0638298936203,0.0189880991658,0.217698804964,0.135457064683,20,1,2,20,0.000305348445394,2.74813600855e-05,0.000305348445394,0.0058404255501,0.00106990883596,0.00061287866964,0.000305348445394,2.74813600855e-05,0.000305348445394,0.276992494684,0.502079392449,0.21212854331
128,0.148433732591,0.0316788568729,0.0490513842005,0.00395775280569,0.195886303329,0.134161860866,0.18336863977,0.0134820761455,0.0310710606781,0.036339715401,0.157333779831,0.0152348375086,20,1,2,20,0.000116267700794,1.04640930714e-05,0.000116267700794,9.89209745415e-05,0.000334217423833,0.000926843456935,0.000116267700794,1.04640930714e-05,0.000116267700794,0.278935685828,0.5056016403,0.213616693027
129,0.0182330303001,0.0510976977176,0.0363425271441,0.117254234021,0.225176367686,0.0838457231537,0.0329971202394,0.0755337962482,0.0547974409771,0.0868960549598,0.0765435922709,0.141282415283,20,1,2,20,2.49307445491e-05,2.24376700942e-06,2.49307445491e-05,1.3745062697e-06,2.93939625548e-05,0.000607543848465,2.49307445491e-05,2.24376700942e-06,2.49307445491e-05,0.279244048879,0.506160582279,0.213852846013
130,0.0170458042849,0.00813444264422,0.201567889212,0.00844275279202,0.00813526901252,0.0294074890966,0.187624651051,0.150959237308,0.124941422636,0.227959953939,0.0281674136477,0.00761367437482,20,1,2,20,0.000228207181183,2.05386463065e-05,0.000228207181183,0.00168116154486,0.00118102378814,0.000170740996443,0.000228207181183,2.05386463065e-05,0.000228207181183,0.213714180693,0.549946563768,0.232352423192
131,0.0568130292514,0.0477086155166,0.10840291336,0.215428567594,0.0151906215423,0.161965143479,0.129868209289,0.0253262479289,0.0255724649427,0.0546357272589,0.0219832353007,0.137105224537,20,1,2,20,0.00041972850266,3.77755652394e-05,0.00041972850266,0.0965357809708,0.0010181410753,0.00273288656638,0.00041972850266,3.77755652394e-05,0.00041972850266,0.0932073656992,0.565730306184,0.239021054363
132,0.0711072001945,0.0151522058201,0.02230152529,0.115015756746,0.0479711867446,0.17211524212,0.051063075739,0.16625623866,0.0444650377099,0.0566999979309,0.0654082356658,0.17244429738,20,1,2,20,1.56728154826e-05,1.41055339343e-06,1.56728154826e-05,0.0100024560849,0.000227170461327,0.000117014459031,1.56728154826e-05,1.41055339343e-06,1.56728154826e-05,0.276319287756,0.501419022052,0.211849536817
133,0.050621122885,0.0425325515986,0.0728379368453,0.0118783622013,0.00528923604023,0.0332157233225,0.0790203499424,0.0466374110418,0.105906489426,0.0577588094902,0.301518865737,0.19278314147,20,1,2,20,0.000367155488496,3.30439939646e-05,0.000367155488496,0.00556396855474,0.000738539003905,0.00369344678663,0.000367155488496,3.30439939646e-05,0.000367155488496,0.102600684208,0.6227547638,0.263113887705
134,0.183217656899,0.0806622764238,0.0879801047166,0.0126113859307,0.0945704664088,0.103255455745,0.0917615428136,0.00588425954206,0.238565799194,0.0211221350222,0.0461988892809,0.0341700280234,20,1,2,20,0.000550163599345,4.95147239411e-05,0.000550163599345,0.000747291355698,0.0156899776509,0.000220408925177,0.000550163599345,4.95147239411e-05,0.000550163599345,0.274153883938,0.496934097916,0.209954656369
135,0.00988290682689,0.00491230154337,0.112162524392,0.0565504216787,0.0896856429338,0.0702138636065,0.246479581232,0.0559028768404,0.023595816054,0.0548299952059,0.0679221198161,0.20786194987,20,1,2,20,1.00114630282e-05,9.01031672539e-07,1.00114630282e-05,2.57892274357e-06,9.44762901871e-06,1.07510333839e-06,1.00114630282e-05,9.01031672539e-07,1.00114630282e-05,0.27943619229,0.506508863367,0.213999994772
136,0.0945721164102,0.222440440046,0.060294028632,0.100094626588,0.00507645058236,0.0568326673537,0.188594816404,0.0907940646453,0.023414331687,0.0452422047365,0.0548352349631,0.0578090179515,20,1,2,20,2.31396631399e-06,2.08256968259e-07,2.31396631399e-06,3.52698047991e-06,2.90214325652e-07,7.49609673421e-06,2.31396631399e-06,2.08256968259e-07,2.31396631399e-06,0.279444260546,0.506527067686,0.214007686097
137,0.110416056245,0.0990544829689,0.137668445534,0.0341832281448,0.00164239124467,0.0159954866354,0.143293327799,0.0759411298382,0.0380856972144,0.0474275403507,0.27845909332,0.0178331207062,20,1,2,20,1.66993960503e-05,1.50294564453e-06,1.66993960503e-05,8.55784931667e-06,2.47060238993e-05,2.04422134024e-06,1.66993960503e-05,1.50294564453e-06,1.66993960503e-05,0.279422174442,0.506483454473,0.213989259515
138,0.00920246707492,0.160072195632,0.0999502457057,0.1405476907,0.0652553234084,0.192087002271,0.0909872208545,0.0208855730381,0.0127813603423,0.0398818008361,0.0220427591141,0.146306361024,20,1,2,20,7.8470871093e-05,7.06237839837e-06,7.8470871093e-05,3.78263008539e-05,0.000103732091891,6.44670737607e-05,7.8470871093e-05,7.06237839837e-06,7.8470871093e-05,0.279302311487,0.50626618967,0.213897465136
139,0.0347885334178,0.00706413984244,0.121597993039,0.158294882775,0.0835397489421,0.00745026301879,0.148805942742,0.26291884818,0.00511325641403,0.0416572752372,0.090646752933,0.0381223634586,20,1,2,20,0.000194475316631,1.75027784968e-05,0.000194475316631,0.000589062748174,0.00325463651258,4.13632007761e-05,0.000194475316631,1.75027784968e-05,0.000194475316631,0.278138693244,0.504157003495,0.213006333977
140,0.0961943011589,0.114587936725,0.142070071446,0.0514134531439,0.0459832010819,0.135246439998,0.0636205798906,0.0413294413591,0.0837276900212,0.082556562765,0.136526935988,0.00674338642272,20,1,2,20,6.50316798631e-05,5.85285118768e-06,6.50316798631e-05,0.0537058916705,0.00182908035433,0.00480093409276,6.50316798631e-05,5.85285118768e-06,6.50316798631e-05,0.262514245157,0.475836918315,0.201041097988
141,0.0901234286561,0.0663221032599,0.125439325273,0.118946982987,0.00529688349503,0.0184282897665,0.150825608479,0.0913685787139,0.0490469093586,0.21310658772,0.0278417550083,0.0432535472818,20,1,2,20,8.70684152078e-05,7.8361573687e-06,8.70684152078e-05,0.000405660705776,0.000344904163874,0.000315467859362,8.70684152078e-05,7.8361573687e-06,8.70684152078e-05,0.279043536736,0.505818266826,0.213708217734
142,0.0634040470295,0.0245246404475,0.0335953702844,0.0204388574605,0.0078709942471,0.0435627058746,0.12742529739,0.107875469016,0.160536387905,0.2461294125,0.0623305234233,0.102306294422,20,1,2,20,3.17044056907e-05,2.85339651216e-06,3.17044056907e-05,0.00459970764327,0.000163664993157,2.16117359805e-05,3.17044056907e-05,2.85339651216e-06,3.17044056907e-05,0.27797444921,0.50411813146,0.212989910542
143,0.0354886747032,0.00475372199048,0.00559295327402,0.0437688124242,0.0435232274911,0.0723429417005,0.266039729322,0.0345778333002,0.212886141149,0.234262955579,0.0266901945442,0.0200728145219,20,1,2,20,0.000238364075862,2.14527668275e-05,0.000238364075862,0.00291493504428,0.000223320380645,0.000430958065324,0.000238364075862,2.14527668275e-05,0.000238364075862,0.213589603504,0.549627290804,0.232217530365
144,0.0717931800089,0.111130090574,0.0195607783359,0.0386564012255,0.167510079625,0.00684653758277,0.000161167568319,0.0789171510839,0.0119832552866,0.415702098368,0.0621368140724,0.0156024462684,20,1,2,20,0.000118687162554,1.06818446298e-05,0.000118687162554,0.00865120428264,0.000251647594802,8.81837029793e-05,0.000118687162554,1.06818446298e-05,0.000118687162554,0.212532077781,0.546910913391,0.231069860908
145,0.115070960195,0.0205079571489,0.0773480307294,0.0592702178008,0.0243516497106,0.0261195586434,0.400093398366,0.0488692237174,0.0423796625729,0.0279061054979,0.0430148086918,0.115068426925,20,1,2,20,0.000122061453026,1.09855307723e-05,0.000122061453026,1.62657154689e-05,0.000871092426753,0.000390624462173,0.000122061453026,1.09855307723e-05,0.000122061453026,0.278951832921,0.505630908683,0.213629058919
146,0.384386953767,0.0115221015943,0.0533232964596,0.101734606104,0.20354860039,0.0213265695197,0.0270072087555,0.0258380714281,0.116929664586,0.0029112524768,0.0435925062599,0.00787916865956,20,1,2,20,0.00695950576948,0.000626355519253,0.00695950576948,0.0606976049473,0.00854529925422,0.0111394794881,0.00695950576948,0.000626355519253,0.00695950576948,0.248859115775,0.451084545813,0.190583220606
147,0.00575997780134,0.148961663149,0.0824954963413,0.0490520678946,0.145212268863,0.00646421376198,0.176076762202,0.0202604653415,0.0592955519191,0.0150740942479,0.0143354228787,0.277012015599,20,1,2,20,0.000593299589098,5.33969630188e-05,0.000593299589098,0.0177267963314,0.00151547426542,0.000481554652898,0.000593299589098,5.33969630188e-05,0.000593299589098,0.101493028394,0.616030336783,0.260272817291
148,0.0730963017075,0.253267786511,0.00960087226351,0.100205537455,0.0142800574445,0.0952045256993,0.027925518225,0.059620946491,0.0535561223778,0.210325951452,0.062358871346,0.040557509027,20,1,2,20,3.82501862778e-05,3.442516765e-06,3.82501862778e-05,4.68638075026e-05,6.0946474338e-05,3.80760203993e-05,3.82501862778e-05,3.442516765e-06,3.82501862778e-05,0.279366099551,0.506381812561,0.213946315807
149,0.0656601973458,0.0797107010028,0.164837982697,0.0726134954874,0.0915574078167,0.000389706863944,0.0830366136491,0.000672867486131,0.117737254567,0.0660877730187,0.137919213553,0.119776786512,20,1,2,20,9.52417471411e-05,8.5717572427e-06,9.52417471411e-05,0.000335674573907,0.000395424241724,0.000115082164381,9.52417471411e-05,8.5717572427e-06,9.52417471411e-05,0.279103828852,0.505906418042,0.213745461623
150,0.0414022203142,0.154041218681,0.0677132903885,0.0716073929308,0.0579018409445,0.0129557470036,0.0562804073993,0.12535194575,0.000727610579432,0.0104425662589,0.17822868388,0.223347075871,20,1,2,20,0.000204948140356,1.8445332632e-05,0.000204948140356,0.00536786901915,0.000750189631144,2.43756803555e-05,0.000204948140356,1.8445332632e-05,0.000204948140356,0.277495593842,0.502991415536,0.212513873064
151,0.0439220964339,0.0115657579596,0.0402465691687,0.0650418789351,0.239133737603,0.0794197177355,0.0102327617384,0.0354286281991,0.159084254276,0.168421799758,0.105144311984,0.0423584862088,20,1,2,20,1.17363556081e-05,1.05627200473e-06,1.17363556081e-05,1.89153531755e-06,2.17337569688e-06,1.37660321631e-05,1.17363556081e-05,1.05627200473e-06,1.17363556081e-05,0.279432855824,0.506502815653,0.213997439614
152,0.121268472621,0.0799609115793,0.132752083804,0.0151009671729,0.0265869270335,0.0139853409107,0.053528389919,0.0710355325679,0.17219817392,0.209150522436,0.00579988101994,0.0986327970148,20,1,2,20,0.000307387638317,2.76648874485e-05,0.000307387638317,0.00434642740541,0.00598795488241,0.000414043323275,0.000307387638317,2.76648874485e-05,0.000307387638317,0.102548425873,0.622438149868,0.262980118319
153,0.0109120478215,0.00788153316801,0.204677515067,0.025268427998,0.174888934931,0.124040489517,0.0478274531284,0.00750691919264,0.189454125171,0.0032571602746,0.039654137605,0.164631256126,20,1,2,20,0.000196681015928,1.77012914335e-05,0.000196681015928,0.00740753882386,0.000607341391908,4.24995428759e-05,0.000196681015928,1.77012914335e-05,0.000196681015928,0.276970100701,0.502038940523,0.212111452371
154,0.0359800886453,0.0416466384322,0.208441582551,0.00661415345713,0.182030744915,0.0292868122052,0.0792806850182,0.00431260504786,0.0848753072185,0.247199303148,0.0107714377814,0.0695606415804,20,1,2,20,0.00024203283741,2.17829553669e-05,0.00024203283741,0.00243333607898,0.000796919899066,4.20774802835e-05,0.00024203283741,2.17829553669e-05,0.00024203283741,0.213647238053,0.549784696822,0.232284034407
155,0.0598111244619,0.0538268162058,0.183771856776,0.0174089348784,0.233836912766,0.0155314274395,0.278041841527,0.005086734676,0.0441734583088,0.00425585224684,0.0120754378296,0.0921796028842,20,1,2,20,8.04530922119e-05,7.24077829907e-06,8.04530922119e-05,0.0206489343187,0.0226810968804,0.000102460193872,8.04530922119e-05,7.24077829907e-06,8.04530922119e-05,0.267220138247,0.484366310323,0.204644766112
156,0.116992054598,0.101132701308,0.0624067787816,0.106889202475,0.0153509110555,0.0290586696127,0.0436105974863,0.00445352824885,0.162347837579,0.0463919429417,0.262545331075,0.0488204448388,20,1,2,20,2.76022639527e-05,2.48420375574e-06,2.76022639527e-05,2.80646282153e-05,3.87912016924e-05,2.38875313701e-05,2.76022639527e-05,2.48420375574e-06,2.76022639527e-05,0.279393947249,0.506432289579,0.213967642347
157,0.0360102002224,0.0838520056916,0.014243511829,0.187874732021,0.0765259574638,0.0692397285279,0.150020361552,0.117602594697,0.0360339515959,0.164591147785,0.0177308900672,0.0462749185474,20,1,2,20,0.000253063665672,2.27757299104e-05,0.000253063665672,0.00638107042039,0.0149198228885,7.66828701336e-05,0.000253063665672,2.27757299104e-05,0.000253063665672,2.39878518319e-05,0.687199036799,0.290341593048
158,0.0936093775241,0.390961550052,0.0196758617809,0.0442612035163,0.136019451115,0.00462920167546,0.0565210987214,0.0396572157084,0.0607800030242,0.00346827429733,0.0262661862499,0.124150576335,20,1,2,20,0.000842475791839,7.58228212655e-05,0.000842475791839,0.00400728791261,0.00253853320433,0.00206932047581,0.000842475791839,7.58228212655e-05,0.000842475791839,0.102537617654,0.622373069908,0.262952622036
159,0.074274491694,0.00364262632506,0.0636799130615,0.0258194570785,0.0250035633821,0.138132401039,0.161267310568,0.191019798261,0.0809468691304,0.0157047032464,0.0912240482581,0.129284817955,20,1,2,20,0.0005135475092,4.6219275828e-05,0.0005135475092,0.0132373645065,0.000357968086417,0.00625944933694,0.0005135475092,4.6219275828e-05,0.0005135475092,0.101513182084,0.616158458628,0.26032694877
160,0.0190473844881,0.130637542757,0.151788528496,0.0612158637468,0.0339394358452,0.0655847994141,0.00854051670188,0.0449847362922,0.151413904034,0.0504452836651,0.205782536177,0.0766194683825,20,1,2,20,0.000412710552081,3.71439496873e-05,0.000412710552081,0.0114028835884,0.00106735147525,0.000553119415615,0.000412710552081,3.71439496873e-05,0.000412710552081,0.27532997652,0.499066108185,0.210855430708
161,0.128345693729,0.0168284861094,0.0708282343233,0.0130406669994,0.0323689220109,0.0137457156786,0.102982695025,0.0359310278261,0.311205867015,0.00780408154213,0.220847545402,0.0460710643384,20,1,2,20,0.000706449882723,6.35804894451e-05,0.000706449882723,0.00934048824812,0.000186192940623,0.00509218256163,0.000706449882723,6.35804894451e-05,0.000706449882723,2.41074414448e-05,0.690617974199,0.291786094099
162,0.048447596845,0.0430345542334,0.0975103879716,0.142071602662,0.00940515795946,0.109389043959,0.0290358049775,0.0731309220239,0.171769699403,0.0573035498563,0.179676314238,0.0392253658708,20,1,2,20,0.000314185674694,2.82767107225e-05,0.000314185674694,0.00497064310457,0.00107565316284,0.000252284399619,0.000314185674694,2.82767107225e-05,0.000314185674694,0.277324397269,0.502681002421,0.212382723523
163,0.130130518591,0.17514504027,0.0444506577667,0.0375274444991,0.275540460972,0.0600337141166,0.00654998727227,0.103108924488,0.029426153469,0.0909983158451,0.0400997029152,0.00698907979386,20,1,2,20,0.000649844667876,5.84860201088e-05,0.000649844667876,0.00414490334214,0.00730729937874,3.85824680466e-05,0.000649844667876,5.84860201088e-05,0.000649844667876,0.102322491703,0.62106880309,0.262401569306
164,0.00254464975593,0.00925307565098,0.101578556362,0.123603827573,0.00932597202693,0.388467193191,0.0844522223874,0.0347380680667,0.00458282425303,0.0539780744275,0.113444340583,0.0740311957217,20,1,2,20,9.3196452483e-05,8.38768072347e-06,9.3196452483e-05,0.000312705847997,1.45004882168e-05,0.00015930486499,9.3196452483e-05,8.38768072347e-06,9.3196452483e-05,0.279206728251,0.506092934535,0.213824264841
165,0.0827366438499,0.0510736057588,0.0735391978679,0.0318264884269,0.0821948934181,0.147026749231,0.0682444892701,0.202303265876,0.128918880493,0.0486751726182,0.0280973749248,0.0553632382654,20,1,2,20,0.000267070757753,2.40363681978e-05,0.000267070757753,5.00254736642e-06,0.000411867020117,5.24590182162e-05,0.000267070757753,2.40363681978e-05,0.000267070757753,0.279008426086,0.505733490025,0.213672399536
166,0.0914118845287,0.0264845432356,0.156378244326,0.0226822858702,0.0415134148794,0.0919528585413,0.102942981741,0.00925189216457,0.000890487210067,0.244181502087,0.16004296548,0.0522669399357,20,1,2,20,8.08321037272e-06,7.27488933545e-07,8.08321037272e-06,1.60881216267e-06,5.41861043814e-05,7.64847000022e-07,8.08321037272e-06,7.27488933545e-07,8.08321037272e-06,0.279426300261,0.506490932974,0.213992419182
167,0.0366181191063,0.0444185375686,0.0161196400235,0.0154081411918,0.0267644661249,0.183393941041,0.105214125486,0.0263454070927,0.0977764969468,0.192048922681,0.13766974751,0.118222455227,20,1,2,20,0.000169272525007,1.52345272506e-05,0.000169272525007,0.00192877983825,0.00131586544564,0.000305467134337,0.000169272525007,1.52345272506e-05,0.000169272525007,0.21365309454,0.549799109939,0.232290123949
168,0.259188059862,0.195423466646,0.000802130834669,0.000995288704336,0.217038480036,0.0224200698108,0.120777800873,0.00173014950856,0.0910535206016,0.0373657313163,0.0237377474661,0.0294675543421,20,1,2,20,0.00179408749859,0.000161467874874,0.00179408749859,0.184863516813,0.00249644666936,0.00817579949577,0.00179408749859,0.000161467874874,0.00179408749859,0.222711716541,0.403692959393,0.170560275343
169,0.209234159973,0.0572965885912,0.0398636919818,0.0766713731355,0.0852783748709,0.0276783826622,0.0223478267027,0.128396135676,0.0566282568765,0.130156168974,0.092952099063,0.0734969414935,20,1,2,20,1.39415042751e-05,1.25473538476e-06,1.39415042751e-05,1.40418365769e-06,2.47679888344e-05,3.23265249299e-06,1.39415042751e-05,1.25473538476e-06,1.39415042751e-05,0.279427045634,0.506492284045,0.213992990009
170,0.0510518440394,0.158271600772,0.0571668843872,0.127979989698,0.0931988548875,0.0874631155009,0.0662119815616,0.00197816885625,0.0968427881662,0.123915079507,0.00784435537118,0.128075337254,20,1,2,20,0.000369790921499,3.32811829349e-05,0.000369790921499,0.010716948833,0.000626203685894,0.00454951136524,0.000369790921499,3.32811829349e-05,0.000369790921499,0.27457836297,0.497703512896,0.210279734198
171,0.177304319814,0.16829764558,0.0214281166656,0.118532546658,0.2296661961,0.013117803084,0.0283469253131,0.0585635731536,0.007286898173,0.109322538482,0.0295105396471,0.0386228973291,20,1,2,20,0.000775272500875,6.97745250788e-05,0.000775272500875,0.00355471822129,0.000418747063868,0.00248258543279,0.000775272500875,6.97745250788e-05,0.000775272500875,0.102791297802,0.62391002631,0.263601986116
172,0.051214326895,0.131047812582,0.00130367189818,0.0927285004932,0.0134645171777,0.136844686177,0.0186320451485,0.0492708483501,0.0322996424769,0.0849259567656,0.185059737814,0.203208254222,20,1,2,20,0.000118049003436,1.06244103092e-05,0.000118049003436,0.00569243002662,0.000373161693314,0.000269725276853,0.000118049003436,1.06244103092e-05,0.000118049003436,0.277543239954,0.503077678886,0.212550319329
173,0.0851297694978,0.10685523833,0.0744395605755,0.0393553975555,0.153997929655,0.0728017319564,0.0184549909226,0.0383727558261,0.0821242187494,0.0127165002158,0.181657643569,0.134094263147,20,1,2,20,0.000238982620952,2.15084358857e-05,0.000238982620952,0.00620974978098,0.000971166889893,0.00469986573275,0.000238982620952,2.15084358857e-05,0.000238982620952,0.102464716673,0.621901970874,0.262753582694
174,0.00352567826579,0.0730872042323,0.1571537996,0.039964836487,0.0337464528499,0.226275054412,0.122527676188,0.00513444780285,0.143370051997,0.140843071275,0.0484862234653,0.00588550342559,20,1,2,20,0.000142091359361,1.27882223425e-05,0.000142091359361,0.000294058847054,0.000257156016555,7.54789480695e-06,0.000142091359361,1.27882223425e-05,0.000142091359361,0.279129420781,0.505952811654,0.213765062924
175,0.0603322653643,0.0279556999898,0.00609214973774,0.251522730506,0.0551704948259,0.023201553041,0.102641146124,0.0105149020333,0.0975469508781,0.159669742331,0.163942474717,0.0414098904526,20,1,2,20,0.000356151325219,3.20536192697e-05,0.000356151325219,0.0069446289847,0.00144677364751,0.00500305112244,0.000356151325219,3.20536192697e-05,0.000356151325219,0.102257222774,0.620639445295,0.262220165637
176,0.095959763238,0.00648262922945,0.0263522647643,0.0564063570389,0.194035564754,0.0297065031312,0.0305838878094,0.230428473416,0.0204004787381,0.073738782305,0.0690358303704,0.166869465205,20,1,2,20,0.00152086515026,0.000136877863523,0.00152086515026,0.0044777529519,0.00123007105626,0.000525629263488,0.00152086515026,0.000136877863523,0.00152086515026,2.42296069236e-05,0.694119578765,0.293265522028
177,0.153482671571,0.212808264616,0.0834092516756,0.00348612159683,0.0163849774183,0.025884817854,0.0495518327346,0.104582453583,0.2653067404,0.0282458686862,0.012451768526,0.0444052313388,20,1,2,20,0.00163121774123,0.00014680959671,0.00163121774123,0.000136742978403,0.00714577910216,0.00108469442985,0.00163121774123,0.00014680959671,0.00163121774123,0.275207878796,0.498844579638,0.210761834897
178,0.0733740774016,0.438206493961,0.120827405528,0.0504801733475,0.0341785780469,0.00231791920002,0.00864318042869,0.132063564628,0.015473822844,0.00862204596203,0.012514514521,0.103298224131,20,1,2,20,0.000369555648308,3.32600083477e-05,0.000369555648308,0.000125778050708,3.77085849956e-05,0.00184903134746,0.000369555648308,3.32600083477e-05,0.000369555648308,0.278457466053,0.504734814308,0.213250459045
179,0.292074076726,0.1321108694,0.0607579778852,0.158812016008,0.0300447672462,0.00548051089789,0.0515430414978,0.0236909477548,0.0778613882748,0.0531970346735,0.0513050833623,0.0631222862739,20,1,2,20,8.30802872543e-05,7.47722585289e-06,8.30802872543e-05,3.51265847893e-06,2.62972700402e-05,9.32838974819e-05,8.30802872543e-05,7.47722585289e-06,8.30802872543e-05,0.279320102568,0.506298437965,0.21391109004
180,0.0847514019074,0.191441332729,0.103985968759,0.0181380314664,0.113019521889,0.0648207367812,0.00787844060248,0.0204156504277,0.134488678629,0.244472061199,0.000339379183342,0.0162487964277,20,1,2,20,0.000211319269073,1.90187342165e-05,0.000211319269073,0.0237423991832,0.00181268871387,0.000554031655673,0.000211319269073,1.90187342165e-05,0.000211319269073,0.271908292819,0.492864163855,0.208235109229
181,0.0769908182851,0.265804923501,0.0873342393197,0.100410032189,0.232229808924,0.0376885854204,0.00196972653149,0.0138045088403,0.063871323439,0.0120118265772,0.0824405048089,0.0254437021647,20,1,2,20,0.00095421601055,8.58794409495e-05,0.00095421601055,0.0538577676095,0.00168434167859,0.0016989460576,0.00095421601055,8.58794409495e-05,0.00095421601055,0.262340415266,0.475521902611,0.200908003853
182,0.0384987304984,0.00486533221159,0.240026578856,0.0157801867075,0.00314412883769,0.0114136112027,0.259578856388,0.00382326804078,0.0123696261321,0.192782592411,0.00772731862183,0.209989770093,20,1,2,20,0.000129341502722,1.1640735245e-05,0.000129341502722,0.0104412369849,0.00193702521531,0.00160192254311,0.000129341502722,1.1640735245e-05,0.000129341502722,0.275393678963,0.499181362961,0.210904125851
183,0.0588531732882,0.158459026974,0.0391393791504,0.0759781176487,0.178911137433,0.0917786325212,0.000266326664277,0.000896913016417,0.114422918893,0.0654526209318,0.075148694186,0.140693059293,20,1,2,20,0.000321009915677,2.88908924109e-05,0.000321009915677,0.00398030903596,0.00114003701251,0.000679682628137,0.000321009915677,2.88908924109e-05,0.000321009915677,0.27745574695,0.502919088173,0.212483314753
184,0.0790809547787,0.17699609622,0.0582305845472,0.0187728954207,0.176340079915,0.123207196334,0.134243368335,0.0614045978503,0.0495483487595,0.0225188174373,0.0232802426656,0.0763768177355,20,1,2,20,0.000985202879391,8.86682591452e-05,0.000985202879391,0.00786940726796,0.00657805094145,0.00183738370936,0.000985202879391,8.86682591452e-05,0.000985202879391,0.210187809913,0.540885202202,0.22852399793
185,0.0405498778714,0.0551937253297,0.0499621094903,0.167222757907,0.241499578842,0.0175087203752,0.0425098791648,0.0177928807567,0.207083638579,0.0129502215441,0.12853476379,0.0191918463498,20,1,2,20,0.000437438494955,3.9369464546e-05,0.000437438494955,0.00259115144298,0.00382845610548,0.000763248276003,0.000437438494955,3.9369464546e-05,0.000437438494955,0.276933312673,0.501972118519,0.212083220074
186,0.00799655767626,0.0149253134648,0.145149436976,0.00486310316445,0.0585651163031,0.0205095746849,0.363971665716,0.235546255146,0.0229157570501,0.00305985289785,0.019773938596,0.102723428324,20,1,2,20,0.00147650259499,0.000132885233549,0.00147650259499,0.00436120766684,0.00139519270795,0.00544562278622,0.00147650259499,0.000132885233549,0.00147650259499,0.101993845246,0.619073708784,0.261558641961
187,0.043941359163,0.0990413124387,0.0382693342812,0.0180893982415,0.0740351692489,0.0861902348275,0.115225097547,0.139986369503,0.112237494579,0.0575908914618,0.208853887732,0.00653945097572,20,1,2,20,3.64027218988e-05,3.27624497089e-06,3.64027218988e-05,2.97127495844e-05,2.33543091754e-05,2.48832569407e-05,3.64027218988e-05,3.27624497089e-06,3.64027218988e-05,0.279387242405,0.506420136311,0.213962507591
188,0.0334838188128,0.0168924177995,0.0144569244031,0.129968003637,0.173309132818,0.113766140233,0.00107436596661,0.115696522371,0.0586186380541,0.109104091322,0.073814540834,0.15981540375,20,1,2,20,4.0396549244e-06,3.63568943196e-07,4.0396549244e-06,2.88060629351e-06,0.000982261971989,1.43766300483e-06,4.0396549244e-06,3.63568943196e-07,4.0396549244e-06,0.279171127906,0.506028404988,0.213797001107
189,0.0912091465718,0.024322154719,0.0313828170362,0.160193608845,0.434282559393,0.00195737266683,0.0035549433169,0.100926203202,0.0147378586108,0.0113149564934,0.111073415081,0.015044964064,20,1,2,20,0.000144169263254,1.29752336929e-05,0.000144169263254,6.84999336535e-05,0.00543862738593,0.00283281672802,0.000144169263254,1.29752336929e-05,0.000144169263254,0.276952532565,0.502006956673,0.212097939194
190,0.219329082102,0.174277728923,0.0660337782215,0.00279895038539,0.119458064998,0.0114098373792,0.0034022455566,0.14993851422,0.107439657629,0.11289960997,0.0081904194625,0.0248221111537,20,1,2,20,0.000720250532418,6.48225479176e-05,0.000720250532418,0.0193542444586,0.000565075010063,0.00849259815175,0.000720250532418,6.48225479176e-05,0.000720250532418,0.270670424531,0.490620042617,0.207286968006
191,0.0771556663968,0.0664662699235,0.00909954895607,0.0242647957632,0.141210805001,0.0591163744697,0.111979119731,0.145864233973,0.199589212962,0.0274563753653,0.0731926890201,0.0646049084389,20,1,2,20,0.000102081583921,9.18734255285e-06,0.000102081583921,1.29153495254e-05,0.000101615313946,1.36264471283e-05,0.000102081583921,9.18734255285e-06,0.000102081583921,0.279296492069,0.506255641335,0.213893008464
192,0.300485712722,0.160941264627,0.181352969379,0.0194970445467,0.0722675769906,0.116743186567,0.0760780242298,0.000592309478878,0.0227188182993,0.0300595318923,0.0104019679638,0.00886159330428,20,1,2,20,0.0353441861358,0.00318097675222,0.0353441861358,0.0158677449882,0.0065485304876,0.0171378013475,0.0353441861358,0.00318097675222,0.0353441861358,0.22711229216,0.411666033722,0.173928899247
193,0.0563489288387,0.27238267578,0.152951010654,0.0837006286255,0.00762296127904,0.1258309905,0.000182886977127,0.175393819992,0.106488134557,4.67180180329e-06,0.0115016583711,0.00759163262503,20,1,2,20,0.0136929453036,0.00123236507733,0.0136929453036,0.0324490730693,0.267739510877,0.0379881464039,0.0136929453036,0.00123236507733,0.0136929453036,0.168952705522,0.306245379795,0.129388672964
194,0.118774864948,0.110210181499,0.00521230276923,0.0804777936614,0.198922565329,0.0231222668033,0.0930768931581,0.115536238813,0.0134930513585,0.0602001037757,0.170174942003,0.0107987958805,20,1,2,20,0.000725187615168,6.52668853651e-05,0.000725187615168,0.0649233730782,0.00400471591608,0.00109418156262,0.000725187615168,6.52668853651e-05,0.000725187615168,0.0962143869238,0.583994417074,0.246737641214
195,0.0696862858128,0.121092777952,0.121559178094,0.271384274891,0.0187198966222,0.0357350672854,0.0846395016008,0.0816411712423,0.0422174234118,0.00297052769253,0.0220441008722,0.128309794523,20,1,2,20,0.00056417152988,5.07754376892e-05,0.00056417152988,0.00158227712122,0.00170622470678,0.000326120991403,0.00056417152988,5.07754376892e-05,0.00056417152988,0.21328569524,0.548851630893,0.231889814052
196,0.0342920849318,0.0184833190724,0.08797289933,0.00273168695769,0.046054744239,0.105154567939,0.0367142673911,0.195514137064,0.013303570524,0.0982928260182,0.0382153177235,0.32327057881,20,1,2,20,9.85442050581e-06,8.86897845523e-07,9.85442050581e-06,1.14151468415e-05,1.49162733486e-05,5.08433562675e-06,9.85442050581e-06,8.86897845523e-07,9.85442050581e-06,0.279431257829,0.506499919112,0.213996215825
197,0.0494686018508,0.277237010338,0.0220801999038,0.47631652912,0.0328410237675,0.00567338441687,0.0656302032238,0.0121873786918,0.0337211237203,0.00123275577399,0.00332868831219,0.0202831008809,20,1,2,20,0.0108792070363,0.000979128633269,0.0108792070363,0.108004614424,0.119801544958,0.00615810503279,0.0108792070363,0.000979128633269,0.0108792070363,0.0747809099671,0.453975212799,0.191804527407
198,0.0950339437698,0.190464122951,0.0384786763944,0.0887602923935,0.123049619596,0.056456888403,0.0554116264412,0.178995005508,0.0636718588016,0.0199696316451,0.0253981221103,0.0643102119855,20,1,2,20,0.00136697858816,0.000123028072934,0.00136697858816,0.00474819199199,0.00230493038155,0.000435345476301,0.00136697858816,0.000123028072934,0.00136697858816,0.275762106199,0.499849177823,0.21118627763
199,0.216460010748,0.201459456167,0.0864988464862,0.0391159632454,0.061463572103,0.0928545289403,0.0210638994708,0.0817542022694,0.0833750235273,0.0672365640763,0.0357908611659,0.0129270717996,20,1,2,20,0.00052337855561,4.71040700049e-05,0.00052337855561,0.0103501123717,0.0153316979274,0.000173294938447,0.00052337855561,4.71040700049e-05,0.00052337855561,0.271614936449,0.492331976064,0.208010259887
200,0.145998705219,0.101748131599,0.00570025282971,0.110562241704,0.0429957719052,0.0566532945594,0.0259955472506,0.0857473660038,0.14444717297,0.0304069784838,0.190304659392,0.0594398780832,20,1,2,20,0.000105622106524,9.50598958717e-06,0.000105622106524,0.000469202200273,8.88173241678e-05,0.000474752834472,0.000105622106524,9.50598958717e-06,0.000105622106524,0.279039559608,0.505789924519,0.213696243109
201,0.0352475099249,0.111322206084,0.457789399525,0.0556674681418,0.0324437472041,0.0399500145853,0.0486927980883,0.0345973205171,0.0202971627098,0.0345958583362,0.0888140415924,0.0405824732916,20,1,2,20,0.000164338953154,1.47905057839e-05,0.000164338953154,0.00024349190349,0.000151467547785,9.37005707499e-05,0.000164338953154,1.47905057839e-05,0.000164338953154,0.279123025674,0.505941214397,0.213760163083
202,0.0513763106787,0.0405284416818,0.0321907415657,0.0136250502865,0.180289621357,0.127426912564,0.0189960147625,0.204826151992,0.00467543893061,0.142564520551,0.14976228023,0.0337385154003,20,1,2,20,0.000276221525147,2.48599372632e-05,0.000276221525147,0.00899694409743,0.00297163098777,0.000199545687969,0.000276221525147,2.48599372632e-05,0.000276221525147,0.211707876382,0.544793952105,0.230175444764
203,0.083878393736,0.0390477730829,0.14681930235,0.0500686750738,0.0434835569591,0.046970938777,0.0357072455044,0.0605585436952,0.0217775730695,0.282873610483,0.127045700259,0.0617686870097,20,1,2,20,6.93312289447e-06,6.23981060503e-07,6.93312289447e-06,1.24992666702e-05,4.55126752424e-06,2.43769553949e-06,6.93312289447e-06,6.23981060503e-07,6.93312289447e-06,0.279438003384,0.506512146174,0.214001381758
204,0.0572237161833,0.13726778988,0.137666157722,0.0306216103297,0.0265822435479,0.0815250818104,0.0767166117877,0.212557955673,0.0906718243458,0.0671943233147,0.065147186155,0.0168254992504,20,1,2,20,0.000416952346871,3.75257112184e-05,0.000416952346871,0.0147277634143,0.000778968143729,0.000698983727476,0.000416952346871,3.75257112184e-05,0.000416952346871,0.274435680107,0.497445162599,0.210170581198
205,0.0235789301373,0.0511493663068,0.0115430301682,0.212670076911,0.0225373121839,0.0196040887163,0.158034571098,0.208883889468,0.085733956024,0.100945231861,0.102124919378,0.00319462774831,20,1,2,20,5.40758994661e-05,4.86683095194e-06,5.40758994661e-05,1.37059966493e-05,2.82150616425e-05,4.35513634449e-05,5.40758994661e-05,4.86683095194e-06,5.40758994661e-05,0.27936449617,0.506378906255,0.213945087893
206,0.0581440739734,0.0234961852305,0.00541553128663,0.0395156842177,0.0432048022848,0.0347758095952,0.0431201228109,0.0229236348302,0.0541572406375,0.470895276309,0.141017155756,0.0633344830682,20,1,2,20,1.23996798423e-06,1.11597118581e-07,1.23996798423e-06,1.69690290401e-06,9.69127909947e-07,1.25676751036e-06,1.23996798423e-06,1.11597118581e-07,1.23996798423e-06,0.279449003385,0.506532084886,0.214009805864
207,7.80103966988e-05,0.282664597711,0.0933765821089,0.0387599180761,0.0173028820932,0.0999328948525,0.0723747166312,0.142586590281,0.080884088757,0.104436154549,0.0197909588168,0.0478126057266,20,1,2,20,0.000954935489215,8.59441940293e-05,0.000954935489215,0.0365630592541,0.0026342632425,0.00267987756408,0.000954935489215,8.59441940293e-05,0.000954935489215,0.266633160045,0.483302642917,0.204195366633
208,0.0139164673145,0.0678749940323,0.103152690454,0.18105212303,0.17006856666,0.213217837102,0.0559572889963,0.051200896442,0.0452008667629,0.0734662117115,0.0237946873178,0.00109737017617,20,1,2,20,0.000662591853134,5.96332667821e-05,0.000662591853134,6.79982756459e-06,0.000145939958501,0.000558872764437,0.000662591853134,5.96332667821e-05,0.000662591853134,0.27847870831,0.504773318238,0.213266726955
209,0.205303463862,0.0314141971605,0.00200160311231,0.09664856221,0.0890808247769,0.0295946535605,0.264688603161,0.108917451498,0.0854767970293,0.0343957326126,0.00695911747718,0.0455189935393,20,1,2,20,0.00238459747737,0.000214613772963,0.00238459747737,0.0173839363441,0.00864341688008,0.00223650445713,0.00238459747737,0.000214613772963,0.00238459747737,0.268767703122,0.487171052191,0.20582976955
210,0.175124244041,0.0077763026185,0.121402242713,0.0944905883581,0.0358639155077,0.0171759477944,0.258800783777,0.0384678443876,0.0826693538605,0.109415890987,0.0577134279384,0.00109945801627,20,1,2,20,0.000101657993297,9.14921939669e-06,0.000101657993297,3.38055863698e-05,9.47757526341e-05,2.15561372689e-05,0.000101657993297,9.14921939669e-06,0.000101657993297,0.279290844421,0.506245404352,0.213888683339
211,0.00648992172393,0.274607909531,0.00781550972766,0.0558536746519,0.012654158971,0.175728035077,0.199325025028,0.0299504525681,0.075998106414,0.00592152007674,0.0687019695326,0.0869537166976,20,1,2,20,0.00038990075812,3.50910682308e-05,0.00038990075812,0.00266246094666,9.70247611512e-05,0.00309723419203,0.00038990075812,3.50910682308e-05,0.00038990075812,0.277359432602,0.502744507789,0.212409554541
212,0.0254997163552,0.0523312677507,0.0781312816009,0.0075432659679,0.125422070409,0.173661169556,0.12656017003,0.0113954514928,0.132566797092,0.0207958612251,0.0939056371996,0.152187311321,20,1,2,20,5.86382232254e-05,5.27744009028e-06,5.86382232254e-05,4.47282468111e-05,0.00102324500745,0.000103107692854,5.86382232254e-05,5.27744009028e-06,5.86382232254e-05,0.279055791903,0.505819345784,0.213708673594
213,0.0949588332845,0.107679181283,0.117959614747,0.0724589252415,0.0451200311605,0.0007514180564,0.0299575741688,0.18984154972,0.153156238798,0.0220786136216,0.0566249213774,0.109413098541,20,1,2,20,7.71563732147e-05,6.94407358933e-06,7.71563732147e-05,3.62645648324e-05,2.78865822053e-06,0.00454663507884,7.71563732147e-05,6.94407358933e-06,7.71563732147e-05,0.278079943402,0.504050512939,0.212961341717
214,0.249612543271,0.00878352594764,0.177983771015,0.0282589223442,0.0650202074943,0.115482926252,0.170755442817,0.0461587609775,0.0381591057183,0.0666631624955,0.0306745428908,0.00244708877638,20,1,2,20,0.00245796975811,0.00022121727823,0.00245796975811,0.0208448507372,0.012897824075,0.00112092121568,0.00245796975811,0.00022121727823,0.00245796975811,0.0991099372599,0.601583235939,0.254168917184
215,0.0107542301792,0.102807523103,0.0918010576623,0.210076854689,0.0542937527795,0.171413722427,0.143921524997,0.00492567319138,0.0771827180364,0.00403213029341,0.0853255578989,0.0434652547428,20,1,2,20,0.00145014898015,0.000130513408214,0.00145014898015,0.0202621160732,0.00330072733497,0.00463149036487,0.00145014898015,0.000130513408214,0.00145014898015,0.269878667957,0.489184798266,0.206680577267
216,0.152877512156,0.0826564703923,0.0150980024549,0.0230020564519,0.071657269845,0.00918896175622,0.121925310964,0.097160224726,0.29288675628,0.0103785435146,0.0910718745837,0.0320970168758,20,1,2,20,0.00107293903131,9.65645128182e-05,0.00107293903131,0.00947928630232,0.00470437921569,0.0029449499162,0.00107293903131,9.65645128182e-05,0.00107293903131,0.101553352658,0.616402915119,0.260430231638
217,0.045542643355,0.0112927823835,0.183606177004,0.000886718160384,0.0620715496636,0.0261919706034,0.180366083355,0.141027386181,0.0563489852719,0.0604365555636,0.0666910245562,0.165538123903,20,1,2,20,0.000236656458608,2.12990812747e-05,0.000236656458608,0.00133705129754,0.000213515489782,0.000302764453597,0.000236656458608,2.12990812747e-05,0.000236656458608,0.278657191571,0.505096838798,0.213403414392
218,0.0168080820102,0.0509699241776,0.116096427918,0.191612839467,0.0123518568659,0.13861138159,0.102123204855,0.124188980206,0.0698210698134,0.0552429757044,0.0726885490816,0.0494847083103,20,1,2,20,0.000150559516451,1.35503564806e-05,0.000150559516451,0.000184159681734,0.00260776135438,0.000248586875559,0.000150559516451,1.35503564806e-05,0.000150559516451,0.278426003694,0.504677785318,0.213226364297
219,0.131403643964,0.2013746971,0.0344621661639,0.0900068844502,0.117818754893,0.0177671872032,0.0188150101409,0.0924400408834,0.0728833146251,0.190369070672,0.0119560340386,0.0207031958646,20,1,2,20,9.90556464793e-05,8.91500818313e-06,9.90556464793e-05,0.000150371163812,0.000174435079271,2.13421157877e-05,9.90556464793e-05,8.91500818313e-06,9.90556464793e-05,0.279239108697,0.506151627657,0.213849062685
220,0.00893122378799,0.161337191021,0.19467756492,0.146860854958,0.0646948829926,0.0137990483518,0.00496253181162,0.0768169098346,0.0835958321842,0.0419061019946,0.0375374186888,0.164880439455,20,1,2,20,4.58749645847e-05,4.12874681262e-06,4.58749645847e-05,2.48966653835e-06,0.0001509341009,2.84594843905e-07,4.58749645847e-05,4.12874681262e-06,4.58749645847e-05,0.279355007104,0.506361706279,0.213937820903
221,0.0398447739814,0.0661570554071,0.00108875517535,0.0615393964887,0.0298322883479,0.287294887661,0.0416664466712,0.0215006802853,0.199876181571,0.0700625935129,0.090669234003,0.0904677068947,20,1,2,20,5.67094403881e-06,5.10384963493e-07,5.67094403881e-06,1.7559873117e-06,1.60039399062e-06,5.44675370876e-06,5.67094403881e-06,5.10384963493e-07,5.67094403881e-06,0.279441883605,0.506520638815,0.214004969899
222,0.0104186733175,0.0462483510443,0.0537624517565,0.0932304913159,0.0873134264434,0.0274347793356,0.165378352611,0.0840895003474,0.0104577029831,0.0629720943323,0.352459885572,0.00623429094089,20,1,2,20,2.08211408602e-05,1.87390267742e-06,2.08211408602e-05,2.38238797268e-05,0.000185948849675,0.000109310009256,2.08211408602e-05,1.87390267742e-06,2.08211408602e-05,0.279338058537,0.506330985135,0.21392484122
223,0.109262475944,0.0270793103638,0.243361276122,0.043339703378,0.00838245888503,0.0215726046068,0.0201963221594,0.0549608461301,0.0544379314453,0.248799642178,0.0413937977927,0.127213630995,20,1,2,20,0.000399036257864,3.59132632077e-05,0.000399036257864,0.0268001572567,0.00304229647116,0.00124460764896,0.000399036257864,3.59132632077e-05,0.000399036257864,2.37346566349e-05,0.679944627352,0.287276605056
224,0.0221190420049,0.0585627152281,0.011599983927,0.0113734767529,0.192378290567,0.0919620874469,0.0250945716943,0.188167197792,0.142750070406,0.0478152294689,0.0948145996827,0.113362735029,20,1,2,20,6.92419881505e-05,6.23177893354e-06,6.92419881505e-05,0.0103520263644,0.009517101701,0.000213638720771,6.92419881505e-05,6.23177893354e-06,6.92419881505e-05,0.210197878015,0.540899770607,0.228530153081
225,0.006573310283,0.234068379725,0.0221895698035,0.0378598597617,0.0137873962601,0.00555895134085,0.051972901589,0.0480952300009,0.330320474196,0.0212197469832,0.137453911179,0.090900268878,20,1,2,20,4.52051813779e-05,4.06846632402e-06,4.52051813779e-05,0.00562542602353,0.000123322439564,0.000106445057716,4.52051813779e-05,4.06846632402e-06,4.52051813779e-05,0.277636707971,0.503563543655,0.212755597194
226,0.0897913026892,0.0355384535197,0.0430751611995,0.11972081691,0.0844736484469,0.253643098197,0.0760723900404,0.0625560747259,0.0812553978842,0.108748658544,0.0343523563142,0.0107726415282,20,1,2,20,0.000164143275977,1.47728948379e-05,0.000164143275977,1.00746015558e-05,0.000486088256259,7.97170689822e-06,0.000164143275977,1.47728948379e-05,0.000164143275977,0.279118929861,0.505933790285,0.213757026395
227,0.00758184959594,0.0169441531883,0.0775440634502,0.0483832322955,0.0776577964124,0.0918660068175,0.00426040623994,0.312711749112,0.107107897063,0.0469360151065,0.0741596678533,0.134847162865,20,1,2,20,8.49283427665e-05,7.64355084899e-06,8.49283427665e-05,0.0487251304471,0.000919070063403,0.00305422433488,8.49283427665e-05,7.64355084899e-06,8.49283427665e-05,0.264625325491,0.479663444071,0.20265780512
228,0.0782192998041,0.027757498981,0.243404747045,0.0792375403031,0.0932346595465,0.106573242545,0.0582041489349,0.045151507338,0.190275666337,0.0146631850171,0.0485452307481,0.0147332734006,20,1,2,20,0.00250131514861,0.000225118363375,0.00250131514861,0.0856012637533,0.00100107841471,0.026273682916,0.00250131514861,0.000225118363375,0.00250131514861,0.244985729789,0.444065200566,0.187617547239
229,0.0747050476665,0.0899806033965,0.0497261821123,0.365434748108,0.0669719579549,0.050105960556,0.0506814114106,0.00184882849156,0.102968209228,0.0587136782894,0.0496424861484,0.0392208866374,20,1,2,20,0.000333217268031,2.99895541228e-05,0.000333217268031,0.000771213396591,0.000498542363879,0.00291241661645,0.000333217268031,2.99895541228e-05,0.000333217268031,0.277893599908,0.50371274484,0.212818634695
230,0.0380675261209,0.0319246965381,0.0113735967441,0.311663878195,0.0788164358187,0.146965982717,0.0515372699765,0.0573679549437,0.00922378649266,0.083935556731,0.176084306284,0.00303900943898,20,1,2,20,6.37711572849e-05,5.73940415564e-06,6.37711572849e-05,4.83114409483e-05,0.00155305389725,0.000111356609844,6.37711572849e-05,5.73940415564e-06,6.37711572849e-05,0.278898433668,0.505534116659,0.213588164288
231,0.311156475834,0.119252184775,0.0710152127499,0.105048834127,0.00656280130076,0.0060745082158,0.0156370728051,0.0766632658993,0.136734629969,0.0270771985961,0.00412024926933,0.120657566458,20,1,2,20,2.16137032633e-05,1.9452332937e-06,2.16137032633e-05,5.96994435271e-05,0.00939582089667,2.73476828858e-06,2.16137032633e-05,1.9452332937e-06,2.16137032633e-05,0.276783176873,0.501699980836,0.211968241903
232,0.0639970885973,0.160449510458,0.0632053581312,0.0761449617716,0.0111811228948,0.028643008415,0.218846102218,0.124365831885,0.0752759369164,0.0284474699646,0.0131038075386,0.13633980121,20,1,2,20,0.00014556687472,1.31010187248e-05,0.00014556687472,9.70224323021e-05,7.83205093449e-05,0.000103910006473,0.00014556687472,1.31010187248e-05,0.00014556687472,0.27920347261,0.506087033325,0.21382177158
233,0.0505643213158,0.0700242291675,0.249748424115,0.141336440296,0.0409196027159,0.170316549497,0.0381281041949,0.0148493398777,0.0986972198578,0.0504601048801,0.0559553964138,0.0190002676684,20,1,2,20,0.000264391485588,2.37952337029e-05,0.000264391485588,0.0024216111314,0.000247879289328,0.0139232730551,0.000264391485588,2.37952337029e-05,0.000264391485588,0.274505836924,0.497572051452,0.210224191739
234,0.00738314778776,0.014511745186,0.116601489714,0.0383128317278,0.35354736699,0.154574280574,0.034929391628,0.0314176949706,0.050785879873,0.0124607796742,0.16854721781,0.0169281740646,20,1,2,20,8.29970978064e-05,7.46973880258e-06,8.29970978064e-05,3.52863325302e-05,0.000139727626331,7.6979439042e-06,8.29970978064e-05,7.46973880258e-06,8.29970978064e-05,0.279303539379,0.50626841536,0.21389840549
235,0.0332035006772,0.0015438416614,0.117656035441,0.105621113373,0.0721667194521,0.174740684461,0.101583192413,0.0041957258896,0.0149905265333,0.0585777826778,0.194315355846,0.121405521574,20,1,2,20,0.000162431479237,1.46188331313e-05,0.000162431479237,0.00377705869858,0.0027581353728,0.000278316278934,0.000162431479237,1.46188331313e-05,0.000162431479237,0.212965782509,0.548008255576,0.231533487981
236,0.0791999532342,0.0147847761605,0.0531991193794,0.0272656659825,0.0760108585925,0.211346310055,0.141676460158,0.0182007047081,0.201974999639,0.121303771395,0.0114632277643,0.0435741529314,20,1,2,20,0.000790743483133,7.1166913482e-05,0.000790743483133,0.031313381156,0.00410012337803,0.0010488666644,0.000790743483133,7.1166913482e-05,0.000790743483133,0.26833840851,0.486392908634,0.205501003898
237,0.0293751294329,0.00858839237451,0.0626294014485,0.00350166245465,0.300346916792,0.0118986480445,0.00788982321913,0.0435389276581,0.0473525720934,0.186881925134,0.0512078657981,0.246788735551,20,1,2,20,3.13919435035e-05,2.82527491531e-06,3.13919435035e-05,0.000525445799065,0.000171002875623,5.74989455319e-05,3.13919435035e-05,2.82527491531e-06,3.13919435035e-05,0.279192840637,0.506096304688,0.213825688731
238,0.00624713152645,0.101659193761,0.12755912003,0.0287427508559,0.0195663860405,0.137691455332,0.0770593983427,0.0663086261057,0.0436522197518,0.0819152514169,0.241867569739,0.0677308970981,20,1,2,20,0.000225730163299,2.03157146969e-05,0.000225730163299,0.00912550929207,0.00180842255332,0.000258546005531,0.000225730163299,2.03157146969e-05,0.000225730163299,0.276060048201,0.500389400257,0.211414521609
239,0.0560758057553,0.252258189651,0.0211625424737,0.0594564262974,0.0919694939055,0.12850914075,0.0812951210431,0.0443984857335,0.0141181104681,0.172187999004,0.0207270456781,0.0578416392397,20,1,2,20,0.000154650989645,1.3918589068e-05,0.000154650989645,0.00616258609711,0.0104595559708,0.000135616786396,0.000154650989645,1.3918589068e-05,0.000154650989645,0.101990953151,0.61905437389,0.261550472968
240,0.133560739834,0.0249655100827,0.228371265557,0.0862595863536,0.0847868977528,0.0870347428535,0.0508110051279,0.177509586864,0.0710756459997,0.0465940991521,0.00053499470301,0.00849592571982,20,1,2,20,0.00567442591707,0.000510698332536,0.00567442591707,0.0839414572388,0.00765479398926,0.0174784242205,0.00567442591707,0.000510698332536,0.00567442591707,0.242342121616,0.439271776873,0.185592325729
241,0.0510227729305,0.0142851655412,0.0756249109785,0.173183796733,0.022588980476,0.191844702634,0.122192010231,0.00205531957846,0.203178071831,0.016678630461,0.0775295366196,0.0498161019858,20,1,2,20,0.00022950365932,2.06553293388e-05,0.00022950365932,9.5706743795e-05,0.000590675747778,3.37396010994e-05,0.00022950365932,2.06553293388e-05,0.00022950365932,0.27898222386,0.505685995607,0.213652333144
242,0.0442574395162,0.0526430682979,0.00630277536521,0.158359618182,0.0259520937884,0.0677697506379,0.137250008411,0.0703822391739,0.125069418959,0.0241649253366,0.131690583287,0.156158079046,20,1,2,20,9.7012971373e-06,8.73116742357e-07,9.7012971373e-06,2.83403887282e-06,1.50388470061e-06,6.12538451755e-06,9.7012971373e-06,8.73116742357e-07,9.7012971373e-06,0.279437291888,0.506510856508,0.214000836875
243,0.0151212256982,0.137772753325,0.0547785390311,0.0318143775933,0.0522791173641,0.146334410699,0.0405080330296,0.154245311432,0.0121068359708,0.0699303787634,0.0501374312333,0.234971585861,20,1,2,20,0.000318996177404,2.87096559663e-05,0.000318996177404,0.0146445840671,0.000726088922773,0.000923055972842,0.000318996177404,2.87096559663e-05,0.000318996177404,0.274525509485,0.497607984205,0.210239373326
244,0.038790197949,0.141821354088,0.0660578683315,0.026568358019,0.221847595397,0.0193092270327,0.126022700177,0.0320617607422,0.0851070751564,0.0203339281319,0.182040125313,0.0400398096633,20,1,2,20,0.000512108926044,4.60898033439e-05,0.000512108926044,0.040431685856,0.00199665605589,0.000378820617321,0.000512108926044,4.60898033439e-05,0.000512108926044,0.266890520517,0.483769210294,0.204392491349
245,0.00601833162194,0.152287539949,0.00220830678232,0.0886476492134,0.147647415987,0.0127349630815,0.231697693453,0.0449788996296,0.11713590513,0.0775781017055,0.0800060166547,0.0390591767913,20,1,2,20,3.33178625524e-05,2.99860762972e-06,3.33178625524e-05,6.28754582555e-06,4.10304374542e-06,4.35361050989e-06,3.33178625524e-05,2.99860762972e-06,3.33178625524e-05,0.279408508899,0.506458684172,0.213978794063
246,0.114627280021,0.000519304947079,0.00373458812041,0.00300054364083,0.10205157985,0.12723776551,0.0297481375362,0.233114172456,0.0424525968868,0.0494742374675,0.196196765514,0.0978430280505,20,1,2,20,5.53395078836e-05,4.98055570952e-06,5.53395078836e-05,0.000734899705548,4.00130070169e-05,0.000129259642877,5.53395078836e-05,4.98055570952e-06,5.53395078836e-05,0.279134227698,0.505961533078,0.213768747725
247,0.115330454066,0.0763265223353,0.16343842044,0.0480301906603,0.0173336055573,0.129894061896,0.00966698548378,0.0145796553673,0.210566628918,0.0113283452144,0.000832099035617,0.202673031026,20,1,2,20,5.33077919011e-05,4.7977012711e-06,5.33077919011e-05,5.14006578705e-06,0.000494354523264,7.35517507595e-05,5.33077919011e-05,4.7977012711e-06,5.33077919011e-05,0.279229140116,0.506133558505,0.213841428469
248,0.0109484997771,0.0613786185676,0.0395148775741,0.351607589948,0.0158804391901,0.0440689454202,0.173553584654,0.0731763399951,0.10421514525,0.0201861328867,0.070625417573,0.0348444091635,20,1,2,20,3.21197634237e-06,2.89077870813e-07,3.21197634237e-06,1.44421936548e-06,4.78477835021e-06,2.30301578554e-06,3.21197634237e-06,2.89077870813e-07,3.21197634237e-06,0.279444979312,0.506525878815,0.214007183799
249,0.0237646108169,0.326929814444,0.0678916467683,0.126474196131,0.0606902240624,0.0415951079493,0.0417019832307,0.0455190011774,0.0717856439382,0.0292293367704,0.0827096723857,0.0817087623258,20,1,2,20,0.000587239759195,5.28515783275e-05,0.000587239759195,0.0109925387523,0.000545815135316,0.000845269146698,0.000587239759195,5.28515783275e-05,0.000587239759195,0.275304966228,0.499020561367,0.210836187177
250,0.198029822339,0.00402668004841,0.0912097022739,0.161964664236,0.0746063980345,0.00640140343417,0.041440767756,0.0340974948471,0.0444698096421,0.00389037240578,0.192373979787,0.147488905196,20,1,2,20,0.000333879712719,3.00491741447e-05,0.000333879712719,0.00325044505026,0.000437853502455,0.000960496392725,0.000333879712719,3.00491741447e-05,0.000333879712719,0.213273970358,0.548809572933,0.231872044564
251,0.092079748118,0.125787438082,0.134469765513,0.240692649529,0.0979285998662,0.0867349371599,0.033008755027,0.0228547276785,0.0162853351014,0.0324968470227,0.0770330649561,0.0406281319464,20,1,2,20,0.000181085820128,1.62977238116e-05,0.000181085820128,6.91080889771e-05,0.000299961809087,8.45896241883e-05,0.000181085820128,1.62977238116e-05,0.000181085820128,0.279113244478,0.505923484901,0.213752672371
252,0.034379515275,0.0462347022993,0.0159446660897,0.267945024507,0.0955954015058,0.134845096011,0.0165418532452,0.148828078914,0.0204339740309,0.0270612379817,0.136686846884,0.0555036032551,20,1,2,20,0.00081818936144,7.36370425296e-05,0.00081818936144,0.003433618577,0.000740837436793,0.00228084570882,0.00081818936144,7.36370425296e-05,0.00081818936144,0.102773901054,0.62379667184,0.263554093853
253,0.00263815978005,0.0451473950533,0.10035400343,0.140111861016,0.0187638954489,0.00360418056511,0.000323092877656,0.0875988213603,0.0247224746126,0.207423285561,0.0767543266106,0.292558503685,20,1,2,20,2.79592896903e-06,2.51633607213e-07,2.79592896903e-06,0.0029727145439,0.000242324721362,1.8557771497e-05,2.79592896903e-06,2.51633607213e-07,2.79592896903e-06,0.278478286723,0.504939493327,0.213336935931
254,0.0314117542121,0.0105454789801,0.00631170526713,0.132007406781,0.0554813239384,0.185515226805,0.0231693697954,0.200542929491,0.0564716811984,0.0366096168511,0.0360434017641,0.225890104916,20,1,2,20,4.61905482898e-05,4.15714934608e-06,4.61905482898e-05,2.82454652775e-05,3.55318480294e-05,0.000510371917384,4.61905482898e-05,4.15714934608e-06,4.61905482898e-05,0.279237145617,0.506148069357,0.213847559303
255,0.0742957425484,0.262406431104,0.0987808955378,0.00219907283648,0.0234751403035,0.135154545324,0.0303596276949,0.103809529295,0.0531460017776,0.0438935171192,0.0677237499814,0.104755746478,20,1,2,20,8.18259004074e-05,7.36433103667e-06,8.18259004074e-05,3.73619522659e-05,0.000593271361179,1.94200899475e-05,8.18259004074e-05,7.36433103667e-06,8.18259004074e-05,0.279174308157,0.506034169543,0.213799436632
256,0.296959553893,0.0362012189437,0.0697791557698,0.0802091189108,0.00428069676206,0.118032046194,0.0513168853901,0.0805754673734,0.112130478692,0.0194792631088,0.0639123916089,0.0671237233534,20,1,2,20,0.000238842740231,2.14958466208e-05,0.000238842740231,0.000808929041336,0.00253021474449,0.000221418610706,0.000238842740231,2.14958466208e-05,0.000238842740231,0.278177543436,0.504227438674,0.21303609284
257,0.123319297229,0.033091964046,0.0544513390042,0.0704411139427,0.066385387097,0.00705011174343,0.0464387713335,0.144780366852,0.090516486468,0.0776435687402,0.17082093258,0.115060660964,20,1,2,20,2.72282074027e-05,2.45053866624e-06,2.72282074027e-05,3.28764453635e-05,3.75146178385e-05,1.51496965178e-05,2.72282074027e-05,2.45053866624e-06,2.72282074027e-05,0.279395838063,0.506435716886,0.213969090384
258,0.21078587248,0.0187848230508,0.0966403626612,0.209335155599,0.0666016742675,0.0435525160064,0.0380090027161,0.0597336734956,0.0216400063941,0.00330171719187,0.0190241885861,0.212591007551,20,1,2,20,6.9509726077e-05,6.25587534693e-06,6.9509726077e-05,5.49418546162e-06,0.000453031488827,2.18460947083e-05,6.9509726077e-05,6.25587534693e-06,6.9509726077e-05,0.279236112568,0.506146196842,0.213846768166
259,0.0773820797065,0.0146856249558,0.0391319207969,0.000458093040169,0.0515210349917,0.0592106047761,0.183111149498,0.241275122564,0.0750101272514,0.0582266007821,0.150777564346,0.0492100772907,20,1,2,20,1.01136001758e-05,9.10224015824e-07,1.01136001758e-05,1.2325862025e-06,1.64487428922e-06,2.9274677183e-07,1.01136001758e-05,9.10224015824e-07,1.01136001758e-05,0.279438848342,0.506513677752,0.21400202885
260,0.189251926647,0.193012318181,0.0715027757663,0.058940305731,0.0732106561812,0.0235404854449,0.185526824363,0.102065890696,0.0248337735279,0.0223530969433,0.00905649864444,0.0467054478735,20,1,2,20,0.00380909270791,0.000342818343712,0.00380909270791,0.0480791906892,0.0119454623239,0.0150806807204,0.00380909270791,0.000342818343712,0.00380909270791,0.0943452300197,0.572673060617,0.241954368111
261,0.200062742068,0.00940906485269,0.0683076272624,0.223078712343,0.0654855099665,0.0136037590426,0.0351103057011,0.068189099375,0.0483956773736,0.0227471196556,0.0748475927022,0.170762789657,20,1,2,20,2.22177691046e-05,1.99959921941e-06,2.22177691046e-05,5.03719293453e-06,1.81581535241e-06,2.74006784453e-05,2.22177691046e-05,1.99959921941e-06,2.22177691046e-05,0.279416023045,0.506472304389,0.213984548604
262,0.0212712885033,0.0744738805302,0.033712214465,0.285235290381,0.121621636759,0.141847116861,0.0574158669211,0.0122042089487,0.038769529889,0.0627782324761,0.070311505126,0.0803592291392,20,1,2,20,0.00053591173995,4.82320565955e-05,0.00053591173995,0.0290859676819,0.00383952952309,0.00401434528665,0.00053591173995,4.82320565955e-05,0.00053591173995,0.268502649286,0.48669061311,0.205626784039
263,0.0352380603713,0.0663154955127,0.177277292035,0.0202622056989,0.0868349828844,0.0576750977796,0.141457165303,0.12903732191,0.0710423670085,0.122023990294,0.0685126090211,0.0243234121814,20,1,2,20,0.000189133124949,1.70219812454e-05,0.000189133124949,0.0184344466972,0.000388929982238,0.00131963302464,0.000189133124949,1.70219812454e-05,0.000189133124949,0.273601486924,0.495933164787,0.209531762122
264,0.121822780655,0.0813452382044,0.252372411696,0.00574717996723,0.0276545704483,0.0647127196159,0.0352248881553,0.0590850151319,0.211857928555,0.0115743686859,0.013677127621,0.114925771264,20,1,2,20,2.60123672588e-05,2.34111305329e-06,2.60123672588e-05,0.0249019617988,5.94103414043e-05,0.000577844046812,2.60123672588e-05,2.34111305329e-06,2.60123672588e-05,0.271737180705,0.493929610835,0.208685260578
265,0.0520325616158,0.0555819179472,0.0395098824566,0.100894091262,0.13566861222,0.0388564892467,0.110252410718,0.180481750558,0.0591156071504,0.129407134374,0.0322726224385,0.0659269200136,20,1,2,20,5.44499788023e-05,4.90049809221e-06,5.44499788023e-05,0.00805835759729,0.00042460687553,2.55603739144e-05,5.44499788023e-05,4.90049809221e-06,5.44499788023e-05,0.276830351695,0.502237977186,0.212195545361
266,0.146070020721,0.0569611320021,0.0151812095177,0.0769307526446,0.168761563719,0.170207848743,0.00156097237953,0.052089568002,0.00273901468992,0.0618598966351,0.219485909995,0.0281521109509,20,1,2,20,4.15241280735e-05,3.73717152661e-06,4.15241280735e-05,2.91914914047e-05,2.45806258078e-05,0.000122592614767,4.15241280735e-05,3.73717152661e-06,4.15241280735e-05,0.27935375779,0.506359442265,0.213936864357
267,0.0493427271675,0.0353180661494,0.0356873904922,0.132972740721,0.318332570675,0.0604501449837,0.0101965472488,0.0861666389358,0.125911216134,0.0498112476912,0.0398985985815,0.0559121112188,20,1,2,20,0.000115184231649,1.03665808484e-05,0.000115184231649,1.42876656904e-05,2.50183458019e-05,0.000514717932764,0.000115184231649,1.03665808484e-05,0.000115184231649,0.279162177622,0.506012181613,0.213790146732
268,0.0607628915666,0.0503105857966,0.0590097048572,0.331755937843,0.0147653039379,0.0726769619098,0.0746142196945,0.0441932416476,0.0257428295183,0.0360802127741,0.0836927887693,0.146395321685,20,1,2,20,0.000497121240801,4.47409116721e-05,0.000497121240801,0.0566038675366,0.000615810001598,0.00386961405934,0.000497121240801,4.47409116721e-05,0.000497121240801,0.261798940815,0.474540457505,0.200493343296
269,0.0286650645784,0.127186970899,0.0736808985091,0.00383922955315,0.0481303913688,0.120613356317,0.0811832064414,0.091514789814,0.0468635612435,0.0236369126839,0.244009773304,0.110675845288,20,1,2,20,3.59348920751e-05,3.23414028676e-06,3.59348920751e-05,5.09501116787e-05,0.000355643789501,2.11058324282e-05,3.59348920751e-05,3.23414028676e-06,3.59348920751e-05,0.279290050864,0.506243965943,0.213888075611
270,0.0523422732132,0.0135426204067,0.0660940257073,0.139397139663,0.161893129024,0.0172019414661,0.0152288725164,0.086930064374,0.0349847249889,0.303012387837,0.108359577488,0.00101324331498,20,1,2,20,6.76379387098e-06,6.08741448388e-07,6.76379387098e-06,1.72080397615e-06,1.72225182062e-05,9.96382565911e-07,6.76379387098e-06,6.08741448388e-07,6.76379387098e-06,0.279438075013,0.50651227601,0.214001436614
271,0.250595813756,0.0567966318731,0.025199870174,0.117888582154,0.245983383971,0.0660829604088,0.0179376071077,0.0250238790033,0.00378305552227,0.035998904884,0.00543650641386,0.149272804733,20,1,2,20,2.78766825034e-05,2.50890142531e-06,2.78766825034e-05,0.0182996858139,0.000397786601456,5.83093369363e-05,2.78766825034e-05,2.50890142531e-06,2.78766825034e-05,0.273773874653,0.497261032732,0.210092786329
272,0.0731568814334,0.126220011872,0.00522184352646,0.0159729085645,0.062541613495,0.177783489666,0.0653774109841,0.144545515499,0.0389248844599,0.0042641614372,0.115587054754,0.170404224309,20,1,2,20,9.66997615085e-05,8.70297853577e-06,9.66997615085e-05,0.00255126657819,0.000171967585018,0.00340635762062,9.66997615085e-05,8.70297853577e-06,9.66997615085e-05,0.277625668406,0.503227089495,0.212613445312
273,0.00703372888926,0.202050850274,0.133050616381,0.0322714335927,0.190229777209,0.0173087591868,0.0556190932319,0.130526164198,0.023514166801,0.0714450098284,0.0103855238675,0.12656487654,20,1,2,20,0.000406884245744,3.6619582117e-05,0.000406884245744,0.00452388500149,0.00113444166684,0.000605970348492,0.000406884245744,3.6619582117e-05,0.000406884245744,0.212858081328,0.547751736736,0.231425108771
274,0.0143816646981,0.0912499722738,0.037975824479,0.00745746439428,0.00546737139402,0.163535669446,0.218259892561,0.0159552028084,0.0832211274566,0.169183523981,0.0410384455155,0.152273840993,20,1,2,20,1.73950362371e-05,1.56555326134e-06,1.73950362371e-05,8.60016918131e-06,2.35032777593e-05,1.88606626748e-05,1.73950362371e-05,1.56555326134e-06,1.73950362371e-05,0.279416986762,0.506474051232,0.213985286645
275,0.000164881827617,0.0149127238634,0.0108624984324,0.192502686382,0.0529219152748,0.143195719141,0.041160021854,0.00356309118921,0.208630249792,0.0614287059925,0.258467554601,0.0121899516497,20,1,2,20,0.000640062106405,5.76055895764e-05,0.000640062106405,0.003172892194,0.0019139388249,0.00176362035242,0.000640062106405,5.76055895764e-05,0.000640062106405,0.102813493553,0.624014478363,0.263646117108
276,0.0492729704848,0.0456672342188,0.052068084978,0.0755746275509,0.283812498738,0.0559966448673,0.0419203272384,0.0742785846132,0.0366069899016,0.0556838895255,0.110995666982,0.118122480901,20,1,2,20,0.000124116021371,1.11704419234e-05,0.000124116021371,0.00349932806924,0.00389371823541,5.23741193778e-05,0.000124116021371,1.11704419234e-05,0.000124116021371,0.277225932909,0.502502524919,0.212307316778
277,0.0829237032963,0.0378932983741,0.0792817374353,0.164832590662,0.0406712995015,0.183606447015,0.011142532399,0.0972132014209,0.0410941387699,0.171441766751,0.0127952657404,0.0771040186349,20,1,2,20,8.04218045414e-05,7.23796240872e-06,8.04218045414e-05,0.000163422668583,0.00122608063678,0.000103156302455,8.04218045414e-05,7.23796240872e-06,8.04218045414e-05,0.278940480684,0.505610331504,0.213620365061
278,0.136841522029,0.148818922958,0.257822496373,0.0792483427448,0.0272303605246,0.0953677363847,0.000213377195056,0.0728407164687,0.0596852222759,0.040455277338,0.0723633963029,0.00911262940616,20,1,2,20,0.000644578618887,5.80120756998e-05,0.000644578618887,0.000842751643402,0.00278200002608,0.000194889367972,0.000644578618887,5.80120756998e-05,0.000644578618887,0.277631206331,0.503237127596,0.212617686409
279,0.110467391354,0.179010602279,0.0221989673023,0.0243658556124,0.0514853364621,0.205783407914,0.134239988018,0.0694640874075,0.0227386659709,0.0242764577499,0.12683359692,0.0291356430102,20,1,2,20,0.000417854709406,3.76069238465e-05,0.000417854709406,0.0012722471587,0.000733127400182,0.000455470840066,0.000417854709406,3.76069238465e-05,0.000417854709406,0.213663463097,0.549827106375,0.232301952444
280,0.049684356218,0.190785259156,0.0767735565819,0.153405613689,0.0261752523197,0.26028024033,0.0170086930937,0.0680642866284,0.0331389428778,0.0419353500438,0.0788580476916,0.00389040137054,20,1,2,20,0.00027575043654,2.48175392886e-05,0.00027575043654,0.00197591065744,0.00248417669643,0.0116017808771,0.00027575043654,2.48175392886e-05,0.00027575043654,0.210880015835,0.542640055613,0.229265423496
281,0.166380620804,0.0224623657513,0.0373122409158,0.0741998772561,0.0451316799295,0.107288278268,0.0260394206178,0.237795772672,0.00835508973238,0.109125753023,0.16517394488,0.000734956149002,20,1,2,20,7.00810434302e-05,6.30729390872e-06,7.00810434302e-05,0.000137323277452,0.000511872675997,4.13769374149e-05,7.00810434302e-05,6.30729390872e-06,7.00810434302e-05,0.279176704179,0.506038512597,0.213801271572
282,0.0478889329029,0.0177229061634,0.121331065987,0.158963270901,0.13368611687,0.117896517037,0.0128921841359,0.0340237612412,0.0936272371734,0.00421621623488,0.247772331236,0.00997946011746,20,1,2,20,5.28497736488e-05,4.75647962839e-06,5.28497736488e-05,1.76311899709e-05,0.000213215315633,1.33256819917e-05,5.28497736488e-05,4.75647962839e-06,5.28497736488e-05,0.279321579522,0.506301115105,0.213912221132
283,0.00931523943843,0.259652836222,0.038778991419,0.0292884044296,0.0015114905667,0.174462908717,0.0658194436324,0.0208247542895,0.159739637994,0.0621244244614,0.13541825813,0.0430636107003,20,1,2,20,2.32212348145e-05,2.0899111333e-06,2.32212348145e-05,2.84763270997e-06,1.65120720131e-05,5.76830081754e-06,2.32212348145e-05,2.0899111333e-06,2.32212348145e-05,0.279417401075,0.50647480222,0.213985603938
284,0.00777286943435,0.226418091726,0.101760205884,0.0370946571237,0.150778838191,0.0090960464811,0.0284164534168,0.0367828041576,0.107911588405,0.229978042134,0.0379450082126,0.0260453948342,20,1,2,20,0.000324889350263,2.92400415237e-05,0.000324889350263,0.00920388431971,0.00234420153554,0.000530223254584,0.000324889350263,2.92400415237e-05,0.000324889350263,0.275696740157,0.499730694727,0.211136218522
285,0.198730394025,0.00806769205362,0.0119979967384,0.0429062820775,0.0125336435638,0.0882016807201,0.0316524308313,0.0623198322731,0.258981636677,0.142050176093,0.0571611767414,0.0853970582062,20,1,2,20,0.000380911355236,3.42820219712e-05,0.000380911355236,0.00270364389526,0.00554186297676,0.000126748822289,0.000380911355236,3.42820219712e-05,0.000380911355236,0.102765245959,0.623740097632,0.26353019125
286,0.0225963934828,0.109807174124,0.0355505955799,0.14937964371,0.0778689240745,0.0407727230288,0.152488205344,0.0292714231535,0.0409963260072,0.197969350001,0.0534387894568,0.089860452038,20,1,2,20,6.70945459443e-05,6.03850913498e-06,6.70945459443e-05,0.00828913296522,2.31338012306e-05,0.000677544825735,6.70945459443e-05,6.03850913498e-06,6.70945459443e-05,0.212439612979,0.547128379773,0.231161740454
287,0.0699617193101,0.10599825248,0.150435173622,0.0162109713667,0.0120186187764,0.074827477709,0.0242442865901,0.141885332261,0.261868431825,0.00280155234525,0.0277625080676,0.111985675647,20,1,2,20,0.000429733419402,3.86760077462e-05,0.000429733419402,0.0109153711954,0.00965657798064,0.000230832764869,0.000429733419402,3.86760077462e-05,0.000429733419402,0.101363055606,0.615843850095,0.260194026665
288,0.0911374636061,0.125449922431,0.00977923149855,0.174894520435,0.0221404556952,0.152395713533,0.0202949663784,0.0039489135475,0.010752126772,0.0450909585324,0.269610330685,0.0745053968862,20,1,2,20,3.04011569672e-05,2.73610412705e-06,3.04011569672e-05,2.7550211102e-05,0.000176840626399,6.21190856241e-05,3.04011569672e-05,2.73610412705e-06,3.04011569672e-05,0.279341559604,0.506337331204,0.213927522434
289,0.0475255803377,0.0233818506947,0.0322278048468,0.0530273018361,0.0851816317451,0.119667547763,0.156814273536,0.38193094368,0.0379336961277,0.0437433617628,0.0174845615431,0.00108144612596,20,1,2,20,0.00634042006894,0.000570637806204,0.00634042006894,0.002264650903,0.00689625414016,0.00143594732279,0.00634042006894,0.000570637806204,0.00634042006894,0.269083949185,0.487744282996,0.206071959566
290,0.0265051368148,0.045717451098,0.19583988429,0.0296681478659,0.131448730474,0.0533314656428,0.0131051159362,0.0491595252153,0.0883877471816,0.111834300039,0.144208101428,0.110794394014,20,1,2,20,0.0653345320183,0.00588010788165,0.0653345320183,0.0790431928473,0.32741498205,0.155182656671,0.0653345320183,0.00588010788165,0.0653345320183,0.0452709472221,0.0843514076439,0.0356384697295
291,0.0263007666518,0.0317332498555,0.232884970399,0.033765441859,0.0543158510569,0.0840354623074,0.0229201901204,0.0201909935699,0.0937679196522,0.185186668,0.0033545995802,0.211543886947,20,1,2,20,2.95386215792e-06,2.65847594213e-07,2.95386215792e-06,1.14846400803e-06,1.01871685933e-06,6.8207946651e-07,2.95386215792e-06,2.65847594213e-07,2.95386215792e-06,0.279447301374,0.506528999804,0.214008502417
292,0.0012651616424,0.0400938004617,0.28422529702,0.0345642485309,0.104071671627,0.328791907935,0.0462541678136,0.0731486325267,0.019948759084,0.0269438671498,0.0124127695012,0.0282797167074,20,1,2,20,0.0010668356858,9.60152117219e-05,0.0010668356858,0.029538753744,0.0387770372227,0.00666845117932,0.0010668356858,9.60152117219e-05,0.0010668356858,0.257250906752,0.466295590815,0.19700988712
293,0.00560517576504,0.0992788185511,0.111550351876,0.250166502841,0.159570959473,0.236693512633,0.0025966694311,0.072803980231,0.00845147012793,0.00859787991844,0.00483260862648,0.0398520705254,20,1,2,20,0.00262969404244,0.00023667246382,0.00262969404244,0.116009109326,0.00404869940304,0.0435919677829,0.00262969404244,0.00023667246382,0.00262969404244,0.230647599175,0.418074167463,0.176636335753
294,0.0796537322267,0.0839792451167,0.148106259747,0.113310260876,0.126589894161,0.000833773773263,0.0228723046554,0.0856108494331,0.189618342806,0.0437022553053,0.0852604272155,0.0204626546834,20,1,2,20,0.000400607714826,3.60546943343e-05,0.000400607714826,0.0130489397833,0.000826497559986,0.00629148033241,0.000400607714826,3.60546943343e-05,0.000400607714826,0.273347918772,0.495473197402,0.209337425902
295,0.219397232568,0.108091588297,0.0879804872698,0.00369539150742,0.000352673916719,0.0203296854904,0.0173689746182,0.158516610777,0.0534488744139,0.0615450306775,0.127326701429,0.141946749035,20,1,2,20,0.120075972715,0.0108068375443,0.120075972715,0.0942802505259,0.0403474053356,0.255471082059,0.120075972715,0.0108068375443,0.120075972715,0.0296603450177,0.0550603522768,0.023262998837
296,0.0137066737547,0.100905290405,0.0263838745303,0.144862493668,0.00590214538708,0.0821411080295,0.173902557021,0.018155567428,0.342320362364,0.0515872423992,0.0215286754108,0.0186040096024,20,1,2,20,0.00154055147452,0.000138649632707,0.00154055147452,0.00338127005028,0.0052859772793,0.00537657638318,0.00154055147452,0.000138649632707,0.00154055147452,0.210170314999,0.540841023638,0.228505332487
297,0.0116435395177,0.0127217593849,0.158861973804,0.0732873742484,0.0782346139426,0.0209356980738,0.0705367030353,0.134664371427,0.203305804635,0.00578707897009,0.180356230476,0.0496648524853,20,1,2,20,1.62925473759e-05,1.46632926383e-06,1.62925473759e-05,1.73102747317e-06,5.22750066913e-06,1.40343933714e-06,1.62925473759e-05,1.46632926383e-06,1.62925473759e-05,0.279430179822,0.506497965106,0.213995390257
298,0.0511475957768,0.0929817922369,0.114290413791,0.0170757491982,0.0811265779875,0.00856877222468,0.177384465344,0.094509339668,0.0862848016032,0.140800170003,0.067222124237,0.0686081979297,20,1,2,20,2.08117028998e-05,1.87305326098e-06,2.08117028998e-05,8.34359876138e-06,0.000977756954861,1.16471418944e-05,2.08117028998e-05,1.87305326098e-06,2.08117028998e-05,0.279148415589,0.505987236413,0.213779607384
299,0.022038763719,0.0294782319499,0.183096754197,0.215392078293,0.111768173154,0.182338978987,0.0402992912469,0.0504706283074,0.00103102046196,0.074779188404,0.0885105738407,0.00079631743815,20,1,2,20,0.000122392963415,1.10153667073e-05,0.000122392963415,2.25508824184e-06,3.5612718589e-05,0.00123240595488,0.000122392963415,1.10153667073e-05,0.000122392963415,0.278953599929,0.50563411158,0.213630412143
300,0.116135884423,0.040166254652,0.0777626329116,0.128608060391,0.030210413385,0.302034326364,0.0313959774819,0.0182281204495,0.0885506676112,0.0229918300926,0.140057667565,0.00385816467343,20,1,2,20,0.000190487180011,1.7143846201e-05,0.000190487180011,0.0381705159688,0.00620074387379,0.000825927532831,0.000190487180011,1.7143846201e-05,0.000190487180011,0.266598328106,0.483239541726,0.204168706379
301,0.110350951424,0.0235852212224,0.034334200962,0.132637491314,0.0803144381336,0.122204471108,0.172665549742,0.00553291596279,0.0452774999271,0.186742709354,0.00613860280734,0.0802159480413,20,1,2,20,2.28075466517e-05,2.05267919865e-06,2.28075466517e-05,7.95274439954e-06,1.81680045918e-05,1.26461702189e-05,2.28075466517e-05,2.05267919865e-06,2.28075466517e-05,0.279414072892,0.506468769521,0.213983055123
302,0.071425231978,0.0100682163333,0.195141299028,0.0337137584328,0.0504224396061,0.0733085997098,0.24882405132,0.0470353380973,0.123439014864,0.103139026204,0.0175711720867,0.0259118523396,20,1,2,20,0.000314400390925,2.82960351833e-05,0.000314400390925,0.000179824508838,0.00123623637556,9.73011423966e-05,0.000314400390925,2.82960351833e-05,0.000314400390925,0.278661383226,0.505104436635,0.213406624478
303,0.16795051489,0.0774008334115,0.174999607674,0.0853768731976,0.00778876205531,0.105012415351,0.0478287817315,0.0180218725689,0.0740819676685,0.143746457184,0.0287662881151,0.0690256261523,20,1,2,20,0.000351047107995,3.15942397196e-05,0.000351047107995,0.0104834890322,0.00109817937863,0.000118582372711,0.000351047107995,3.15942397196e-05,0.000351047107995,0.275771755473,0.499866865963,0.211193750869
304,0.0866821542682,0.0421255326163,0.0219536043962,0.0245199156021,0.142712579584,0.192287360086,0.0843607432352,0.0145666824717,0.0937835206461,0.242649611309,0.0204963040224,0.0338619917627,20,1,2,20,5.65201997245e-05,5.0868179752e-06,5.65201997245e-05,0.00039658192377,0.000604081066257,0.000682404321354,5.65201997245e-05,5.0868179752e-06,5.65201997245e-05,0.278915190599,0.505564490443,0.213600997212
305,0.00653999684979,0.0700335694134,0.040079345426,0.0679114134012,0.0153744477144,0.0656023033109,0.0733551678833,0.00584212125489,0.212563956748,0.228485462924,0.00556620990984,0.208646005165,20,1,2,20,1.85598016845e-05,1.67038215161e-06,1.85598016845e-05,2.52052217784e-05,2.41319106924e-05,3.59067272263e-05,1.85598016845e-05,1.67038215161e-06,1.85598016845e-05,0.279406046505,0.506454221205,0.213976908459
306,0.0160244519795,0.0199345330564,0.084322622265,0.111219618093,0.0852156325971,0.0988578371301,0.205080211653,0.0236755031959,0.0801077065162,0.0527968322812,0.0691215505432,0.153643500689,20,1,2,20,5.83202649526e-05,5.24882384573e-06,5.83202649526e-05,8.45164909029e-06,0.000839790703987,1.60706727318e-06,5.83202649526e-05,5.24882384573e-06,5.83202649526e-05,0.27914593196,0.505982734561,0.213777705352
307,0.0167261969488,0.0948533922255,0.027506730852,0.024168670772,0.118383861255,0.0220271488061,0.286937174517,0.0220462734269,0.0208516718051,0.14119107817,0.203818581225,0.0214892199956,20,1,2,20,2.08677104444e-05,1.87809394e-06,2.08677104444e-05,2.83358443775e-05,4.39727740477e-05,1.59012059154e-05,2.08677104444e-05,1.87809394e-06,2.08677104444e-05,0.279402521932,0.506447832136,0.213974209077
308,0.0537352972047,0.00804060633009,0.0816202473846,0.098709924582,0.0998807869723,0.00257176274434,0.233049164056,0.00579314828827,0.0211911147875,0.181218541564,0.0327622977621,0.181427108324,20,1,2,20,1.30714471874e-05,1.17643024687e-06,1.30714471874e-05,7.80108783864e-06,2.56625486055e-06,2.36771484118e-05,1.30714471874e-05,1.17643024687e-06,1.30714471874e-05,0.279426765392,0.506491776076,0.213992775392
309,0.00419147558861,0.11074500967,0.227992906627,0.102827162555,0.000631253934087,0.010010528573,0.0421024946327,0.0618563430502,0.113445907396,0.119007505987,0.192355373826,0.0148340381604,20,1,2,20,0.000297578633465,2.67820770119e-05,0.000297578633465,0.00442896242018,0.000800935474347,0.000224204090088,0.000297578633465,2.67820770119e-05,0.000297578633465,0.277579754254,0.503143947328,0.212578317746
310,0.0297206236121,0.166578535488,0.120151813243,0.0166507886498,0.139102630149,0.0208071973351,0.0342528568244,0.0087944998886,0.0316483738343,0.170477752291,0.066040128924,0.19577479976,20,1,2,20,4.33055755227e-05,3.89750179704e-06,4.33055755227e-05,0.000480562570341,5.79854027426e-05,9.72476080239e-05,4.33055755227e-05,3.89750179704e-06,4.33055755227e-05,0.279223288406,0.50612295164,0.213836947068
311,0.0746703723751,0.0995899671718,0.0269828176204,0.0513940611973,0.202527324035,0.264420247031,0.00222694251471,0.0582668560231,0.112461198373,0.0690106813144,0.035021758426,0.00342777391866,20,1,2,20,0.00135589676396,0.000122030708756,0.00135589676396,0.0104752654334,0.00820655588086,0.00444339441451,0.00135589676396,0.000122030708756,0.00135589676396,0.271405337553,0.491952055005,0.20784974324
312,0.139713589874,0.00112199367597,0.0711307280401,0.177726691755,0.108058913844,0.0857259047411,0.108093151973,0.018955305407,0.00109122438575,0.105255896912,0.163579186189,0.0195474132039,20,1,2,20,6.8553600746e-07,6.16982406714e-08,6.8553600746e-07,1.57749181346e-06,7.52791643122e-07,1.49163107172e-06,6.8553600746e-07,6.16982406714e-08,6.8553600746e-07,0.279449176175,0.506533663529,0.214010472841
313,0.049119934456,0.0384639471593,0.104223066927,0.0934768242143,0.0204487216453,0.00257847969536,0.417268835679,0.119067217814,0.00912364956235,0.0403706637426,0.0893121521793,0.0165465069253,20,1,2,20,0.000157078346293,1.41370511664e-05,0.000157078346293,1.65152717038e-05,8.12201641804e-05,5.67917561431e-05,0.000157078346293,1.41370511664e-05,0.000157078346293,0.27922488078,0.50612583799,0.213838166551
314,0.0534652530911,0.18119586245,0.102906749194,0.0544765046358,0.169031533883,0.0702429442527,0.0191497770929,0.070533491041,0.0934495804079,0.0340821877468,0.0460180966411,0.105448019564,20,1,2,20,0.000262637984716,2.36374186244e-05,0.000262637984716,0.00451315531721,0.000123096798528,0.00337757267168,0.000262637984716,2.36374186244e-05,0.000262637984716,0.276905282887,0.501921311458,0.212061754091
315,0.120825988866,0.0689454467264,0.143872963052,0.00126121343232,0.0547137746801,0.247185088994,0.00185728237081,0.146212674549,0.0225821174546,0.126625405546,0.0428492140873,0.0230688302408,20,1,2,20,0.000512027665754,4.60824899179e-05,0.000512027665754,0.0142349229943,0.00134817989338,0.00146824858425,0.000512027665754,4.60824899179e-05,0.000512027665754,0.274088418091,0.49681543395,0.209904520844
316,0.0255000192802,0.0942156418336,0.0345678930839,0.091548237227,0.0504107419211,0.0994440694175,0.112870676114,0.00404421464841,0.0469950296326,0.0936066393391,0.112818450824,0.233978386678,20,1,2,20,8.79572139511e-05,7.9161492556e-06,8.79572139511e-05,0.00147065816119,0.000189235137842,0.000645168977395,8.79572139511e-05,7.9161492556e-06,8.79572139511e-05,0.278704651329,0.505182864844,0.213439760396
317,0.0885836787479,0.00817130056682,0.00659281225229,0.0759217034941,0.0893711375807,0.058585547295,0.0993378805559,0.0732074106157,0.167371304276,0.112309654324,0.18892736024,0.0316202100514,20,1,2,20,0.000807823975705,7.27041578135e-05,0.000807823975705,0.00342559771048,0.000314010053022,0.00180174611763,0.000807823975705,7.27041578135e-05,0.000807823975705,0.102873353025,0.624399710984,0.263808877891
318,0.0186592683169,0.029004013746,0.0204037251148,0.0521602579834,0.0258657270552,0.119355323147,0.0419310064461,0.0608599116914,0.0816119260718,0.23738219993,0.261250771431,0.0515158690666,20,1,2,20,5.0459213794e-06,4.54132924146e-07,5.0459213794e-06,3.0330920886e-06,1.0645077635e-05,9.51679546491e-07,5.0459213794e-06,4.54132924146e-07,5.0459213794e-06,0.27944156552,0.506518602938,0.214004109741
319,0.0209850933066,0.047488319601,0.00691779914848,0.000306902858242,0.158008344054,0.0524081194931,0.0294160972842,0.160655728267,0.000869161613812,0.0331701433114,0.02876125552,0.461013035542,20,1,2,20,3.06952987194e-05,2.76257688475e-06,3.06952987194e-05,0.000114712115568,0.000158984418522,2.22679001801e-05,3.06952987194e-05,2.76257688475e-06,3.06952987194e-05,0.279332984906,0.50632178862,0.213920955692
320,0.0707643428456,0.190604520311,0.168805718011,0.0147773296806,0.0321269679862,0.0298032030293,0.00587912986271,0.147567043151,0.0358333880857,0.00337119076427,0.258976257875,0.0414909083979,20,1,2,20,2.16685203748e-05,1.95016683374e-06,2.16685203748e-05,3.42710632954e-06,0.00109530437657,8.124990953e-06,2.16685203748e-05,1.95016683374e-06,2.16685203748e-05,0.279116924117,0.505930154653,0.213755490341
321,0.0163782595699,0.0381955217586,0.0214750351354,0.00473780080081,0.246378695203,0.00897372005567,0.0454973440095,0.171793632291,0.107129331218,0.118320411079,0.0673103916934,0.153809857186,20,1,2,20,1.60479068355e-05,1.4443116152e-06,1.60479068355e-05,0.000476884051285,4.84919147885e-05,0.00292077278253,1.60479068355e-05,1.4443116152e-06,1.60479068355e-05,0.278469770749,0.504757117927,0.213259882324
322,0.187907604672,0.0152980732082,0.057426917855,0.0588494615296,0.202858592919,0.0109137193297,0.217283382414,0.0952875078106,0.0159558485865,0.000292318112299,0.137551751185,0.00037482237828,20,1,2,20,1.08252707589e-05,9.74274368299e-07,1.08252707589e-05,0.0225332737718,0.000341882213487,0.000334880267054,1.08252707589e-05,9.74274368299e-07,1.08252707589e-05,0.272448425735,0.495111626278,0.209184662102
323,0.197103761558,0.0562386976286,0.175516428993,0.053791902071,0.124532283263,0.0327506787852,0.0456556648875,0.11801078735,0.146359092268,0.00179407912616,0.0221150934185,0.0261315306514,20,1,2,20,0.00233889851237,0.000210500866113,0.00233889851237,0.00614459257839,0.0672526628117,0.00157340261159,0.00233889851237,0.000210500866113,0.00233889851237,0.255768795622,0.463609104109,0.195874846486
324,0.0585373721095,0.149223311031,0.178439283575,0.0379108190182,0.0382803129111,0.0616919987519,0.0403462346413,0.0145443557087,0.215701613719,0.0517889676038,0.0229106888509,0.130625042078,20,1,2,20,8.12706759407e-05,7.31436083466e-06,8.12706759407e-05,5.28912388813e-05,4.42688773447e-05,3.96865964203e-05,8.12706759407e-05,7.31436083466e-06,8.12706759407e-05,0.279318373123,0.506295303155,0.213909765583
325,0.0433030028098,0.0607241995629,0.0397726202259,0.0489006056601,0.27436562925,0.0934554486903,0.0433653249403,0.239852116862,0.0514214431693,0.00653606065436,0.0868427428178,0.0114608053577,20,1,2,20,0.000157951533332,1.42156379999e-05,0.000157951533332,4.96462818653e-06,0.0173877961829,1.44780680805e-06,0.000157951533332,1.42156379999e-05,0.000157951533332,0.274406205142,0.497391457878,0.210147890953
326,0.143857887045,0.00221351141964,0.00591970006046,0.223046855481,0.183811608867,0.0481425086919,0.103559832744,0.0573533918711,0.0396764317828,0.0840811463512,0.0270254048865,0.0813117207985,20,1,2,20,0.000102416884464,9.21751960178e-06,0.000102416884464,2.34933922659e-05,0.000860291013429,0.0014291767435,0.000102416884464,9.21751960178e-06,0.000102416884464,0.278685553531,0.505148247974,0.213425134769
327,0.0949461981817,0.172692774354,0.199963684899,0.149602864862,0.167943918723,0.0263227071424,0.0364564455752,0.0652976515319,0.0296819092487,0.0271003592049,0.00729028056123,0.0227012057158,20,1,2,20,4.35376937557e-05,3.91839243801e-06,4.35376937557e-05,0.0364669252936,0.000902016431869,0.000551559308122,4.35376937557e-05,3.91839243801e-06,4.35376937557e-05,0.267995584101,0.487804518316,0.206097408989
328,0.0717546405248,0.0628308592131,0.239760119496,0.0298494386158,0.0454675543174,0.0268757241221,0.138042963875,0.0195149009333,0.117285065881,0.103908842172,0.0284889774597,0.11622091339,20,1,2,20,6.58151210394e-05,5.92336089354e-06,6.58151210394e-05,0.000189251245673,0.00190931085251,3.36450462495e-05,6.58151210394e-05,5.92336089354e-06,6.58151210394e-05,0.278778820311,0.50531730428,0.213496561058
329,0.230783658542,0.0565387155013,0.0554702629912,0.0830393009104,0.000239718068204,0.271282675716,0.00918156344486,0.0492839807093,0.035358851637,0.0453322556343,0.0775531538666,0.0859358629785,20,1,2,20,0.000158164331976,1.42347898779e-05,0.000158164331976,0.00289041935729,0.00518115477316,0.00097291407472,0.000158164331976,1.42347898779e-05,0.000158164331976,0.276739298865,0.501620447116,0.211934638906
330,0.149107987797,0.0511555208338,0.0651404486507,0.0226952307414,0.0161921773304,0.163094397618,0.00889150918085,0.181043666296,0.27356514073,0.00669731706152,0.0121620610332,0.0502545427269,20,1,2,20,0.00439314774068,0.000395383296661,0.00439314774068,0.00466487355898,0.0013470206287,0.0139934690205,0.00439314774068,0.000395383296661,0.00439314774068,0.268729349619,0.487101532244,0.205800397373
331,0.0955443050307,0.0875719773105,0.159735516545,0.0400808287688,0.0292689227339,0.168526570157,0.0863685507861,0.100658081595,0.0346713901969,0.0391974358057,0.0275927113907,0.13078370968,20,1,2,20,0.000350779637036,3.15701673332e-05,0.000350779637036,0.00309076736141,0.000875707351767,0.000910423831537,0.000350779637036,3.15701673332e-05,0.000350779637036,0.277678920109,0.503323671327,0.212654251136
332,0.00509398216706,0.0446482482534,0.0564855176348,0.323176901108,0.19688073305,0.0716977619038,0.0625342479007,0.0795776997786,0.040303621222,0.0012752244296,0.0221666096829,0.0961594528682,20,1,2,20,0.000703713738628,6.33342364765e-05,0.000703713738628,0.00184033073414,0.00113007377217,0.000258292406166,0.000703713738628,6.33342364765e-05,0.000703713738628,0.277727270407,0.503411254308,0.212691254945
333,0.00858674714997,0.00895588259409,0.0723553068532,0.0799924288127,0.191321680608,0.0381730489791,0.0711628057895,0.0462723926474,0.106947211679,0.0554644531364,0.126973452171,0.19379458958,20,1,2,20,5.76736064535e-05,5.19062458082e-06,5.76736064535e-05,0.000241425247094,0.000615529516528,0.000103371996394,5.76736064535e-05,5.19062458082e-06,5.76736064535e-05,0.279115814262,0.505928142919,0.213754640383
334,0.141745325903,0.00322180317263,0.0514153023267,0.0482295734736,0.0736474461454,0.0137089711765,0.0675025945728,0.00237023510603,0.239845628934,0.0246913765736,0.0587501969478,0.274871545668,20,1,2,20,2.60103440806e-05,2.34093096725e-06,2.60103440806e-05,2.39504013112e-05,2.93858061616e-05,0.000409261433268,2.60103440806e-05,2.34093096725e-06,2.60103440806e-05,0.279291891529,0.50624730235,0.213889485243
335,0.0759967009319,0.0995011141718,0.135940292425,0.0238591922641,0.161943140044,0.00833984737925,0.0596718054655,0.0786814050176,0.125582069564,0.0214086146172,0.155356790859,0.0537190272607,20,1,2,20,0.000150151936059,1.35136742453e-05,0.000150151936059,0.00226085778372,0.00350061495305,6.96558831368e-05,0.000150151936059,1.35136742453e-05,0.000150151936059,0.213180812878,0.548583777441,0.231776645969
336,0.230668665827,0.100135684171,0.14602623378,0.07389139703,0.0319736875694,0.074915237902,0.0116714487644,0.023134525181,0.0310647163799,0.0521019982094,0.0603336078493,0.164082797337,20,1,2,20,1.08943999185e-05,9.80495992665e-07,1.08943999185e-05,1.20805762107e-06,6.50146121545e-06,1.0687543293e-06,1.08943999185e-05,9.80495992665e-07,1.08943999185e-05,0.279436369101,0.506509183855,0.214000130179
337,0.00116073959717,0.117065175985,0.00543648841813,0.051861134996,0.371772571182,0.0510238884758,0.0388625836813,0.076056414504,0.0729143544952,0.0686226942355,0.0191624677141,0.126061486715,20,1,2,20,7.69352054225e-05,6.92416848802e-06,7.69352054225e-05,1.2891933175e-05,0.000303712090446,3.86684388381e-06,7.69352054225e-05,6.92416848802e-06,7.69352054225e-05,0.279272123365,0.506211470376,0.213874346234
338,0.0420031524586,0.078467544806,0.197637357254,0.0933548577425,0.0501869576902,0.113793304554,0.0242723747205,0.026600356541,0.0972220346173,0.140165997527,0.0164128778018,0.119883184287,20,1,2,20,0.000103478470691,9.31306236221e-06,0.000103478470691,0.000462184498818,0.000989684492981,0.000948948463158,0.000103478470691,9.31306236221e-06,0.000103478470691,0.278659761904,0.505101497809,0.213405382824
339,0.0893422320163,0.313258899281,0.00490788634537,0.0144289107162,0.0544403586267,0.00854938221051,0.0295673728198,0.0161249164163,0.116437879233,0.0325360175211,0.0428439955008,0.277562149313,20,1,2,20,0.000237455547447,2.13709992702e-05,0.000237455547447,0.001756732514,0.00329117466359,0.000749845534966,0.000237455547447,2.13709992702e-05,0.000237455547447,0.213296143178,0.548269623846,0.231643916075
340,0.0188401898313,0.0632650633001,0.0192346144551,0.309376261942,0.0137934071747,0.00762676203083,0.0196897195646,0.177007655423,0.0428952122371,0.0240899928666,0.0774824887829,0.226698632392,20,1,2,20,0.000506554444443,4.55898999999e-05,0.000506554444443,0.0101406101445,0.0012279357473,0.000471818623542,0.000506554444443,4.55898999999e-05,0.000506554444443,0.275551029783,0.499466578646,0.211024629478
341,0.164629275478,0.0533902882544,0.0195497869299,0.00278358245791,0.0653821323054,0.0394497616789,0.167090417027,0.0847716812987,0.0494419115146,0.0446357429976,0.0404204305669,0.268454989492,20,1,2,20,1.10533109829e-05,9.94797988459e-07,1.10533109829e-05,2.97734215813e-06,7.91402540668e-05,2.07656945065e-06,1.10533109829e-05,9.94797988459e-07,1.10533109829e-05,0.279415108388,0.506470646472,0.213983848134
342,0.12177608582,0.0195476875581,0.0295280983489,0.0593820579096,0.06824764818,0.215108669672,0.0104107186365,0.312165172751,0.0516041423304,0.0727906356327,0.00855777381411,0.0308813093466,20,1,2,20,0.000318327866207,2.86495079586e-05,0.000318327866207,1.86400568395e-05,9.05150553426e-05,5.93279756734e-05,0.000318327866207,2.86495079586e-05,0.000318327866207,0.279032624014,0.505777351435,0.213690930981
343,0.0552342435043,0.0592572187126,0.164878088004,0.13943636336,0.0590996666942,0.00295006610084,0.00408368663089,0.210980823905,0.0334654288635,0.0562786525299,0.169732783361,0.0446029783336,20,1,2,20,0.000423590143422,3.8123112908e-05,0.000423590143422,0.0147703675395,0.000708751956526,0.000909038844775,0.000423590143422,3.8123112908e-05,0.000423590143422,0.274376942318,0.49733869423,0.210125598312
344,0.0549269376717,0.118230928223,0.0516422027324,0.0311976736399,0.0743053825342,0.128306885018,0.0179734618299,0.00123439310984,0.0730985657753,0.230187263116,0.178460715718,0.0404355906318,20,1,2,20,0.000318848558299,2.86963702469e-05,0.000318848558299,0.00115452399145,0.000428285319479,0.000161032294148,0.000318848558299,2.86963702469e-05,0.000318848558299,0.213907920009,0.550450229464,0.232565221949
345,0.0632577437795,0.0463493172771,0.0614483754454,0.0266215533878,0.0913237523191,0.106733462516,0.0199882308363,0.022178992798,0.177967846911,0.0896816606334,0.151772503302,0.142676560795,20,1,2,20,0.000138890389549,1.25001350594e-05,0.000138890389549,0.00133754998529,0.00253787125237,0.000107338281,0.000138890389549,1.25001350594e-05,0.000138890389549,0.213588088893,0.549629940077,0.232218649683
346,0.0413033002254,0.0653290922163,0.196573709083,0.0443887790329,0.019608289594,0.0239429765704,0.0550997057336,0.0652165364751,0.145967335802,0.0446808518941,0.130319100094,0.167570323279,20,1,2,20,6.58820659737e-05,5.92938593763e-06,6.58820659737e-05,0.000138361981071,0.000136004930301,0.00014107405346,6.58820659737e-05,5.92938593763e-06,6.58820659737e-05,0.279258495079,0.506186767607,0.213863909314
347,0.181192914623,0.039722627129,0.033925780727,0.0581048332711,0.0690082185413,0.0546173049355,0.023386556715,0.0612157660001,0.0331738113386,0.0943906926638,0.0621735419678,0.289087952087,20,1,2,20,6.22657319707e-05,5.60391587736e-06,6.22657319707e-05,0.00197553085939,0.000147358253815,0.000503573916908,6.22657319707e-05,5.60391587736e-06,6.22657319707e-05,0.278644845802,0.505074460744,0.213393959664
348,0.044754556387,0.022133635713,0.147603368517,0.0226821023253,0.0727941798021,0.00983698225044,0.0481544118601,0.100313847384,0.0953896136427,0.15295942178,0.021474250019,0.261903630319,20,1,2,20,2.54977157305e-05,2.29479441575e-06,2.54977157305e-05,0.00245003390373,0.00274233684615,0.000149850711366,2.54977157305e-05,2.29479441575e-06,2.54977157305e-05,0.277928871897,0.503776679219,0.21284564697
349,0.193289715337,0.010639064296,0.000129917180227,0.17415022428,0.213857530469,0.0082894652094,0.017464116613,0.233506415992,0.0273009489299,0.0183755022748,0.0739102781656,0.0290868212529,20,1,2,20,0.000540489459828,4.86440513845e-05,0.000540489459828,0.000885187704507,0.00056786785586,0.00411006934899,0.000540489459828,4.86440513845e-05,0.000540489459828,0.277265574389,0.502574379444,0.212337675315
350,0.157536532424,0.0564861694056,0.11009356387,0.00631640149747,0.0179515010166,0.150133249013,0.144238150673,0.0529312594281,0.127570835004,0.013996769036,0.0437781321604,0.118967436471,20,1,2,20,0.000468745099949,4.21870589955e-05,0.000468745099949,0.0157847509847,0.00305264621038,0.00122627735582,0.000468745099949,4.21870589955e-05,0.000468745099949,0.101511022335,0.61614477933,0.260321169267
351,0.0520362013497,0.255668552909,0.00835359911057,0.0764786050521,0.0955879746802,0.101011217988,0.0167621192728,0.094770723184,0.019356498269,0.0169245704562,0.150035085073,0.113014852655,20,1,2,20,0.000204212075263,1.83790867737e-05,0.000204212075263,0.0121069849583,0.00695660696809,0.000655022232602,0.000204212075263,1.83790867737e-05,0.000204212075263,0.101715203474,0.617021142982,0.26069143291
352,0.524597982957,0.0134317303533,0.0680063018972,0.0691700263347,0.0302216406921,0.103155339508,0.0304203497949,0.0492861932143,0.0718299819061,0.0297280548674,0.00529911452844,0.00485328394676,20,1,2,20,0.0086690953825,0.000780218584425,0.0086690953825,0.0204476153231,0.0123890093543,0.0435041028916,0.0086690953825,0.000780218584425,0.0086690953825,0.247991578439,0.44951203887,0.189918836423
353,0.0498144162853,0.100906700348,0.0131148650038,0.0269439854872,0.194355518469,0.0412456912433,0.0711489331601,0.105705290698,0.112592017747,0.0467590980852,0.0691895883623,0.16822389511,20,1,2,20,6.43352118375e-05,5.79016906537e-06,6.43352118375e-05,8.95275370966e-05,0.00114406645538,4.22584103667e-06,6.43352118375e-05,5.79016906537e-06,6.43352118375e-05,0.279030486923,0.505773477721,0.213689294337
354,0.0156743612332,0.130443205507,0.000896885699006,0.174723941369,0.0428423838829,0.034243515712,0.0750500467152,0.31920133425,0.110771752951,0.0416595967384,0.0280044044951,0.0264885714468,20,1,2,20,0.000146804718159,1.32124246343e-05,0.000146804718159,0.0188559942089,0.000519790570394,9.96566116003e-05,0.000146804718159,1.32124246343e-05,0.000146804718159,0.273415672612,0.496657463814,0.209837778461
355,0.00205623737415,0.0932751647821,0.169989988492,0.144079277154,0.0738725561018,0.0687255535511,0.0333850553796,0.0149835841015,0.276144435922,0.0227897920547,0.0611463772399,0.0395519778475,20,1,2,20,0.000384887863777,3.46399077399e-05,0.000384887863777,0.000868614548403,0.00894669066937,8.95781971595e-05,0.000384887863777,3.46399077399e-05,0.000384887863777,0.27623402264,0.50070457833,0.211547684344
356,0.0421637967977,0.188980399014,0.0955679652968,0.0216836987534,0.0913137010304,0.204809957184,0.0219052808068,0.062086559966,0.0887081043418,0.0457821953168,0.0295013842257,0.107496957267,20,1,2,20,9.7033535851e-05,8.73301822659e-06,9.7033535851e-05,3.80544882846e-05,8.86462209766e-05,5.11192789018e-05,9.7033535851e-05,8.73301822659e-06,9.7033535851e-05,0.279288510364,0.506241173616,0.213886895853
357,0.00309522773356,0.00391576675503,0.0938763654181,0.0611778766768,0.187435768024,0.0178121179322,0.0426422351586,0.0961592683212,0.268525598165,0.0455340075832,0.171182508274,0.00864325995894,20,1,2,20,9.34014088886e-05,8.40612679997e-06,9.34014088886e-05,2.14514403884e-05,0.001514056121,7.67847623227e-06,9.34014088886e-05,8.40612679997e-06,9.34014088886e-05,0.278911199422,0.505557255994,0.213597940657
358,0.0757745106443,0.0266500181551,0.277945858204,0.0755829521994,0.000755528977891,0.0380943814535,0.1199249488,0.150411794726,0.0794862930533,0.013460440358,0.122020771691,0.0198925017374,20,1,2,20,0.000214938144254,1.93444329829e-05,0.000214938144254,0.0106685855283,0.000391776995845,0.00134871106636,0.000214938144254,1.93444329829e-05,0.000214938144254,0.211526537962,0.544932124432,0.230233822573
359,0.218166922034,0.214200316577,0.0444607555271,0.0102308388452,0.0145298014076,0.0642440538858,0.0188894364331,0.0140713331227,0.0117434560834,0.111413291305,0.156884166225,0.121165628553,20,1,2,20,1.48851347716e-05,1.33966212945e-06,1.48851347716e-05,7.74899831154e-06,1.32181255066e-05,6.13723899356e-05,1.48851347716e-05,1.33966212945e-06,1.48851347716e-05,0.279411150691,0.506463472711,0.213980817221
360,0.0371257605634,0.0599655744017,0.229148635669,0.0657612182422,0.0334235844734,0.0118870449109,0.0953106279386,0.0638635208689,0.0555601224736,0.0330321909924,0.212195888733,0.102725830733,20,1,2,20,7.70394141516e-05,6.93354727364e-06,7.70394141516e-05,0.00297169527304,0.000868429500195,0.00227784075776,7.70394141516e-05,6.93354727364e-06,7.70394141516e-05,0.277651882778,0.503274605933,0.212633521007
361,0.00775080715656,0.0432928844426,0.0530733545265,0.097180392831,0.022455095073,0.0538160477261,0.0870577550266,0.029890726224,0.38296009594,0.0805113903,0.000842591473427,0.14116885928,20,1,2,20,0.000983373298673,8.85035968805e-05,0.000983373298673,0.00485049222919,0.00328931947849,0.00428880788592,0.000983373298673,8.85035968805e-05,0.000983373298673,2.41326210979e-05,0.691343934901,0.292092812496
362,0.0312777740747,0.0333191111996,0.0477165835307,0.155195566247,0.0921272475367,0.112206171276,0.287933259388,0.0245724821587,0.0892082895505,0.00914371866975,0.105461720266,0.0118380761016,20,1,2,20,0.00134510033298,0.000121059029969,0.00134510033298,0.0163561429492,0.00105760388934,0.00220724389686,0.00134510033298,0.000121059029969,0.00134510033298,0.209167220982,0.538199837533,0.227389431358
363,0.0140332944321,0.206675770987,0.025859215725,0.0750210319143,0.110654891692,0.109346481609,0.00040005937421,0.00312742698305,0.0763388186068,0.0446933559036,0.0246739216826,0.30917573109,20,1,2,20,7.16450597753e-06,6.44805537978e-07,7.16450597753e-06,2.24080112214e-06,7.60743383315e-06,2.13222766958e-06,7.16450597753e-06,6.44805537978e-07,7.16450597753e-06,0.279439831161,0.506515459221,0.214002781521
364,0.197057256537,0.0589179496964,0.139902167262,0.00291329109905,0.0496369198207,0.00431251693062,0.119763393941,0.0100680387381,0.0227544846186,0.235129090098,0.12711996208,0.0324249291786,20,1,2,20,0.000115628104041,1.04065293637e-05,0.000115628104041,0.00187314968301,0.00103771878061,0.000308665032042,0.000115628104041,1.04065293637e-05,0.000115628104041,0.278416778357,0.50466106339,0.213219299282
365,0.0089762257865,0.145660562451,0.145549278606,0.0257422418032,0.0867720128544,0.00542249845851,0.119255963048,0.00276935843353,0.219772081461,0.0197965217811,0.0411143658115,0.179168889506,20,1,2,20,0.000269242660788,2.42318394709e-05,0.000269242660788,0.00109027282583,3.68012989851e-05,0.00101500764673,0.000269242660788,2.42318394709e-05,0.000269242660788,0.213865418812,0.550345915707,0.232521149386
366,0.0148948403275,0.0938643826023,0.107278485901,0.0635126216373,0.212095396268,0.265049354918,0.0340145632218,0.0984137313902,0.0608753217418,0.0312256745092,0.00915351083342,0.00962211665009,20,1,2,20,0.00610386724434,0.00054934805199,0.00610386724434,0.0140914340491,0.00970502322264,0.0085500272964,0.00610386724434,0.00054934805199,0.00610386724434,0.202148559018,0.520204422729,0.219786368603
367,0.0172899614093,0.017906305895,0.0350650954089,0.0352068725495,0.193527934009,0.208551287161,0.0541315392232,0.00428509701026,0.0230775736318,0.0577893626795,0.0873152489877,0.265853722035,20,1,2,20,4.40893968493e-05,3.96804571644e-06,4.40893968493e-05,0.0001795539866,0.000696440281489,2.12188025842e-05,4.40893968493e-05,3.96804571644e-06,4.40893968493e-05,0.279149319297,0.505988874484,0.213780299469
368,0.173260324684,0.104117770005,0.0780133395601,0.062414384653,0.221675388907,0.0542860954584,0.00333276738746,0.0204907517715,0.123215930346,0.00275172480897,0.145735027822,0.0107064945974,20,1,2,20,1.03932114076e-05,9.35389026688e-07,1.03932114076e-05,6.27261128482e-06,3.68391332018e-05,1.00477265015e-05,1.03932114076e-05,9.35389026688e-07,1.03932114076e-05,0.279422060874,0.506489515663,0.213991820368
369,0.0621884513371,0.0166625435862,0.0592750093156,0.0908150500166,0.0549890725781,0.0812149347587,0.0621584747105,0.192003750227,0.105164887043,0.107843568517,0.0994939250873,0.0681903328233,20,1,2,20,0.000154872960743,1.39385664669e-05,0.000154872960743,0.00468546949796,0.00045489244598,0.00220644703622,0.000154872960743,1.39385664669e-05,0.000154872960743,0.277217562617,0.502487352848,0.212300906578
370,0.142559041113,0.161809867846,0.0376089193829,0.13489465199,0.111657321601,0.0158562220976,0.0680464764394,0.0526915133778,0.186196425912,0.0437775194763,0.0346176853915,0.0102843553732,20,1,2,20,0.000692003023587,6.22802721228e-05,0.000692003023587,4.06781735498e-05,0.0177921684309,6.72404018911e-05,0.000692003023587,6.22802721228e-05,0.000692003023587,0.273641007107,0.496004452195,0.209561881052
371,0.0155971139897,0.0385379883163,0.124424171488,0.124847732703,0.205849317401,0.0249597149849,0.0176641492964,0.176204025757,0.104525157982,0.0821717995271,0.0506756259328,0.0345432026211,20,1,2,20,0.000247628288216,2.22865459395e-05,0.000247628288216,0.00233482127821,0.0060585510036,1.59253326844e-05,0.000247628288216,2.22865459395e-05,0.000247628288216,0.276812282855,0.501752782626,0.21199055066
372,0.0598018268367,0.140238841441,0.0153185262679,0.0159546237565,0.0494640361819,0.0804544806669,0.161521719338,0.0293779106113,0.107821501572,0.183085814755,0.0164748111016,0.140485907471,20,1,2,20,1.70683593781e-05,1.53615234403e-06,1.70683593781e-05,2.57946065782e-06,5.8374694662e-05,2.11762899263e-06,1.70683593781e-05,1.53615234403e-06,1.70683593781e-05,0.279413984847,0.506468609931,0.213982987696
373,0.00455689453108,0.0994572864142,0.00765155040837,0.0320311550664,0.044057311937,0.223133710355,0.0689972351139,0.144506936756,0.0614116769726,0.00597344576731,0.139245216139,0.168977580539,20,1,2,20,0.00101809668545,9.16287016901e-05,0.00101809668545,0.00270229729833,0.000517901397494,0.000150536941569,0.00101809668545,9.16287016901e-05,0.00101809668545,0.103005775089,0.625214653869,0.26415319126
374,0.0542786881624,0.20153301836,0.0214153219527,0.00256567673939,0.0604141957968,0.0739389573481,0.236497090545,0.190014539736,0.055406385871,0.0247525312739,0.0574732254538,0.0217103687606,20,1,2,20,0.000909792862443,8.18813576199e-05,0.000909792862443,0.000621021948863,0.000960568872093,0.000216405661599,0.000909792862443,8.18813576199e-05,0.000909792862443,0.277886359292,0.503699620429,0.212813089631
375,0.0119296330422,0.123677562959,0.0523022570109,0.0832853896933,0.117717182379,0.180293004029,0.116710727025,0.00902829977604,0.0382094353693,0.0686071539115,0.172363148835,0.0258762059695,20,1,2,20,2.02999788152e-05,1.82699809337e-06,2.02999788152e-05,0.000156002264117,0.00324121683092,1.82819241851e-05,2.02999788152e-05,1.82699809337e-06,2.02999788152e-05,0.278473368299,0.504763639206,0.213262637565
376,0.207230693995,0.0906106231496,0.226805238804,0.0494720998561,0.0165107636461,0.0570112281911,0.17809983595,0.0136618129055,0.018839183845,0.00862155612306,0.0367762611329,0.0963607024018,20,1,2,20,0.000329657067015,2.96691360314e-05,0.000329657067015,0.000121202435064,0.00199608772914,1.70695223207e-05,0.000329657067015,2.96691360314e-05,0.000329657067015,0.278470023032,0.504757575214,0.213260075528
377,0.0749119529013,0.00650332528391,0.0108262623144,0.271414268067,0.0951466479915,0.000154019613747,0.13410448856,0.0978302718321,0.145145818968,0.0683737225062,0.0827473069016,0.0128419150604,20,1,2,20,0.0001325766171,1.1931895539e-05,0.0001325766171,6.9150677385e-05,0.000182335192325,1.85301927089e-05,0.0001325766171,1.1931895539e-05,0.0001325766171,0.279221227889,0.506119216723,0.213835369066
378,0.0399520107704,0.0269183256404,0.0131127038988,0.312749349431,0.0807148222231,0.0658991026292,0.0464361002864,0.0329307972653,0.0352640352263,0.00134124018841,0.290268425412,0.0544130870285,20,1,2,20,9.1610062827e-06,8.24490565443e-07,9.1610062827e-06,8.22072388048e-05,0.00185569127609,1.33533069825e-05,9.1610062827e-06,8.24490565443e-07,9.1610062827e-06,0.278895566651,0.505528919874,0.213585968647
379,0.00917459403409,0.172566488728,0.0134815979165,0.0213726336621,0.423670139654,0.0862493265422,0.0367646148627,0.0321815220679,0.0682321222736,0.0431091720133,0.00877587890607,0.0844219093395,20,1,2,20,0.000247445249152,2.22700724237e-05,0.000247445249152,0.00147074338955,0.0111503180443,6.41956596395e-05,0.000247445249152,2.22700724237e-05,0.000247445249152,0.211640263813,0.544562501197,0.230077656756
380,0.0416508181059,0.0830725050244,0.0125825773265,0.0166695566936,0.0753271828647,0.0901773093959,0.110429893193,0.295778201807,0.105993176013,0.012927056219,0.0652723685929,0.0901193547644,20,1,2,20,0.000112531604655,1.0127844419e-05,0.000112531604655,1.1680093718e-05,8.45332997304e-05,0.000112570936897,0.000112531604655,1.0127844419e-05,0.000112531604655,0.27926175392,0.506192674616,0.213866405025
381,0.145564328096,0.0430746626058,0.0840720828516,0.00566515660864,0.276288258829,0.126398393598,0.0677768379433,0.00469414212599,0.109664329075,0.00323452246245,0.118927848549,0.0146394372543,20,1,2,20,0.000835862807228,7.52276526506e-05,0.000835862807228,0.00869225229388,0.00124615469323,0.0019339528238,0.000835862807228,7.52276526506e-05,0.000835862807228,0.102206973017,0.620335156863,0.262091603775
382,0.024777918634,0.12909791586,0.00626072202599,0.116042467961,0.0435552228196,0.0374152520283,0.149452969059,0.129088996627,0.0808305196652,0.112686341294,0.12931116223,0.0414805117961,20,1,2,20,2.07570075806e-05,1.86813068226e-06,2.07570075806e-05,4.30790908289e-06,1.73124511881e-05,1.55816134951e-05,2.07570075806e-05,1.86813068226e-06,2.07570075806e-05,0.279416905468,0.506473903878,0.213985224388
383,0.21226558604,0.0172273812367,0.0053759034869,0.0232786430114,0.100050265862,0.0907499775445,0.105192310468,0.0266365997638,0.0126916251391,0.0987734000518,0.180774914788,0.126983392607,20,1,2,20,4.26174004024e-05,3.83556603622e-06,4.26174004024e-05,9.65675641311e-05,0.00011063399815,1.91356814669e-06,4.26174004024e-05,3.83556603622e-06,4.26174004024e-05,0.279343328782,0.506340538034,0.21392887732
384,0.127249217883,0.0563042047933,0.0161129595485,0.0686321922539,0.280027473415,0.0180449511851,0.0208975388068,0.101387407497,0.0591099005287,0.0359832548383,0.208337872467,0.00791302678391,20,1,2,20,0.0001265267374,1.1387406366e-05,0.0001265267374,0.000252036877346,0.000214447288926,0.000230169357719,0.0001265267374,1.1387406366e-05,0.0001265267374,0.2791090703,0.505915918744,0.213749475669
385,0.0324349503847,0.0562756603429,0.0370068987433,0.136667115692,0.529559576911,0.0167499643608,0.0295003328147,0.0126073428069,0.0460070230123,0.00388184033847,0.0668304151352,0.0324788794575,20,1,2,20,0.000574737433022,5.1726368972e-05,0.000574737433022,0.000239614284377,0.00198764826616,0.000150872377807,0.000574737433022,5.1726368972e-05,0.000574737433022,0.278115619456,0.504115179715,0.21298866343
386,0.0650089690429,0.0320214388576,0.195697258401,0.0895855111549,0.0368684767926,0.0121657401937,0.0619908622668,0.0206768696347,0.061619193869,0.0645487362558,0.191514201286,0.168302742245,20,1,2,20,9.54765805291e-06,8.59289224762e-07,9.54765805291e-06,0.00249994955824,0.00372894787568,1.1717305268e-05,9.54765805291e-06,8.59289224762e-07,9.54765805291e-06,0.213221966699,0.548680147171,0.23181736218
387,0.0649707174302,0.0118864555097,0.146798938048,0.0484403170865,0.0285148868884,0.111885817094,0.077002893344,0.00422834699529,0.00650812403473,0.282064854836,0.0157671629151,0.201931485818,20,1,2,20,5.13379285506e-05,4.62041356956e-06,5.13379285506e-05,0.000348158467857,0.00012397092775,1.46476096375e-05,5.13379285506e-05,4.62041356956e-06,5.13379285506e-05,0.279255549226,0.506181427928,0.213861653299
388,0.131053782696,0.127516513833,0.081701441153,0.194418997287,0.00833183882015,0.0622358518186,0.0698193086108,0.0831148891277,0.0646228861525,0.0552357097853,0.0121084144248,0.109840366291,20,1,2,20,0.000201377678846,1.81239910961e-05,0.000201377678846,0.00234176547188,0.00863000989084,0.000115563363009,0.000201377678846,1.81239910961e-05,0.000201377678846,0.212007308545,0.545563159249,0.230500434783
389,0.319637924523,0.0723200679448,0.00427787092672,0.0112756801392,0.023175610806,0.123012263282,0.125621426709,0.148558833198,0.0369290382148,0.00170535290155,0.0364433291586,0.0970426021963,20,1,2,20,0.000495859357995,4.46273422195e-05,0.000495859357995,0.000578282574732,0.0011874670948,0.000591208609179,0.000495859357995,4.46273422195e-05,0.000495859357995,0.27821367318,0.504292918401,0.213063758024
390,0.0477764564372,0.0867496049895,0.032305406522,0.00111848111228,0.065838960148,0.0248756797001,0.151924143739,0.346395826776,0.00482624576241,0.0940408706042,0.0207723579712,0.123375966237,20,1,2,20,0.000466328350706,4.19695515636e-05,0.000466328350706,0.0126416619468,0.00138107748287,0.000687185010297,0.000466328350706,4.19695515636e-05,0.000466328350706,0.274796115215,0.498098212892,0.210446494947
391,0.0224216409102,0.0144846714608,0.0664665886182,0.167327450428,0.0525287283875,0.135539369159,0.00502060116308,0.217141144773,0.186052042772,0.0024519576101,0.07634075611,0.054225048608,20,1,2,20,0.000106779174586,9.6101257127e-06,0.000106779174586,0.00266536496828,0.0135298515837,1.68461225932e-05,0.000106779174586,9.6101257127e-06,0.000106779174586,0.274796332464,0.498098606616,0.210446661295
392,0.0879207612329,0.0292129268917,0.0113254999556,0.0229777444012,0.212593073762,0.218556761445,0.0613907797755,0.0167603353701,0.100699703588,0.0437265192548,0.0775630157385,0.117272878585,20,1,2,20,7.70312773561e-06,6.93281496204e-07,7.70312773561e-06,2.77568800813e-06,6.18714871444e-06,8.71050525828e-06,7.70312773561e-06,6.93281496204e-07,7.70312773561e-06,0.279436579464,0.506512160366,0.214001387755
393,0.0290880880177,0.0162198250208,0.0216684260157,0.0703866620167,0.195150193198,0.0358657177028,0.23384259007,0.0107519887367,0.0847162917813,0.0550154991043,0.079350205172,0.167944513164,20,1,2,20,0.000642275355472,5.78047819925e-05,0.000642275355472,0.0042897521915,0.00285522997069,0.000479527390778,0.000642275355472,5.78047819925e-05,0.000642275355472,0.102727891967,0.623523998239,0.263438889256
394,0.0144294809853,0.0744169087371,0.0190378912053,0.0255154822654,0.0302488602624,0.0437340996383,0.0784270666444,0.100248895028,0.0786057284887,0.333784650522,0.136699057225,0.0648518789982,20,1,2,20,6.56287368346e-06,5.90658631511e-07,6.56287368346e-06,3.24466848857e-06,3.49573051654e-06,0.000135233054034,6.56287368346e-06,5.90658631511e-07,6.56287368346e-06,0.27940420719,0.506450886851,0.213975499694
395,0.0707818255882,0.104319742936,0.30172822236,0.00832653126349,0.0486303882331,0.00205590271948,0.0593091260184,0.189538010413,0.0932693412793,0.00405149546628,0.0775096202389,0.0404797934838,20,1,2,20,0.000621474235456,5.5932681191e-05,0.000621474235456,0.00029518990957,0.00244755594811,9.31414006319e-05,0.000621474235456,5.5932681191e-05,0.000621474235456,0.277933106251,0.503784354437,0.21284888975
396,0.0282512142426,0.0929662758579,0.0320095559955,0.184445986233,0.157305493475,0.250966329861,0.0240830496834,0.0772594678552,0.109436874275,0.0195994217818,0.0052325069608,0.0184438237782,20,1,2,20,0.00574813912976,0.000517332521679,0.00574813912976,0.0779581081363,0.0043925766477,0.0213650785938,0.00574813912976,0.000517332521679,0.00574813912976,0.243753572945,0.441830187779,0.186673254336
397,0.0316419515915,0.0103537543315,0.172856781494,0.0149241281215,0.164168981566,0.0299960814029,0.0957176531656,0.137553932332,0.0629634822691,0.000596410144854,0.224988192596,0.054238650986,20,1,2,20,7.88081154541e-05,7.09273039087e-06,7.88081154541e-05,0.00111971902466,0.000459579856031,0.00340142834131,7.88081154541e-05,7.09273039087e-06,7.88081154541e-05,0.213426859338,0.549218274529,0.232044720988
398,0.0317875909313,0.000204964390926,0.156360910625,0.106077156563,0.0146542824094,0.0371292360719,0.036917889399,0.0578673938809,0.0106398156067,0.254133794561,0.151328108545,0.142898857016,20,1,2,20,1.27721373295e-06,1.14949235965e-07,1.27721373295e-06,2.40756214599e-05,0.000373375930674,1.80051819226e-07,1.27721373295e-06,1.14949235965e-07,1.27721373295e-06,0.279338937343,0.506332578067,0.213925514233
399,0.092311834304,0.202229068505,0.00242039376944,0.0505177048318,0.0773918393596,0.109294385042,0.0610890377574,0.0683181276906,0.237225888847,0.028806118427,0.00582866273775,0.0645669387273,20,1,2,20,0.0886105110324,0.00797494599291,0.0886105110324,0.344480235091,0.151083091919,0.112579234104,0.0886105110324,0.00797494599291,0.0886105110324,0.0058827532827,0.010954481186,0.0046282683011
400,0.0551672674745,0.0392347428047,0.134253146399,0.204806640117,0.0179954148533,0.107420237264,0.00350098481652,0.035991590438,0.294774984092,0.0479636110032,0.0560706770289,0.00282070370897,20,1,2,20,0.000551799824254,4.96619841829e-05,0.000551799824254,5.97716261871e-05,9.55969294302e-05,0.000206223055078,0.000551799824254,4.96619841829e-05,0.000551799824254,0.2787059392,0.505185199243,0.21344074668
401,0.0387736835505,0.0699145404942,0.32865309242,0.0903447034647,0.0454804754864,0.0193887609448,0.0413151429349,0.0176433568629,0.0291447496508,0.209169852542,0.0621355842807,0.0480360573678,20,1,2,20,0.000266810925255,2.4012983273e-05,0.000266810925255,0.00636051153493,0.000335284007788,0.000721694673384,0.000266810925255,2.4012983273e-05,0.000266810925255,0.277067055058,0.502214541341,0.212185643717
402,0.0474432407595,0.251725823533,0.00117498143208,0.148962792184,0.0490042861085,0.115952608196,0.024120561011,0.0624273345093,0.0569544968684,0.0977313065468,0.017404852749,0.127097716102,20,1,2,20,0.000514359354725,4.62923419253e-05,0.000514359354725,0.0405367945013,0.00171794668789,0.00118079292216,0.000514359354725,4.62923419253e-05,0.000514359354725,0.0990652230517,0.601299979426,0.254049241308
403,0.0617127467762,0.016559151149,0.0953566486823,0.0267624547862,0.0242713949697,0.0972098834457,0.153872635045,0.044065770026,0.231108996261,0.00747828127056,0.0751752054614,0.166426832127,20,1,2,20,4.61438526349e-05,4.15294673714e-06,4.61438526349e-05,5.53849567868e-06,4.30511346465e-05,0.000106763990824,4.61438526349e-05,4.15294673714e-06,4.61438526349e-05,0.279354233244,0.506360303572,0.213937228259
404,0.0208453223385,0.0175374786639,0.0713171710612,0.142084577269,0.213866884841,0.0572310152801,0.212195275579,0.148108255369,0.0311380408867,0.00930357424105,0.0757311181279,0.000641286342495,20,1,2,20,0.00229277588688,0.000206349829819,0.00229277588688,0.0100806267353,0.00563092154127,0.0138481237806,0.00229277588688,0.000206349829819,0.00229277588688,2.35773480923e-05,0.675453741573,0.285379205815
405,0.20237454245,0.0924511635589,0.0838166094876,0.041722931176,0.139077722299,0.0100872317479,0.0111455290848,0.0405221440092,0.191115464941,0.0194067110124,0.0805516690321,0.0877282812011,20,1,2,20,0.000180573870561,1.62516483505e-05,0.000180573870561,0.000221521547955,0.00287874887012,2.3487980315e-05,0.000180573870561,1.62516483505e-05,0.000180573870561,0.278367679226,0.504572065798,0.2131816978
406,0.0642706892531,0.0356943474618,0.00680265547355,0.0432672385765,0.276941788772,0.0697408839546,0.121178634793,0.145513706135,0.0614054481261,0.0362368007335,0.134880534068,0.00406727265159,20,1,2,20,0.000574162755241,5.16746479717e-05,0.000574162755241,0.029376329318,0.0126923628394,0.001691820501,0.000574162755241,5.16746479717e-05,0.000574162755241,0.266551846574,0.483154756029,0.204132884422
407,0.0620412162492,0.151146492801,0.0682566573005,0.0901802903749,0.0349940213197,0.0607849128999,0.0841730628252,0.0252782964114,0.121023049389,0.0296168337842,0.222239816907,0.0502653497383,20,1,2,20,9.46254196406e-05,8.51628776765e-06,9.46254196406e-05,0.00115888355436,0.00190210970355,0.000176274749443,9.46254196406e-05,8.51628776765e-06,9.46254196406e-05,0.278436355817,0.504696549681,0.21323429224
408,0.209556219346,0.0649132387411,0.114288485699,0.0144030083496,0.0426510451006,0.0155390937151,0.103508690847,0.000708773176425,0.0103985112496,0.102151994986,0.0583216489082,0.263559289882,20,1,2,20,0.0621776731114,0.00559599058003,0.0621776731114,0.440257158651,0.157536887516,0.029800130762,0.0621776731114,0.00559599058003,0.0621776731114,0.0308204482187,0.0574219340925,0.0242607671541
409,0.0565827821018,0.117348226769,0.0107655176868,0.0123839045847,0.1180769031,0.305585712419,0.0102465559656,0.100005057686,0.118271929038,0.00110586082998,0.0841418966911,0.0654856531275,20,1,2,20,0.000215481603716,1.93933443345e-05,0.000215481603716,0.000598472789959,0.0029319972043,8.37563492528e-05,0.000215481603716,1.93933443345e-05,0.000215481603716,0.27818808863,0.50425094687,0.213046025053
410,0.164735390007,0.0260393620926,0.0378030797813,0.0054284442889,0.162371006173,0.0774172387644,0.0411815187158,0.194442471584,0.0347779773898,0.219936119916,0.01912053594,0.0167468553477,20,1,2,20,3.22881901043e-05,2.90593710939e-06,3.22881901043e-05,1.56752475314e-06,4.52941699486e-07,8.22008803518e-05,3.22881901043e-05,2.90593710939e-06,3.22881901043e-05,0.279390296171,0.506425671598,0.21396484625
411,0.0726938629731,0.0628312241547,0.110657202792,0.0118454657456,0.0647418701117,0.158678396811,0.112264265758,0.0847365204692,0.0176392038143,0.0458215586919,0.0677682400973,0.190322188581,20,1,2,20,2.10466572157e-05,1.89419914941e-06,2.10466572157e-05,1.29658676975e-05,1.4430597458e-05,4.67550668206e-06,2.10466572157e-05,1.89419914941e-06,2.10466572157e-05,0.279418000713,0.50647588913,0.213986063158
412,0.0446591099849,0.0946878376416,0.0444103566186,0.0239949311117,0.00875100353913,0.285757682293,0.103769653938,0.0348212488833,0.123568104839,0.00526129951212,0.199700174673,0.0306185969661,20,1,2,20,0.000491353535129,4.42218181616e-05,0.000491353535129,0.0150938251723,0.000824616790008,0.0022447532597,0.000491353535129,4.42218181616e-05,0.000491353535129,0.273801861238,0.496296018111,0.209685067652
413,0.122962734743,0.255702002351,0.0446064894853,0.0421931020782,0.094129582261,0.0884729878975,0.0247037737364,0.120269464078,0.0090244563229,0.128746994505,0.0473968939626,0.0217915185786,20,1,2,20,0.00058336139603,5.25025256427e-05,0.00058336139603,0.0705946929396,0.000987426695211,0.00157579791366,0.00058336139603,5.25025256427e-05,0.00058336139603,2.2682926232e-05,0.649828435072,0.274552513818
414,0.0569305823031,0.00935563067581,0.157275932448,0.112961194022,0.0802134374334,0.01025007728,0.137901032238,0.0113341329486,0.247750759047,0.0192687871861,0.080939787462,0.0758186469555,20,1,2,20,0.000351498550893,3.16348695804e-05,0.000351498550893,0.00945985767134,0.00265521837756,0.00515149844626,0.000351498550893,3.16348695804e-05,0.000351498550893,0.274215788978,0.497046307616,0.210002064968
415,0.401554194427,0.193149717173,0.0390196299147,0.02479955965,0.0450178795181,0.0396125040018,0.0334818626359,0.0203807402076,0.0240863016461,0.0197656170785,0.0185959224892,0.140536071257,20,1,2,20,0.0980611195213,0.00882550075692,0.0980611195213,0.241323846269,0.312888079308,0.00804132873143,0.0980611195213,0.00882550075692,0.0980611195213,0.00762938006871,0.0142157370992,0.00600614892442
416,0.019262124367,0.0212984141589,0.0954082846953,0.0733093548021,0.155551811773,0.0339338629037,0.00746283706444,0.0134324978821,0.095178011543,0.398195305942,0.0738201939949,0.0131473008732,20,1,2,20,6.21252290705e-05,5.59127061634e-06,6.21252290705e-05,0.000369887850901,6.58103096448e-05,0.000116940665848,6.21252290705e-05,5.59127061634e-06,6.21252290705e-05,0.279224543313,0.506125226294,0.213837908109
417,0.0299567002658,0.0606862382623,0.0223314738931,0.0753859110999,0.0638516184268,0.0899979464384,0.232153546251,0.103427167266,0.0334787438365,0.0285626577356,0.0443928369757,0.21577515955,20,1,2,20,0.000571693083597,5.14523775237e-05,0.000571693083597,0.00938307689656,0.00477613760918,0.000466328799963,0.000571693083597,5.14523775237e-05,0.000571693083597,0.102032586697,0.61929855389,0.261653639018
418,0.129736813034,0.131972241003,0.103276387498,0.0183929375744,0.00618681071559,0.0158727283304,0.0357245378874,0.0864553517705,0.0467391772681,0.0222796614487,0.379930216247,0.0234331372235,20,1,2,20,8.23156530232e-06,7.40840877209e-07,8.23156530232e-06,1.47856121778e-06,2.51142430943e-05,2.96704323067e-06,8.23156530232e-06,7.40840877209e-07,8.23156530232e-06,0.279433672135,0.506504295307,0.213998064767
419,0.0793363874884,0.0174770395632,0.0479558445753,0.13442497382,0.176228517996,0.00178563596249,0.0774846748135,0.15676077402,0.0134518415518,0.10329097816,0.151378431563,0.040424900487,20,1,2,20,0.000237827802868,2.14045022581e-05,0.000237827802868,0.000973638947952,0.00141177248277,1.58147595429e-05,0.000237827802868,2.14045022581e-05,0.000237827802868,0.213841103865,0.550273145679,0.232490404049
420,0.088535439744,0.0190920482652,0.0346534576519,0.0960144639284,0.152588018903,0.0613422215066,0.00390711124946,0.0254683075735,0.424079578586,0.00118424954423,0.066788029924,0.0263470731229,20,1,2,20,0.00193672106226,0.000174304895603,0.00193672106226,0.0114183468877,0.00731953520816,0.00105435130202,0.00193672106226,0.000174304895603,0.00193672106226,0.271658279427,0.492410539989,0.208043453145
421,0.0168142921229,0.113186974328,0.220020069549,0.0487317962619,0.398895036344,0.0217231456598,0.0361842795095,0.0136192785025,0.0049136540321,0.0117358102008,0.0450873420461,0.0690883214445,20,1,2,20,0.000188192201995,1.69372981795e-05,0.000188192201995,4.26213981324e-05,0.00979463636514,7.87922684839e-06,0.000188192201995,1.69372981795e-05,0.000188192201995,0.276480480543,0.501151310413,0.211736428649
422,0.00856021079166,0.0616224807695,0.117243522983,0.0176818006865,0.0071482910238,0.102678163345,0.0170585156726,0.181819454189,0.0908668719912,0.0688365571296,0.15558229557,0.170901835847,20,1,2,20,2.64591478371e-05,2.38132330534e-06,2.64591478371e-05,8.57412347977e-05,1.87774611839e-05,0.000390184972761,2.64591478371e-05,2.38132330534e-06,2.64591478371e-05,0.279282395199,0.506230089205,0.213882212689
423,0.0228343504096,0.152442969456,0.0996228868158,0.141056731208,0.0483711914049,0.0122731791573,0.0152231306061,0.079694232844,0.358229793862,0.0163184304025,0.00866851162395,0.0452645922097,20,1,2,20,0.00301946789502,0.000271752110551,0.00301946789502,0.15278534275,0.00676591230748,0.01489540188,0.00301946789502,0.000271752110551,0.00301946789502,1.99476977747e-05,0.571467149078,0.241444870486
424,0.0634719046639,0.00282995321603,0.162078063469,0.01572704533,0.0363151935203,0.129542632379,0.0502818706709,0.158359951459,0.218324982963,0.00416544046718,0.0397491228033,0.119153839059,20,1,2,20,0.000171878235189,1.5469041167e-05,0.000171878235189,4.26173435799e-05,0.000567707510466,1.44645911456e-05,0.000171878235189,1.5469041167e-05,0.000171878235189,0.279076177405,0.50585629675,0.213724285377
425,0.190029877792,0.0936740267214,0.0461325487765,0.0867834067772,0.00246650190559,0.113702543393,0.157055013005,0.0646916883123,0.061139829068,0.0480021132021,0.133672437762,0.00265001328482,20,1,2,20,0.000378381442491,3.40543298242e-05,0.000378381442491,0.0259485713927,0.00109609916966,0.000464214462657,0.000378381442491,3.40543298242e-05,0.000378381442491,0.271321962601,0.49180141859,0.207786099354
426,0.0441991389777,0.262758189286,0.0795085718005,0.0462886493859,0.0111827886536,0.0301353054587,0.244798152362,0.00157682291482,0.0890624041043,0.0635735720279,0.0166044516974,0.110311953331,20,1,2,20,0.00038939165668,3.50452491012e-05,0.00038939165668,0.0138248708159,0.00705998090896,0.00017518052334,0.00038939165668,3.50452491012e-05,0.00038939165668,0.273111334778,0.495044622741,0.209156353108
427,0.00705621944971,0.348058403513,0.0272460247134,0.00900609590628,0.0585781965785,0.00544461232727,0.194381011515,0.133851398912,0.0267330932308,0.0717603800104,0.0888768104929,0.0290077533507,20,1,2,20,0.000158274810324,1.42447329291e-05,0.000158274810324,0.000119639237544,0.000462622892444,5.63506850324e-05,0.000158274810324,1.42447329291e-05,0.000158274810324,0.279088204705,0.505878097556,0.213733496217
428,0.153432009645,0.0917622214306,0.0486715868602,0.0134542282786,0.0103918370532,0.122481778691,0.0666222247899,0.0637294557085,0.0947664263352,0.0812489907456,0.124035124855,0.129404115607,20,1,2,20,5.59414821992e-05,5.03473339793e-06,5.59414821992e-05,0.00299640029501,0.00273403683305,0.000223164502576,5.59414821992e-05,5.03473339793e-06,5.59414821992e-05,0.277722459171,0.503402533429,0.212687570374
429,0.197679247877,0.055756278622,0.0758006214721,0.0737093209011,0.0962308132498,0.0682887372384,0.0234707600772,0.0268851051243,0.0322898707526,0.0971835442021,0.109509577699,0.143196122784,20,1,2,20,2.09215026991e-05,1.88293524292e-06,2.09215026991e-05,1.00684250029e-05,7.67708745687e-06,0.000150450664629,2.09215026991e-05,1.88293524292e-06,2.09215026991e-05,0.279380106787,0.506407202218,0.213957042937
430,0.204488664915,0.02525231456,0.159231832882,0.0528861724807,0.00452238892742,0.091620982654,0.160124301193,0.0371960166905,0.192694148649,0.00464200515272,0.0447680245951,0.0225731472997,20,1,2,20,0.00622507103641,0.000560256393277,0.00622507103641,0.000895360493502,0.00409874587084,0.00239834433367,0.00622507103641,0.000560256393277,0.00622507103641,0.270114164258,0.489611661239,0.206860926873
431,0.0129932745128,0.173673622951,0.17158632725,0.00264287769267,0.11431993271,0.0833190926964,0.160631320511,0.0464722923811,0.0750186237799,0.0455593417698,0.000671903552253,0.113111390193,20,1,2,20,0.00158736817344,0.000142863135609,0.00158736817344,0.0607715793807,0.00512888044658,0.000401242500374,0.00158736817344,0.000142863135609,0.00158736817344,0.0962292517352,0.584065973267,0.246767873705
432,0.151177956503,0.0309973750641,0.0386558886241,0.0746515178875,0.0562939479049,0.230695013006,0.0693449806695,0.0348469997615,0.1777079237,0.0943070835322,0.039716554525,0.0016047588222,20,1,2,20,0.000653603875773,5.88243488195e-05,0.000653603875773,0.00288078947664,0.00665318348582,0.000150898559447,0.000653603875773,5.88243488195e-05,0.000653603875773,0.275981616123,0.500247063729,0.211354384425
433,0.0675881902478,0.0404999863083,0.0767893602408,0.0269129898723,0.105526874361,0.0541036933329,0.0598140774805,0.264847676165,0.00817904658347,0.0523255736179,0.0696001957699,0.17381233602,20,1,2,20,0.000206105278209,1.85494750388e-05,0.000206105278209,0.0011455532628,0.000770269375158,0.00039229710017,0.000206105278209,1.85494750388e-05,0.000206105278209,0.278565787284,0.504931158464,0.213333414451
434,0.156945659965,0.0866672870085,0.0737887103434,0.000920683071548,0.00899030144628,0.304567315524,0.00623817178302,0.0302594021656,0.000628125831783,0.0460698057815,0.00471148224964,0.280213054829,20,1,2,20,0.0953992864337,0.00858593577903,0.0953992864337,0.0169643631397,0.0348089689924,0.518697741862,0.0953992864337,0.00858593577903,0.0953992864337,0.00842740935906,0.015699472305,0.00663302704886
435,0.0399788069422,0.0770874202507,0.221307491889,0.0696346634672,0.0535171414681,0.0587556196041,0.174376903749,0.0302278012564,0.00958657983567,0.193786536978,0.0614327932835,0.010308241276,20,1,2,20,0.00021320307484,1.91882767356e-05,0.00021320307484,0.0183245934842,0.000511355555358,0.000843108299441,0.00021320307484,1.91882767356e-05,0.00021320307484,0.273703024051,0.496117208968,0.209609520789
436,0.0857166000837,0.10910921082,0.0392514619818,0.0781863573089,0.207868355894,0.0779301516998,0.130787845314,0.114508045865,0.00706031037674,0.00523629920898,0.0502896260035,0.0940557354427,20,1,2,20,0.000207408327474,1.86667494727e-05,0.000207408327474,3.96870052108e-05,6.6780015254e-05,0.000497407216127,0.000207408327474,1.86667494727e-05,0.000207408327474,0.279040519226,0.505791662375,0.213696977354
437,0.0742970267995,0.100579827434,0.0422266432722,0.0483184257654,0.0173484851639,0.0772346905214,0.0247337430331,0.122754909089,0.155182299228,0.182695313576,0.066542750013,0.0880858861045,20,1,2,20,0.000242212133966,2.17990920569e-05,0.000242212133966,0.00251613720467,0.000922404687729,0.000466155853352,0.000242212133966,2.17990920569e-05,0.000242212133966,0.213511427957,0.549435098472,0.232136329105
438,0.0278336588304,0.107118470699,0.0214194137975,0.0167714814389,0.124851360507,0.124128118045,0.0739564239665,0.0362403035596,0.187344672635,0.140384846674,0.0770363610891,0.0629148887589,20,1,2,20,0.000147205122495,1.32484610246e-05,0.000147205122495,0.000937019652841,0.000799760027643,0.00117513858602,0.000147205122495,1.32484610246e-05,0.000147205122495,0.278465856562,0.504750023029,0.21325688473
439,0.0577794844852,0.395287583516,0.101017096873,0.030420610669,0.165597138601,0.0198598520307,0.031805511703,0.0679425469322,0.08212946536,0.0293462305114,0.0173647479365,0.00144973138153,20,1,2,20,0.00566021937736,0.000509419743962,0.00566021937736,0.012423126253,0.0526698341712,0.00319189406391,0.00566021937736,0.000509419743962,0.00566021937736,0.253757495198,0.459963397762,0.194334535554
440,0.210259422127,0.00377778701245,0.0189788586915,0.241468130764,0.00972501750877,0.0147560905478,0.0746887327984,0.0468584654076,0.00634437672393,0.221446040351,0.0922120125479,0.0594850655204,20,1,2,20,2.72795287029e-05,2.45515758326e-06,2.72795287029e-05,2.87163879853e-05,4.84495180966e-05,1.01326556988e-05,2.72795287029e-05,2.45515758326e-06,2.72795287029e-05,0.279395286893,0.506434717831,0.213968668284
441,0.00491204303606,0.131434033616,0.258999663698,0.0410141863827,0.15479066796,0.10586793295,0.00315118832532,0.119282196617,0.0427894595818,0.0197976000762,0.0807043362007,0.0372566915565,20,1,2,20,0.000323938448099,2.91544603289e-05,0.000323938448099,0.000278198007421,0.00131293431256,0.00207012094007,0.000323938448099,2.91544603289e-05,0.000323938448099,0.27805001022,0.503996255752,0.212938418055
442,0.000102479386569,0.203461790322,0.112370309022,0.0498296085184,0.26756432809,0.0199545666709,0.0625404927312,0.106354800784,0.011420597636,0.0682613545467,0.0969920958249,0.00114757646828,20,1,2,20,0.000299704393257,2.69733953931e-05,0.000299704393257,0.00310998022323,0.00245187734993,0.000751792531407,0.000299704393257,2.69733953931e-05,0.000299704393257,0.277337078568,0.502704047074,0.212392459889
443,0.0356267562357,0.0105528024148,0.0380235846849,0.0734650947732,0.220950079779,0.166276392122,0.100363492221,0.0301168922882,0.0153150703592,0.105871371303,0.132866710949,0.0705717528691,20,1,2,20,1.0979310019e-05,9.88137901712e-07,1.0979310019e-05,2.20231134263e-06,1.58897558948e-06,1.06204826355e-05,1.0979310019e-05,9.88137901712e-07,1.0979310019e-05,0.279434695627,0.506506150501,0.213998848586
444,0.00790764510616,0.0547113352102,0.0523414109447,0.188342138533,0.0125077303986,0.016005904414,0.0246792273846,0.205214681414,0.120580691422,0.251132592143,0.00776338498548,0.0588132580449,20,1,2,20,6.18307914793e-05,5.56477123314e-06,6.18307914793e-05,0.000126000073509,0.000125759773899,2.9424777093e-05,6.18307914793e-05,5.56477123314e-06,6.18307914793e-05,0.279300745545,0.506263351228,0.213896265894
445,0.0434379545476,0.28095985538,0.257125181521,0.0243267024801,0.0182422721726,0.0109244057892,0.0758771795147,0.0152556422994,0.137621607739,0.0311641501589,0.0672650088198,0.0378000395778,20,1,2,20,0.000411010126926,3.69909114233e-05,0.000411010126926,0.000130401090169,0.00374493894228,6.81326698715e-05,0.000411010126926,3.69909114233e-05,0.000411010126926,0.277869434482,0.503668942345,0.212800128141
446,0.031653566829,0.00803574107258,0.0555724138971,0.0805816976805,0.128787317068,0.0941451814658,0.0255356166113,0.272812795815,0.00086331491611,0.248893165077,0.0105259092575,0.0425932803113,20,1,2,20,9.51825025783e-05,8.56642523205e-06,9.51825025783e-05,0.000213241733211,0.000199299152163,0.0002007824874,9.51825025783e-05,8.56642523205e-06,9.51825025783e-05,0.279168970475,0.506024494406,0.213795348886
447,0.0315794541577,0.178075622646,0.0876806813341,0.122807724308,0.0450601445681,0.0110374185119,0.205955683919,0.0327349572098,0.182824323183,0.0522628973009,0.0330299206519,0.0169511722094,20,1,2,20,0.000890412107736,8.01370896963e-05,0.000890412107736,0.000928503775723,0.007734544535,0.00253903242484,0.000890412107736,8.01370896963e-05,0.000890412107736,0.275281012195,0.498977141975,0.210817842484
448,0.23337569615,0.0538863289847,0.139735852548,0.0318852845607,0.00853200021018,0.130286860946,0.0526985938326,0.058956198799,0.01160089313,0.103522246174,0.0652581948896,0.110261849774,20,1,2,20,2.84919674184e-05,2.56427706765e-06,2.84919674184e-05,4.78973353784e-06,6.91097095771e-05,3.37811760565e-06,2.84919674184e-05,2.56427706765e-06,2.84919674184e-05,0.279396671019,0.506437226711,0.213969728285
449,0.0944083228625,0.0330673038103,0.013442895019,0.109032380018,0.110948366079,0.0122821194925,0.303446095755,0.129800463626,0.0190629027594,0.0493549546391,0.0428728013955,0.0822813945441,20,1,2,20,0.000168807257949,1.51926532154e-05,0.000168807257949,0.000108051325019,0.0005159815291,1.82830293923e-05,0.000168807257949,1.51926532154e-05,0.000168807257949,0.279074866846,0.505853921218,0.213723281715
450,0.17918872071,0.0748671489608,0.0279572750643,0.00978956245214,0.110207855673,0.137489168539,0.0117207101234,0.0959779256566,0.0628136713427,0.00110225689751,0.103087702531,0.18579800205,20,1,2,20,1.17379701949e-05,1.05641731754e-06,1.17379701949e-05,0.00476814313764,0.000241602055768,2.19625594443e-05,1.17379701949e-05,1.05641731754e-06,1.17379701949e-05,0.277925578516,0.504037714598,0.212955934418
451,0.00314533785359,0.151645836109,0.10665186026,0.362627576636,0.096708856971,0.0330524028111,0.00474793246875,0.0386905871361,0.0284484064406,0.0556445016713,0.0878500276843,0.0307866739574,20,1,2,20,0.000184911188019,1.66420069217e-05,0.000184911188019,0.000111276570775,0.00111589574574,5.63762582049e-05,0.000184911188019,1.66420069217e-05,0.000184911188019,0.278876862257,0.5054950161,0.213571644302
452,0.0567189449686,0.0449083571488,0.119000962909,0.0415871539748,0.0735551633513,0.031706462154,0.00287197177843,0.164422596351,0.0599363534736,0.175567265176,0.131800652626,0.0979241160891,20,1,2,20,1.25899234671e-05,1.13309311204e-06,1.25899234671e-05,4.9632930942e-06,3.15923296137e-05,6.52700858354e-06,1.25899234671e-05,1.13309311204e-06,1.25899234671e-05,0.279424802141,0.506488217467,0.21399127188
453,0.0175766725724,0.0486567850267,0.0155827632913,0.0724321227579,0.0987247653242,0.0192401171348,0.1733261063,0.0451477937211,0.268676964806,0.0408859661663,0.0485628163862,0.151187126513,20,1,2,20,0.000209039498307,1.88135548476e-05,0.000209039498307,0.00275577179433,0.000661474821198,0.000382893398879,0.000209039498307,1.88135548476e-05,0.000209039498307,0.278145412416,0.504169182753,0.213011479713
454,0.0500912338788,0.0460435493795,0.368367533468,0.0267838197045,0.00730395506209,0.0244932942744,0.0770486530654,0.0658815399121,0.072193062647,0.000918583399909,0.106840739063,0.154034036145,20,1,2,20,6.89860323936e-05,6.20874291543e-06,6.89860323936e-05,7.34581212284e-05,5.25786806977e-05,0.00010541069906,6.89860323936e-05,6.20874291543e-06,6.89860323936e-05,0.279306286571,0.506273394948,0.213900509365
455,0.0234645780851,0.267384553454,0.0669943941781,0.171985632982,0.116947784357,0.0406165756447,0.109174291608,0.0990015151394,0.0189265347548,0.00351512296557,0.06952673222,0.0124622846117,20,1,2,20,0.000915696110323,8.2412649929e-05,0.000915696110323,0.000364698259276,0.00656018986371,0.00595635182331,0.000915696110323,8.2412649929e-05,0.000915696110323,0.274782234122,0.498073051804,0.210435864387
456,0.130648055421,0.0233286563268,0.0491275658296,0.00462240729351,0.00708878117043,0.042359285288,0.113703073182,0.178483394163,0.103746449826,0.205101332043,0.120706627261,0.0210843721951,20,1,2,20,3.88587162741e-05,3.49728446467e-06,3.88587162741e-05,4.06133096812e-05,0.000330151060477,1.22561784685e-05,3.88587162741e-05,3.49728446467e-06,3.88587162741e-05,0.279299121191,0.506260406908,0.213895021919
457,0.00145045991677,0.138195132734,0.275230192947,0.123498724308,0.0735065844002,0.025316938019,0.0973231691873,0.110157349813,0.0568249247888,0.0633688908095,0.0226138839272,0.0125137491495,20,1,2,20,0.00175218429081,0.000157696586173,0.00175218429081,0.0616230989896,0.0134296391045,0.00414551880994,0.00175218429081,0.000157696586173,0.00175218429081,0.255272732829,0.462709933168,0.195494946764
458,0.0182939386018,0.0701804255887,0.0704816951449,0.0603554597644,0.0677952519368,0.0100216254311,0.0498510069997,0.149898274276,0.0703275215707,0.00828339781305,0.328654111603,0.0958572912692,20,1,2,20,8.82368909531e-05,7.94132018578e-06,8.82368909531e-05,0.00133722373102,3.08304306039e-05,0.000198662781,8.82368909531e-05,7.94132018578e-06,8.82368909531e-05,0.278910656383,0.505556271684,0.213597524786
459,0.334796424884,0.108388564646,0.114363633136,0.0869110509162,0.000105559349299,0.0227183993156,0.00542935452625,0.00152396140765,0.0354272324179,0.0918533042969,0.0697362474457,0.128746267658,20,1,2,20,5.73559778507e-05,5.16203800657e-06,5.73559778507e-05,8.05323338308e-05,0.00158454679388,3.43357043533e-05,5.73559778507e-05,5.16203800657e-06,5.73559778507e-05,0.278909645981,0.505554440211,0.213596750989
460,0.211543527631,0.0258619898991,0.058498478645,0.20050044251,0.00862403542245,0.0420525823616,0.0878493345306,0.187645720277,0.0589933190288,0.0666563149278,0.00497337994378,0.0468008748222,20,1,2,20,0.00070099011552,6.30891103968e-05,0.00070099011552,0.00207196268644,0.00441287393564,0.000701437524003,0.00070099011552,6.30891103968e-05,0.00070099011552,0.276624500807,0.501412362997,0.211846723366
461,0.064472438862,0.0547762029823,0.0258979125271,0.171286666098,0.110706114207,0.0798182353975,0.00475392243376,0.0113571388489,0.18520633174,0.0309762686116,0.0591612819567,0.201587486335,20,1,2,20,0.000258809525937,2.32928573343e-05,0.000258809525937,0.00135185468945,0.000902507341081,5.43852969746e-05,0.000258809525937,2.32928573343e-05,0.000258809525937,0.213839019009,0.550277968256,0.232492441588
462,0.141491912486,0.0390528412826,0.00152486211719,0.0331610133716,0.0201886305229,0.236145065145,0.00789849277756,0.134101071849,0.112849765321,0.066385133049,0.0958006354102,0.111400576668,20,1,2,20,0.000290491921049,2.61442728944e-05,0.000290491921049,0.00107694957684,0.000766334656358,0.000125137568638,0.000290491921049,2.61442728944e-05,0.000290491921049,0.213883624251,0.550392757622,0.232540940095
463,0.203854306742,0.0970313024116,0.0232533783105,0.103635057339,0.0612716436016,0.000995148761222,0.135050609931,0.0856178794048,0.0756234177236,0.09321806653,0.034208376944,0.0862408123006,20,1,2,20,0.000479054959609,4.31149463648e-05,0.000479054959609,0.00231740385479,0.000478869488627,0.00111701898036,0.000479054959609,4.31149463648e-05,0.000479054959609,0.277798370965,0.503540166594,0.212745720386
464,0.00990127321741,0.12488393741,0.0230546674821,0.0504002989102,0.18366438682,0.161773983636,5.16549781557e-05,0.0351055424371,0.0536346549465,0.028046068086,0.28496558644,0.0445179456365,20,1,2,20,1.5540056731e-05,1.39860510579e-06,1.5540056731e-05,2.54179502602e-06,3.10598513207e-05,1.73311326182e-05,1.5540056731e-05,1.39860510579e-06,1.5540056731e-05,0.279419162333,0.506477994693,0.213986952758
465,0.0394817303148,0.09282333841,0.050702478096,0.180441711169,0.107934727428,0.0130509563306,0.11666051526,0.0191243393303,0.000828051394018,0.186859802482,0.0957272212749,0.0963651285105,20,1,2,20,0.000247365696211,2.2262912659e-05,0.000247365696211,0.0434092266234,0.00087731136388,0.000776955928243,0.000247365696211,2.2262912659e-05,0.000247365696211,0.266569213901,0.483186856642,0.204146446931
466,0.0634237257712,0.0144730733771,0.0292835823476,0.0241108107612,0.156730491199,0.250175049416,0.0088825875423,0.0705785503424,0.0918277095979,0.129640337763,0.000834842632991,0.160039239249,20,1,2,20,0.000198364008083,1.78527607274e-05,0.000198364008083,0.00646825138131,0.00115223953243,0.000632021931692,0.000198364008083,1.78527607274e-05,0.000198364008083,0.276913660047,0.501936495996,0.212068169558
467,0.103440894755,0.0853615756632,0.101020129727,0.0447765106906,0.199264604269,0.00372554691651,0.0491767066657,0.126054968663,0.0171486391359,0.0351274689286,0.049000103626,0.18590285096,20,1,2,20,0.000104761629025,9.42854661221e-06,0.000104761629025,0.00307148996718,0.000208461704857,0.000239935813375,0.000104761629025,9.42854661221e-06,0.000104761629025,0.278277087608,0.504580050121,0.213185071176
468,0.0619960677005,0.07119642084,0.0561362905759,0.020520385852,0.105840194446,0.0175943269216,0.0580149719986,0.141995768798,0.0938148757082,0.0216476356755,0.104220414174,0.247022647309,20,1,2,20,6.99565114055e-06,6.29608602649e-07,6.99565114055e-06,3.11076683491e-06,5.68490240105e-07,5.29841118882e-06,6.99565114055e-06,6.29608602649e-07,6.99565114055e-06,0.279440867537,0.506517337766,0.214003575206
469,0.0872462775818,0.202326258964,0.0473217646297,0.0597955433271,0.132596478052,0.0388642653778,0.0593542498292,0.0466853259614,0.0187011978118,0.118804063644,0.00314036332484,0.185164211496,20,1,2,20,5.34862505162e-05,4.81376254646e-06,5.34862505162e-05,0.00194864203251,0.00263094223488,3.88799454347e-05,5.34862505162e-05,4.81376254646e-06,5.34862505162e-05,0.278098433365,0.504084028045,0.212975501849
470,0.251768264155,0.0819134090488,0.0262620709868,0.0574214019527,0.0372458997643,0.008975621579,0.0605960242868,0.00503530202533,0.0146522700365,0.0872475874591,0.164361336327,0.204520812379,20,1,2,20,8.64296535941e-05,7.77866882347e-06,8.64296535941e-05,0.00071027385942,0.000759865520066,0.000171202226262,8.64296535941e-05,7.77866882347e-06,8.64296535941e-05,0.278891913456,0.505522298057,0.213583170929
471,0.0831368560644,0.0255859298126,0.183489108184,0.0211989232159,0.224660250062,0.0734006293339,0.163590049192,0.0537549511595,0.0222230007737,0.0908248753109,0.0290587620995,0.0290766647905,20,1,2,20,0.000908673388737,8.17806049864e-05,0.000908673388737,0.00490294626629,0.00228015373207,0.00185966983487,0.000908673388737,8.17806049864e-05,0.000908673388737,0.211810832973,0.545060205574,0.230287936855
472,0.105941560685,0.119425149637,0.0603403407862,0.012629959392,0.0390438765136,0.238928757354,0.108588086764,0.102725299586,0.0458272210943,0.00746902651586,0.0374889428491,0.121591778823,20,1,2,20,0.000668961046701,6.02064942031e-05,0.000668961046701,0.0180942306354,0.0015542304377,0.000531308477544,0.000668961046701,6.02064942031e-05,0.000668961046701,0.101417031004,0.61554090845,0.26006603382
473,0.0272627819869,0.141202133283,0.0910568257187,0.0998606464583,0.230118419585,0.0108489331934,0.0406058199827,0.0284121759782,0.101505877872,0.0792180391699,0.143589829507,0.00631851726513,20,1,2,20,6.22688657597e-05,5.60419791837e-06,6.22688657597e-05,1.7414256498e-05,3.10258201523e-05,0.000346289881511,6.22688657597e-05,5.60419791837e-06,6.22688657597e-05,0.279268503408,0.506204908805,0.21387157397
474,0.129908165343,0.0123375190176,0.121516251843,0.0194172152401,0.0223076541889,0.0729367919028,0.145901816118,0.112992462669,0.0754662340567,0.129610185162,0.13228048447,0.0253252199886,20,1,2,20,2.53548950081e-05,2.28194055073e-06,2.53548950081e-05,4.63813480622e-06,0.000178417034953,2.65133108568e-05,2.53548950081e-05,2.28194055073e-06,2.53548950081e-05,0.279363366554,0.506376858702,0.213944222802
475,0.0539295828024,0.0895521144352,0.0820646579496,0.0434985095355,0.0250611463727,0.178960660672,0.00493538332918,0.233612331874,0.0445620146145,0.00917166370785,0.189484790552,0.0451671441551,20,1,2,20,0.000110507856395,9.94570707558e-06,0.000110507856395,0.00103885158882,0.00170043748595,0.000125603417642,0.000110507856395,9.94570707558e-06,0.000110507856395,0.278521864338,0.50485154329,0.21329977704
476,0.000410826697258,0.108891518656,0.00335670861805,0.0768245039605,0.108145701307,0.0550201660421,0.11559964304,0.161705380449,0.186656968404,0.0346344232157,0.000210687219717,0.148543472391,20,1,2,20,0.000963274965549,8.66947468994e-05,0.000963274965549,0.0042348276356,0.00373615015424,0.000848111383633,0.000963274965549,8.66947468994e-05,0.000963274965549,0.102463994818,0.621926486223,0.262763940429
477,0.0309606410183,0.0275902564031,0.0662009285509,0.0883496462802,0.0343799479814,0.0429867513325,0.23678438158,0.105234636929,0.0181517491277,0.147080622125,0.190284331274,0.011996107398,20,1,2,20,5.63464692778e-05,5.07118223501e-06,5.63464692778e-05,0.000132503616285,0.000362295810387,1.83998079536e-05,5.63464692778e-05,5.07118223501e-06,5.63464692778e-05,0.279242314981,0.506157439398,0.213851518146
478,0.0131652663941,0.0159358723466,0.283277918727,0.100445129939,0.0969835536093,0.12057294961,0.172438053225,0.0539865325859,0.00621827574905,0.00812816428594,0.0434599820639,0.0853883014647,20,1,2,20,0.000283717507642,2.55345756878e-05,0.000283717507642,0.000144299682523,0.000357100847254,2.91792829846e-05,0.000283717507642,2.55345756878e-05,0.000283717507642,0.278971864143,0.505667217478,0.213644399385
479,0.252127818403,0.0246480160723,0.110043256943,0.0151792953065,0.0553630723733,0.0488921493278,0.0058781138635,0.120053533141,0.0758542371682,0.159411678384,0.104816151213,0.0277326778042,20,1,2,20,1.36807184616e-05,1.23126466155e-06,1.36807184616e-05,1.38823289138e-06,1.81092213181e-05,6.4858229781e-08,1.36807184616e-05,1.23126466155e-06,1.36807184616e-05,0.279430100765,0.506497821806,0.213995329713
480,0.0105983073428,0.0698260198139,0.0652775498305,0.275350524004,0.0168750505495,0.0124467047107,0.0127187012229,0.158730345961,0.0993350699985,0.256897735204,0.0146122571974,0.0073317341643,20,1,2,20,1.26084311604e-05,1.13475880444e-06,1.26084311604e-05,1.74780139039e-06,0.000369087892271,1.28661665297e-05,1.26084311604e-05,1.13475880444e-06,1.26084311604e-05,0.279329593951,0.506315642141,0.213918358805
481,0.138751041483,0.0542532303409,0.0919275683708,0.0646099689071,0.0460742547459,0.0124732804168,0.0550421005238,0.304263305357,0.0433970520907,0.0191143890708,0.132147982578,0.0379458261146,20,1,2,20,0.000551435506229,4.96291955607e-05,0.000551435506229,0.0107575699731,0.000696195445741,0.00772803246693,0.000551435506229,4.96291955607e-05,0.000551435506229,0.273447028984,0.495652845493,0.209413327221
482,0.0812420067394,0.00894398607043,0.231242423804,0.117161607824,0.18881432311,0.0346330351436,0.104566760791,0.0151898993006,0.0516194126093,0.0220330561192,0.0478747291037,0.0966787593851,20,1,2,20,0.000435120878305,3.91608790475e-05,0.000435120878305,0.00542721789148,0.000144647641513,0.00308340656802,0.000435120878305,3.91608790475e-05,0.000435120878305,0.212323335425,0.546363857436,0.230838729767
483,0.0278742685141,0.0121817800166,0.123727963581,0.00559014669127,0.0843627648027,0.00795746963966,0.0528764136962,0.120479035859,0.325742540725,0.169423159542,0.0394581649415,0.0303262919903,20,1,2,20,7.10539149113e-05,6.39485234201e-06,7.10539149113e-05,3.72738258067e-06,0.00116177688169,6.92152765907e-06,7.10539149113e-05,6.39485234201e-06,7.10539149113e-05,0.279040913221,0.505792376536,0.213697279086
484,0.00976623314258,0.221795090754,0.0691122776894,0.00864815137275,0.176410143351,0.0315724940553,0.192396155189,0.107515789851,0.00646425956544,0.045291666627,0.036516407463,0.0945113309382,20,1,2,20,0.000172518775476,1.55266897928e-05,0.000172518775476,0.000134305205988,0.000381146017814,0.000177514398343,0.000172518775476,1.55266897928e-05,0.000172518775476,0.279056377246,0.505820406784,0.213709121866
485,0.282998481175,0.0399109783831,0.0250317826339,0.0467118823289,0.0635058950427,0.0457221361704,0.080517121941,0.159347529436,0.0344578647894,0.0942069740234,0.104385779685,0.0232035743902,20,1,2,20,0.000541698888171,4.87528999354e-05,0.000541698888171,0.00779246908357,0.00261142455317,0.000534596607783,0.000541698888171,4.87528999354e-05,0.000541698888171,0.102433767392,0.62169661934,0.262666821671
486,0.140813465175,0.11264763686,0.0279818041416,0.101490317319,0.14367994259,0.0926061154383,0.0415913738858,0.0362384395574,0.239477841578,0.00896899045423,0.0428985512654,0.0116055217372,20,1,2,20,0.0375922597327,0.00338330337594,0.0375922597327,0.000143668798878,0.00213681305355,0.00162137692746,0.0375922597327,0.00338330337594,0.0375922597327,0.234449368119,0.424965291682,0.179547835736
487,0.109702959041,0.0636117899596,0.0580285529368,0.228347102639,0.100987270493,0.0106390032518,0.0497043502031,0.180270215816,0.0466266735965,0.0195491119065,0.132480434395,5.25357627971e-05,20,1,2,20,0.000115860783496,1.04274705146e-05,0.000115860783496,1.25408824069e-05,6.24969954082e-05,1.02874482875e-05,0.000115860783496,1.04274705146e-05,0.000115860783496,0.279292365892,0.506248162184,0.213889848523
488,0.223654479539,0.00450309267094,0.0223521221097,0.131664604394,0.0251527168524,0.46122139266,0.00726674247128,0.00918562265912,0.0305337267538,0.0283805084845,0.038621690047,0.0174633013594,20,1,2,20,0.000541620522966,4.8745847067e-05,0.000541620522966,0.000606779954211,0.000216165951482,0.0198191370689,0.000541620522966,4.8745847067e-05,0.000541620522966,0.273050415012,0.494933939,0.209109589228
489,0.0507708011455,0.0010730055808,0.0534643154465,0.00996083951033,0.0434976383216,0.0301096769742,0.339772685555,0.0939742149114,0.199529462487,0.128327625959,0.00350597357598,0.0460137605328,20,1,2,20,0.000164014588823,1.47613129941e-05,0.000164014588823,0.000472901945751,0.000172818348707,0.000173862684017,0.000164014588823,1.47613129941e-05,0.000164014588823,0.279030927633,0.50577427656,0.213689631847
490,0.0397995166221,0.244302160253,0.0933608344799,0.0511677048297,0.20107427712,0.0406404724874,0.00460010658156,0.150050830387,0.0629542753317,0.00367701867989,0.000810317342894,0.107562485885,20,1,2,20,0.00024229077718,2.18061699462e-05,0.00024229077718,0.0417318979094,0.00114740228496,0.000201332258173,0.00024229077718,2.18061699462e-05,0.00024229077718,0.09879656819,0.602537802396,0.254572221512
491,0.00842385548348,0.0501413717191,0.0462121223632,0.178882137296,0.0126167795441,0.278390889833,0.0312160293312,0.17496640923,0.0587013842967,0.0325587252121,0.095453124596,0.0324371710956,20,1,2,20,0.000114107483603,1.02696735243e-05,0.000114107483603,1.08857972268e-05,0.000176953754371,1.36041673124e-05,0.000114107483603,1.02696735243e-05,0.000114107483603,0.27926196447,0.50619305626,0.21386656627
492,0.0660846954352,0.11916497597,0.0426153508475,0.115307041104,0.176736551926,0.0182174501802,0.00659342756377,0.0188566599028,0.0513712912647,0.221466357462,0.0908012468495,0.0727849514946,20,1,2,20,1.0270666502e-05,9.24359985178e-07,1.0270666502e-05,2.90629053766e-06,1.56531798278e-05,5.71740745025e-06,1.0270666502e-05,9.24359985178e-07,1.0270666502e-05,0.279432766579,0.506502653889,0.213997371268
493,0.00522385946912,0.0223132500174,0.0877753122672,0.149533013013,0.00292210541641,0.0421526875731,0.0841474122879,0.0161214876648,0.148140013647,0.0259588080707,0.314338791189,0.101373259383,20,1,2,20,2.38971283711e-06,2.1507415534e-07,2.38971283711e-06,1.84849229342e-06,1.02534150126e-07,1.04720170606e-06,2.38971283711e-06,2.1507415534e-07,2.38971283711e-06,0.279447918732,0.506530118833,0.214008975207
494,0.0163506791083,0.350558131715,0.0415096950224,0.182094599371,0.0315715487895,0.0490752934104,0.0553341310213,0.112183803079,0.0488269980759,0.0600970999974,0.0181129567044,0.0342850637051,20,1,2,20,2.4029188772e-05,2.16262698948e-06,2.4029188772e-05,5.14217850622e-06,0.000914482661119,0.000511900827408,2.4029188772e-05,2.16262698948e-06,2.4029188772e-05,0.279021701834,0.5057619195,0.213684410989
495,0.0407640059762,0.221984545247,0.0651440731592,0.0852007884441,0.0182951140746,0.120291932317,0.00867111139888,0.0659196719412,0.131668877836,0.0226419526349,0.169384185863,0.0500337411075,20,1,2,20,7.47375171139e-05,6.72637654026e-06,7.47375171139e-05,0.000538592267937,4.73141238504e-06,0.00160759805516,7.47375171139e-05,6.72637654026e-06,7.47375171139e-05,0.278752040279,0.505296755827,0.213487879337
496,0.128004137616,0.0648211537637,0.15937815293,0.00678509898024,0.00129086028877,0.0803773436306,0.100537781089,0.062058889222,0.128949311583,0.188149012504,0.0319168645399,0.0477313938531,20,1,2,20,0.000350054953827,3.15049458444e-05,0.000350054953827,0.00460359870896,0.00051925951049,0.00281466710979,0.000350054953827,3.15049458444e-05,0.000350054953827,0.276824471565,0.501774884639,0.21199988876
497,0.120435123864,0.262587627702,0.00772930201014,0.0047483601435,0.0587932555652,0.179265008679,0.0193265524858,0.166370700024,0.0483326017036,0.0874845901228,0.0261177664423,0.018809111258,20,1,2,20,0.000679184608726,6.11266147854e-05,0.000679184608726,0.0797413937097,0.00508512302378,0.0106913154937,0.000679184608726,6.11266147854e-05,0.000679184608726,0.25196501088,0.45671575763,0.192962407598
498,0.0853305682888,0.00608810986153,0.217784246098,0.046854534215,0.0257363214283,0.0111932107882,0.0463581524018,0.138833614514,0.0297791373726,0.0546506426218,0.289206294475,0.0481851679349,20,1,2,20,7.93035234871e-05,7.13731711384e-06,7.93035234871e-05,0.00133906252004,0.000153088668039,0.00011556177152,7.93035234871e-05,7.13731711384e-06,7.93035234871e-05,0.278909635116,0.505554420525,0.213596742672
499,0.169489750632,0.0501693947421,0.21533952173,0.0338102562053,0.0229470138832,0.0254068313844,0.0419337015271,0.0145303358047,0.0330922138913,0.10501827063,0.0150988920778,0.273163817492,20,1,2,20,5.42983648948e-05,4.88685284054e-06,5.42983648948e-05,0.00771647652898,0.000388009911023,6.08116217909e-05,5.42983648948e-05,4.88685284054e-06,5.42983648948e-05,0.276935767451,0.502405600929,0.212266366393
500,0.0816417908431,0.0105168472243,0.00700750588192,0.120264666222,0.0334426042008,0.0426137960049,0.0778977684989,0.0948208543531,0.172787103796,0.0439103231051,0.167373475766,0.147723264104,20,1,2,20,0.000123242700194,1.10918430175e-05,0.000123242700194,0.000739338031648,0.000317663336044,1.50537003079e-05,0.000123242700194,1.10918430175e-05,0.000123242700194,0.279007999864,0.505732717456,0.213672073125
501,0.172232903972,0.17134386276,0.100821342427,0.0777830882979,0.0568795548891,0.0533057458221,0.0117418299253,0.0979494404669,0.131201877883,0.00360255619877,0.0241959198774,0.0989418774809,20,1,2,20,0.000307427922068,2.76685129861e-05,0.000307427922068,6.00277748314e-05,0.0022272700019,0.00389230734793,0.000307427922068,2.76685129861e-05,0.000307427922068,0.277365538962,0.502755576238,0.212414230961
502,0.121554186636,0.0268571689184,0.090126927225,0.00580014582314,0.0646608917285,0.137006355023,0.0139236004193,0.123848294314,0.0411595271642,0.247915468672,0.0372613234124,0.0898861106645,20,1,2,20,0.000692615821664,6.23354239498e-05,0.000692615821664,0.00323129896838,0.00243505762568,0.000883864551734,0.000692615821664,6.23354239498e-05,0.000692615821664,0.102817217901,0.624068489855,0.263668936964
503,0.0119744573929,0.007234564592,0.0275803523645,0.0731755719298,0.0740521785878,0.0533370026433,0.0541275702398,0.140315583439,0.11683073019,0.0612633990805,0.161170734608,0.218937854933,20,1,2,20,9.03929321365e-05,8.13536389229e-06,9.03929321365e-05,0.0152634444173,0.000979106747729,0.000269067597207,9.03929321365e-05,8.13536389229e-06,9.03929321365e-05,0.274731648156,0.497981645431,0.210397245195
504,0.0835234844153,0.0482320385217,0.0256717036368,0.0660136467526,0.0403876017264,0.059903602706,0.182857897266,0.17591207403,0.13094846693,0.113252531322,0.028291883414,0.0450050692791,20,1,2,20,7.49052519103e-05,6.74147267193e-06,7.49052519103e-05,2.9294865567e-06,0.00414389078019,6.66640032175e-06,7.49052519103e-05,6.74147267193e-06,7.49052519103e-05,0.27820335237,0.50427420528,0.213055851731
505,0.0257990762704,0.119542595487,0.0774308445766,0.111730313729,0.0687440972904,0.021537934749,0.193473233633,0.0211582294926,0.00646016082513,0.0547045285791,0.28599949267,0.0134194926978,20,1,2,20,3.1465775593e-05,2.83191980337e-06,3.1465775593e-05,3.20407311886e-05,0.000229190950337,5.69608329928e-06,3.1465775593e-05,2.83191980337e-06,3.1465775593e-05,0.279340199248,0.506334865409,0.213926480636
506,0.202416737434,0.0518672125175,0.0367240810839,0.0574156511371,0.0174340124057,0.244720155603,0.0792838296068,0.0426336145364,0.0152611159513,0.12103483436,0.0611476337157,0.0700611216483,20,1,2,20,0.000108766954726,9.7890259253e-06,0.000108766954726,0.0010279892715,0.0029473604039,4.0351244521e-05,0.000108766954726,9.7890259253e-06,0.000108766954726,0.278202302702,0.504272302641,0.213055047866
507,0.039227186315,0.0604047521674,0.0832157050774,0.049044271025,0.0559558589283,0.0064054640484,0.00299644654802,0.1013778365,0.102844473935,0.385013309201,0.00286403500177,0.110650661253,20,1,2,20,3.19706164844e-05,2.8773554836e-06,3.19706164844e-05,0.00589903685548,0.000293907461099,0.000510569515754,3.19706164844e-05,2.8773554836e-06,3.19706164844e-05,0.277540851333,0.503073460568,0.21254853709
508,0.287021637366,0.290912427412,0.000597322077762,0.00714513305889,0.00241362639418,0.0469896850335,0.034624266078,0.0219605450422,0.0415129847097,0.0917031969233,0.0140441651725,0.161075010732,20,1,2,20,4.18911095027e-05,3.77019985524e-06,4.18911095027e-05,1.4157278825e-05,6.91099407161e-05,4.56610620507e-05,4.18911095027e-05,3.77019985524e-06,4.18911095027e-05,0.279366585507,0.506382693409,0.213946687965
509,0.0782423065048,0.0209710801051,0.0159584804416,0.00517878787302,0.186634113338,0.0244890991504,0.0397480568794,0.0301129462893,0.0696057158939,0.200168367918,0.193553686109,0.135337359498,20,1,2,20,3.06159511893e-06,2.75543560704e-07,3.06159511893e-06,1.74454252021e-06,3.82586934629e-06,7.73155574512e-07,3.06159511893e-06,2.75543560704e-07,3.06159511893e-06,0.279446199041,0.506527001704,0.21400765822
510,0.026223023258,0.0307433862334,0.046788041355,0.354135494865,0.0131170606546,0.141222646024,0.0404726905458,0.0409118035086,0.0977857173264,0.025434444397,0.0886974114484,0.0944682803836,20,1,2,20,0.000731505435086,6.58354891578e-05,0.000731505435086,0.0309185232524,0.00123981332333,0.00646321871038,0.000731505435086,6.58354891578e-05,0.000731505435086,0.267804217581,0.485424628762,0.205091905652
511,0.03525998038,0.195790005701,0.00263153913725,0.0420556177347,0.100938021818,0.0984102374419,0.0953410665362,0.11895453069,0.0676208953684,0.088825256827,0.012958469051,0.141214379315,20,1,2,20,4.04494231741e-05,3.64044808567e-06,4.04494231741e-05,2.84020367758e-06,2.21154903913e-06,0.000267783785494,4.04494231741e-05,3.64044808567e-06,4.04494231741e-05,0.279328054446,0.506312851618,0.213917179809
512,0.021993337167,0.0285509698955,0.0676037854282,0.0718435552249,0.19373762048,0.0515199001501,0.109967110751,0.0644185107727,0.111977524131,0.04400411491,0.000197272038471,0.234186299052,20,1,2,20,0.000692921830592,6.23629647533e-05,0.000692921830592,0.0226705703343,0.000160352964812,0.00890060450976,0.000692921830592,6.23629647533e-05,0.000692921830592,2.36894604825e-05,0.678628027753,0.286720341726
513,0.205442994535,0.00497058746767,0.100081968016,0.204375816487,0.00980593258413,0.141800082628,0.135100296044,0.00868394712847,0.04081167455,0.0316137676883,0.0333051934434,0.0840077394285,20,1,2,20,0.00148939047951,0.000134045143156,0.00148939047951,0.0338831743963,0.0044682230962,0.000970242639041,0.00148939047951,0.000134045143156,0.00148939047951,0.204792366911,0.527001997014,0.222658343739
514,0.0235052164507,0.01081089723,0.0246080782729,0.117879491654,0.0233957411072,0.0308671204833,0.0470937084476,0.236082859078,0.12263064546,0.0685316968173,0.291066971229,0.00352757376986,20,1,2,20,6.70232031449e-05,6.03208828304e-06,6.70232031449e-05,0.000216152824037,0.00015285272445,2.64091158559e-05,6.70232031449e-05,6.03208828304e-06,6.70232031449e-05,0.279262758488,0.506194495507,0.213867174352
515,0.125097660117,0.0141257563165,0.142137001739,0.0610299617815,0.113530521839,0.0378123013857,0.0248287910648,0.16967049792,0.110374671401,0.00789387642308,0.0993753417865,0.0941236182257,20,1,2,20,3.5449112246e-05,3.19042010214e-06,3.5449112246e-05,1.40172288889e-06,1.15850484771e-05,1.16427993172e-05,3.5449112246e-05,3.19042010214e-06,3.5449112246e-05,0.279403256888,0.506449164325,0.213974771927
516,0.108703349282,0.0683619303831,0.00304047095881,0.0571414609915,0.0569444325925,0.334810087162,0.0479368226334,0.135741004502,0.0330362145762,0.0422612152474,0.0833053921391,0.0287176195313,20,1,2,20,7.83154332293e-05,7.04838899064e-06,7.83154332293e-05,0.00234150058958,0.0113735791193,2.18371955381e-05,7.83154332293e-05,7.04838899064e-06,7.83154332293e-05,0.275521264491,0.499412625725,0.211001834369
517,0.0375477433708,0.0988635151888,0.142320756131,0.0620443171869,0.109453230064,0.0193020687391,0.0558720666157,0.0246098823767,0.222155948856,0.028228298169,0.180618595403,0.0189835778988,20,1,2,20,0.00017657703331,1.58919329979e-05,0.00017657703331,0.000392573480382,6.4422275961e-05,0.000292794169291,0.00017657703331,1.58919329979e-05,0.00017657703331,0.279035756705,0.50578303084,0.21369333053
518,0.0951950831944,0.172229134925,0.0138859706048,0.02781760466,0.0479203728685,0.0995892018597,0.168391721098,0.214008350194,0.00255406525548,0.0084603630249,0.0873435552,0.0626045771154,20,1,2,20,0.000216106667295,1.94496000566e-05,0.000216106667295,0.000441934177779,0.00271428007123,0.00100419670183,0.000216106667295,1.94496000566e-05,0.000216106667295,0.27803647894,0.503971728816,0.212928055425
519,0.0782645698923,0.111358584748,0.0240433786872,1.25720767041e-05,0.0842953859112,0.0268312935762,0.0489824607257,0.109450266573,0.0853441378853,0.150546687923,0.0354376220735,0.245433039927,20,1,2,20,8.29123738692e-05,7.46211364823e-06,8.29123738692e-05,0.00925395670003,0.00399575842955,0.000112333488142,8.29123738692e-05,7.46211364823e-06,8.29123738692e-05,0.2116248991,0.54458100426,0.2300854743
520,0.114274788601,0.0802035627542,0.0284048882388,0.144890427601,0.0654569220867,0.010417021945,0.136931539939,0.0304728003315,0.118362117911,0.186364283202,0.0244390011873,0.0597826462022,20,1,2,20,0.000917579123681,8.25821211313e-05,0.000917579123681,0.0164874537006,0.00221118386343,0.00159630014353,0.000917579123681,8.25821211313e-05,0.000917579123681,0.101292454148,0.614816961271,0.259760166137
521,0.0743531729107,0.101370964313,0.0239210926414,0.16793287981,0.0113871490087,0.0330657948999,0.00680707226164,0.128604475003,0.0634669796341,0.0963859244385,0.170158724981,0.122545770098,20,1,2,20,0.000514494402409,4.63044962168e-05,0.000514494402409,0.00735532367597,0.00429068701931,0.000568802192527,0.000514494402409,4.63044962168e-05,0.000514494402409,0.102306292428,0.620968933625,0.262359374457
522,0.0828957956048,0.127708687926,0.0928817343141,0.205925877824,0.104899125065,0.0888587306303,2.10478200935e-05,0.227101655499,0.0222255239975,0.0351062159013,0.0087340269119,0.00364157850514,20,1,2,20,0.00205212156524,0.000184690940871,0.00205212156524,0.00488302031357,0.0653364811098,0.000257373283061,0.00205212156524,0.000184690940871,0.00205212156524,0.197600740195,0.50850229663,0.214842220326
523,0.0167795240311,0.137079185052,0.0183887360898,0.0150827762104,0.371127742318,0.0901194653502,0.015295539821,0.0523891511723,0.0706540196587,0.069336957099,0.134794125116,0.00895277808225,20,1,2,20,0.000628186921254,5.65368229129e-05,0.000628186921254,0.00823961297936,0.00815225772024,0.000211937925132,0.000628186921254,5.65368229129e-05,0.000628186921254,0.101807742726,0.617899913756,0.261062713562
524,0.0295709618355,0.0519954869732,0.0695439869993,0.317181482373,0.130449815162,0.00546048563409,0.182986908071,0.0234049096639,0.0792778055166,0.0406708941262,0.00584626392523,0.0636109997191,20,1,2,20,0.0027091820372,0.000243826383348,0.0027091820372,0.0459571856678,0.00847685165062,0.00884091056788,0.0027091820372,0.000243826383348,0.0027091820372,0.0960517864142,0.583022063117,0.246326821667
525,0.0159171697064,0.100959004005,0.181789420686,0.0601759504195,0.119218926081,0.0734713319693,0.0460393516764,0.0410399469753,0.0729171762257,0.126560530219,0.052328892767,0.10958229927,20,1,2,20,0.000297057418156,2.67351676341e-05,0.000297057418156,0.00546128153342,0.00318463156785,0.00116911163245,0.000297057418156,2.67351676341e-05,0.000297057418156,0.276361729179,0.500936060513,0.211645485567
526,0.16002152786,0.109117909328,0.0427053503405,0.00763681983406,0.0751266730899,0.0241929818083,0.0600449505723,0.144020237445,0.182622490687,0.0901994334596,0.0254382229647,0.0788734026096,20,1,2,20,0.000143274206987,1.28946786288e-05,0.000143274206987,0.00356964394282,0.00951120757195,1.52997007668e-05,0.000143274206987,1.28946786288e-05,0.000143274206987,0.102378170466,0.621389660551,0.262537131583
527,0.101331433448,0.196496469816,0.0510912016328,0.0320193782684,0.10852749135,0.0831727342564,0.0505038626752,0.000336633879951,0.0860409906329,0.0438447685533,0.162350861764,0.0842841737241,20,1,2,20,4.83996385286e-05,4.35596746757e-06,4.83996385286e-05,1.38213739579e-05,0.000650538204261,1.58960436856e-05,4.83996385286e-05,4.35596746757e-06,4.83996385286e-05,0.279204913567,0.506089645218,0.213822875104
528,0.00315295234299,0.0465641745258,0.0757144493438,0.0186806934815,0.349337612277,0.0115936498015,0.0685763313823,0.217681364448,0.0992658011621,0.0257482168077,0.0478195349983,0.0358652194292,20,1,2,20,0.000389631579251,3.50668421326e-05,0.000389631579251,0.021352468975,0.00534523857329,0.0185061943896,0.000389631579251,3.50668421326e-05,0.000389631579251,0.204524049652,0.526287092027,0.222356296381
529,0.189836919579,0.0136209363707,0.0257055265358,0.10499013036,0.111098476537,0.0349444266545,0.0616242434871,0.0388398518279,0.0579997747896,0.269267656362,0.0294823381921,0.0625897193039,20,1,2,20,0.000177088511714,1.59379660543e-05,0.000177088511714,0.0075591836136,0.000158306583483,0.00673313051016,0.000177088511714,1.59379660543e-05,0.000177088511714,0.102221077651,0.620448556529,0.262139515134
530,0.0643706810327,0.0478409993248,0.204695400152,0.0698962236838,0.0290935226024,0.0498530891476,0.135418879252,0.127915090797,0.11824100957,0.00907884569729,0.00766895793404,0.135927300807,20,1,2,20,8.75053299849e-05,7.87547969864e-06,8.75053299849e-05,0.00752519348387,0.000115408150819,7.4935374968e-05,8.75053299849e-05,7.87547969864e-06,8.75053299849e-05,0.277024776092,0.502561627149,0.21233228747
531,0.109282168217,0.0853200365573,0.0542041809008,0.0375393405254,0.0242121248999,0.0539753973719,0.096813802777,0.0753850797341,0.274340184862,0.0106665092046,0.067370552373,0.110890622576,20,1,2,20,0.000252478463783,2.27230617405e-05,0.000252478463783,0.00449516321732,0.00811558916259,0.00038272814794,0.000252478463783,2.27230617405e-05,0.000252478463783,0.102343177874,0.621165540682,0.262442440938
532,0.0359790965049,0.189574782472,0.00854773617333,0.0225579613507,0.123617587571,0.0327660443811,0.0523732992459,0.114899148285,0.0237692758077,0.139964332164,0.0762720795277,0.179678656516,20,1,2,20,0.000268955230524,2.42059707472e-05,0.000268955230524,0.00103999795116,0.000115288327021,0.000945212311208,0.000268955230524,2.42059707472e-05,0.000268955230524,0.213877718671,0.550367346134,0.232530203742
533,0.0149399522025,0.0208609714892,0.0222971637427,0.0370349590327,0.0145587465782,0.0168229982026,0.196107435313,0.0936323722945,0.0582642491452,0.147912697592,0.00999953291392,0.367568921494,20,1,2,20,7.51096348753e-05,6.75986713877e-06,7.51096348753e-05,0.0081156042792,0.000526661205013,0.00017953706497,7.51096348753e-05,6.75986713877e-06,7.51096348753e-05,0.276898484691,0.501909141994,0.212056612492
534,0.0342938753666,0.00935479957769,0.0134922005516,0.0709454598949,0.119750116691,0.00153146401244,0.0171471714836,0.0545896281581,0.142022389202,0.038312590024,0.422646454319,0.0759138507191,20,1,2,20,5.1956274199e-06,4.67606467791e-07,5.1956274199e-06,3.67414123678e-06,8.11476127474e-06,1.68840535053e-06,5.1956274199e-06,4.67606467791e-07,5.1956274199e-06,0.279441712727,0.506518869766,0.214004222476
535,0.0539659668307,0.00780741080154,0.0117417625723,0.204769717961,0.159003799599,0.207502055606,0.0533802157283,0.00415899658817,0.0471339287335,0.0170302063622,0.0785264137339,0.154979525484,20,1,2,20,0.076008614833,0.00684077533497,0.076008614833,0.0292122333871,0.625158494394,0.0278922493204,0.076008614833,0.00684077533497,0.076008614833,5.43890156376e-06,1.09483272053e-05,4.62566824423e-06
536,0.169558724892,0.00780038652007,0.0510508506629,0.0127380163259,0.0321247467266,0.196835667605,0.036705198216,0.0916483581325,0.142256111266,0.0484945359606,0.0627088151132,0.148078588578,20,1,2,20,9.13509692128e-05,8.22158722915e-06,9.13509692128e-05,0.00119017476879,0.0020026103254,2.83425747857e-05,9.13509692128e-05,8.22158722915e-06,9.13509692128e-05,0.278444691167,0.504711658427,0.213240675686
537,0.0303898840163,0.0199394340305,0.0972196725114,0.0265393534069,0.0211200388456,0.0548837942783,0.162336279574,0.10082122149,0.0316238608288,0.0598404545963,0.159836466286,0.235449540136,20,1,2,20,0.000297238769995,2.67514892996e-05,0.000297238769995,0.0156405487754,0.00103304372714,0.000145667594773,0.000297238769995,2.67514892996e-05,0.000297238769995,0.101923904712,0.618639280936,0.261375096196
538,0.183041573352,0.0433455677619,0.0345961497581,0.0344108496961,0.0109143654548,0.309135828175,0.0241865464736,0.0141223409049,0.000363073647984,0.12554129285,0.0987248447849,0.12161756714,20,1,2,20,0.0921120365203,0.00829008328682,0.0921120365203,0.117715530796,0.0351773294683,0.315662916317,0.0921120365203,0.00829008328682,0.0921120365203,0.0401288314159,0.0747185092075,0.0315685701402
539,0.0062246606676,0.203094227012,0.0927529028456,0.0454814717987,0.101462017596,0.264486401957,0.0023572779105,0.173703772697,0.0358893149944,0.00529707983036,0.0106842346099,0.0585666380797,20,1,2,20,0.00118277519316,0.000106449767384,0.00118277519316,0.0011373054937,0.0259689530653,0.0010569211463,0.00118277519316,0.000106449767384,0.00118277519316,0.270199695327,0.489766695719,0.206926428941
540,0.0584374851796,0.108280560245,0.0917410080162,0.0289194276564,0.0452280340163,0.118154264926,0.0942040670608,0.116320332556,0.0682354556791,0.0298587744338,0.0153080937145,0.225312496516,20,1,2,20,0.000142949520073,1.28654568066e-05,0.000142949520073,0.00225011534739,0.00115190648278,0.000183303621944,0.000142949520073,1.28654568066e-05,0.000142949520073,0.278282626119,0.504417939849,0.213116579586
541,0.0502450211049,0.13513728858,0.0410303249754,0.135907335719,0.00415947330567,0.210764639759,0.157718828913,0.0344453329566,0.00676404113415,0.0364888804381,0.163869261152,0.0234695719619,20,1,2,20,2.80502100988e-05,2.5245189089e-06,2.80502100988e-05,5.72881723634e-06,1.87964458501e-05,2.87821939336e-06,2.80502100988e-05,2.5245189089e-06,2.80502100988e-05,0.279411124427,0.506463425105,0.213980797107
542,0.140665087831,0.107919924098,0.129911133141,0.104777915267,0.110948754244,0.00541454014468,0.0282148891105,0.074221122277,0.114636793109,0.0462607419847,0.066351953465,0.0706771453277,20,1,2,20,9.94315851038e-05,8.94884265934e-06,9.94315851038e-05,6.37467721159e-05,0.00269533222284,0.000123245822348,9.94315851038e-05,8.94884265934e-06,9.94315851038e-05,0.278529931123,0.504866165226,0.213305954808
543,0.03548453762,0.0366853812895,0.0832977661401,0.0629548408981,0.102266287692,0.0103061152703,0.112106815219,0.0375173007848,0.0654211775929,0.0224176659192,0.023982481694,0.40755962988,20,1,2,20,5.09630378322e-05,4.5866734049e-06,5.09630378322e-05,0.000691918976686,0.000629581867242,0.000171895072775,5.09630378322e-05,4.5866734049e-06,5.09630378322e-05,0.278974685927,0.505672332273,0.213646560385
544,0.0691233607999,0.127705297984,0.175926722567,0.192068579125,0.0316677890125,0.0242081689878,0.0815101480708,0.0331095292271,0.10978156829,0.0690873903804,0.0812600130618,0.00455143249447,20,1,2,20,0.000884942969777,7.96448672799e-05,0.000884942969777,0.0572605656422,0.00134155528132,0.0010518462717,0.000884942969777,7.96448672799e-05,0.000884942969777,0.261747016217,0.474446365536,0.200453589439
545,0.0247631499524,0.0157068713586,0.406238699002,0.224281473325,0.0634534621111,0.0960301488261,0.0342486357107,0.0256289358005,0.074690941354,0.0118137762737,0.0220583901892,0.00108551609686,20,1,2,20,0.00239096176093,0.000215186558483,0.00239096176093,0.00229900636733,0.123531817909,0.00156117380751,0.00239096176093,0.000215186558483,0.00239096176093,0.241058756666,0.436945536091,0.184609488998
546,0.273851953337,0.0373188711708,0.212709901152,0.0427150473325,0.123479435754,0.0579449542638,0.0950897739919,0.0250844342022,0.0440080251353,0.0424539570639,0.0173792712426,0.0279643753544,20,1,2,20,0.00080726164548,7.26535480932e-05,0.00080726164548,0.183857622367,0.0166845435508,0.00186091552322,0.00080726164548,7.26535480932e-05,0.00080726164548,0.221945426241,0.402303788147,0.169973350492
547,0.035956843067,0.200584727593,0.118092814176,0.101548222651,0.00992833146009,0.134609912083,0.0808125337188,0.0461934828437,0.0207903921811,0.138541358108,0.0763486549201,0.0365927271982,20,1,2,20,2.89614461235e-05,2.60653015112e-06,2.89614461235e-05,9.870064371e-06,9.37662072454e-06,2.08378810862e-05,2.89614461235e-05,2.60653015112e-06,2.89614461235e-05,0.279406516257,0.50645507229,0.213977268042
548,0.0311293320901,0.184240464745,0.0150500222139,0.0752005643365,0.0590989218799,0.0735612632244,0.0264497295143,0.081743216646,0.165519151332,0.0432043759158,0.172058890805,0.072744067297,20,1,2,20,1.24244145193e-05,1.11819730674e-06,1.24244145193e-05,6.95082666685e-05,0.00169604395852,1.60731762593e-05,1.24244145193e-05,1.11819730674e-06,1.24244145193e-05,0.278939157005,0.50560793219,0.21361935135
549,0.00182216848827,0.0939053996035,0.0967960261235,0.210555382244,0.00994143387151,0.000680485472155,0.0115031848856,0.0283624428657,0.0982646468662,0.0540008700128,0.137056765139,0.257111194428,20,1,2,20,0.000156316068342,1.40684461508e-05,0.000156316068342,0.00638348729692,0.000241537453345,0.00183730086481,0.000156316068342,1.40684461508e-05,0.000156316068342,0.276904144057,0.501919247215,0.212060881948
550,0.0885077328816,0.0429728107082,0.0437827820276,0.124618583782,0.0107380683103,0.214312378807,0.00981699839983,0.12498578664,0.132881322557,0.00921936180871,0.172933431989,0.0252307420886,20,1,2,20,0.000539045774136,4.85141196722e-05,0.000539045774136,0.0207440637992,0.00323657822773,0.00136978012697,0.000539045774136,4.85141196722e-05,0.000539045774136,0.271737517266,0.492554551314,0.20810429793
551,0.0185827349816,0.00914593741766,0.27765007769,0.0417956551556,0.086396970238,0.0812511823777,0.0651657551831,0.163647028378,0.0539162262759,0.0838134158882,0.0260233107268,0.0926117056882,20,1,2,20,0.000215531794427,1.93978614984e-05,0.000215531794427,0.00304665759299,0.000343779964518,5.44746377792e-05,0.000215531794427,1.93978614984e-05,0.000215531794427,0.278237074819,0.50433538846,0.213081701624
552,0.141817684373,0.0477294589793,0.129149310102,0.127198726546,0.0170024226032,0.0611708936977,0.0637360763966,0.181052997629,0.0750986256896,0.102897488881,0.0393936892127,0.0137526258903,20,1,2,20,0.000518576227599,4.66718604839e-05,0.000518576227599,0.0011619677672,0.000182009429569,0.00197403494433,0.000518576227599,4.66718604839e-05,0.000518576227599,0.213396346662,0.549116339237,0.232001653328
553,0.143441470464,0.101500607554,0.162460687259,0.194031453012,0.0122360385092,0.107652034081,0.0496048784059,0.0379132900054,0.00882454147312,0.12776155605,0.0352167638582,0.0193566793285,20,1,2,20,0.000949975857021,8.54978271319e-05,0.000949975857021,0.055005721021,0.00127808722261,0.00693241905741,0.000949975857021,8.54978271319e-05,0.000949975857021,0.26067559311,0.472504239372,0.199633041135
554,0.202817184819,0.0133779817904,0.161718284674,0.036349142421,0.111706459987,0.140983678856,0.0256467508872,0.061427190194,0.0561802268917,0.0328406218358,0.0567526783523,0.100199799291,20,1,2,20,0.000150908983456,1.3581808511e-05,0.000150908983456,0.00486870127876,0.0049743651872,0.000335488214986,0.000150908983456,1.3581808511e-05,0.000150908983456,0.276430857254,0.501061362752,0.211698425763
555,0.040840270204,0.251948149054,0.0273519511062,0.0191357656108,0.225602718819,0.00842175677091,0.189751265878,0.0952603831042,0.00272304090926,0.115338314814,0.015944476994,0.00768190673491,20,1,2,20,0.000527455796359,4.74710216723e-05,0.000527455796359,0.0225273999232,0.00085203855684,0.00774374898538,0.000527455796359,4.74710216723e-05,0.000527455796359,0.270138000004,0.489654866293,0.206879181009
556,0.0615694911464,0.0926170170209,0.136064763819,0.0773251098885,0.00617997343916,0.105205282286,0.0530217294482,0.0928598533103,0.0986590234323,0.162738949562,0.00667686884145,0.107081937806,20,1,2,20,5.88977559719e-06,5.30079803747e-07,5.88977559719e-06,0.00139282819581,0.00224467926939,1.24712470867e-06,5.88977559719e-06,5.30079803747e-07,5.88977559719e-06,0.278396655465,0.504702967089,0.213237003595
557,0.0647448653573,0.0271004450787,0.0325633965599,0.0182655308274,0.35771756238,0.0118566958282,0.0151401512578,0.0152066284455,0.123076307402,0.0751146124423,0.0495325486427,0.209681255779,20,1,2,20,6.04434575019e-05,5.43991117517e-06,6.04434575019e-05,0.00131067358006,0.000703554275281,8.96580161084e-05,6.04434575019e-05,5.43991117517e-06,6.04434575019e-05,0.278792999584,0.505343030504,0.213507430388
558,0.146472192126,0.0727980357664,0.181925770816,0.0259268108164,0.150608640413,0.0451595395227,0.00670688009044,0.155487424127,0.052631081294,0.0725115667427,0.0719179244084,0.0178541338768,20,1,2,20,0.000258342968867,2.3250867198e-05,0.000258342968867,0.000194811857828,0.000582862795636,0.00179006724985,0.000258342968867,2.3250867198e-05,0.000258342968867,0.278432216231,0.504689046225,0.21323112203
559,0.158403850855,0.051500598602,0.0514785594272,0.115638957777,0.056046943255,0.0355949964279,0.0160405952391,0.362159850712,0.004916398616,0.108703079806,0.0118769888776,0.0276391804047,20,1,2,20,0.000179253040358,1.61327736322e-05,0.000179253040358,0.000149967414982,0.00190344239418,6.5968279611e-06,0.000179253040358,1.61327736322e-05,0.000179253040358,0.278666489174,0.505113691726,0.213410534754
560,0.210657242039,0.0342400983359,0.210757335238,0.0347287736903,0.089904635917,0.103581159922,0.0921745281113,0.0254410374126,0.0766742398562,0.00246352154343,0.00886768909617,0.110509738838,20,1,2,20,0.000188469571154,1.69622614039e-05,0.000188469571154,1.13577354684e-05,0.00010404677918,0.00537487293271,0.000188469571154,1.69622614039e-05,0.000188469571154,0.277697128787,0.503356619303,0.212668171655
561,0.0147190404088,0.114971117985,0.254235145079,0.0253259580994,0.0325761233118,0.0659795173279,0.016771582543,0.113552460975,0.0455414935276,0.0446783155039,0.231403350734,0.040245894504,20,1,2,20,1.37184163886e-05,1.23465747497e-06,1.37184163886e-05,3.2239310253e-06,0.000538730172944,6.88685840181e-06,1.37184163886e-05,1.23465747497e-06,1.37184163886e-05,0.279282148992,0.506229642928,0.213882024137
562,0.0660880031614,0.0553273458767,0.0390446395014,0.122632651643,0.0579307248215,0.0110816133912,0.0325921629215,0.269152151336,0.0599998936268,0.225396183013,0.0198321494665,0.0409224812402,20,1,2,20,0.000286533471057,2.57880123951e-05,0.000286533471057,0.0165256155738,0.000584509588699,0.000410682231764,0.000286533471057,2.57880123951e-05,0.000286533471057,0.274220505379,0.497055168589,0.210005808729
563,0.105179030444,0.0304216056629,0.353858955314,0.0187654932241,0.0369212950752,0.0353375942964,0.125671464421,0.0278067858745,0.068633274541,0.0446602581146,0.0124350120889,0.140309230943,20,1,2,20,0.000527296079746,4.74566471771e-05,0.000527296079746,0.034018757042,0.00486783106193,0.000280652939903,0.000527296079746,4.74566471771e-05,0.000527296079746,0.267890009488,0.48558077459,0.205157877264
564,0.11269679563,0.0734598776575,0.0769265092696,0.0606936408462,0.162813913766,0.0601412895339,0.0156726908055,0.064280240878,0.098138593126,0.168987420975,0.032987986204,0.0732010413085,20,1,2,20,3.73447104537e-05,3.36102394083e-06,3.73447104537e-05,2.80334740495e-05,1.58520007276e-05,0.000640836329529,3.73447104537e-05,3.36102394083e-06,3.73447104537e-05,0.279216578829,0.50611078979,0.213831808686
565,0.0117578000612,0.271297095824,0.239816959031,0.0766611262042,0.00771801973652,0.0138814627193,0.00297756868509,0.0827546790308,0.0172406854236,0.00982392690878,0.215857684055,0.0502129923211,20,1,2,20,0.000768688795555,6.91819915999e-05,0.000768688795555,0.0252313453495,0.00232857309471,0.000665290852427,0.000768688795555,6.91819915999e-05,0.000768688795555,0.270665873018,0.490612160647,0.207283637873
566,0.0657192553297,0.0356072971342,0.00427781969549,0.0956795443381,0.218678132853,0.0153066595409,0.161198646656,0.0252356294752,0.0487980515557,0.0457489602798,0.0994331217015,0.18431688144,20,1,2,20,0.000118710942278,1.0683984805e-05,0.000118710942278,0.0018414625261,0.000945161459333,1.95328238912e-05,0.000118710942278,1.0683984805e-05,0.000118710942278,0.278528682266,0.504863936159,0.213305013027
567,0.00182931688853,0.0300631616409,0.119282633452,0.108050042366,0.0681018428642,0.0483429768469,0.210218993844,0.0105150262231,0.0282904655007,0.135743577514,0.16999845692,0.0695635059398,20,1,2,20,1.73076542208e-05,1.55768887987e-06,1.73076542208e-05,1.35247593428e-05,1.93947451568e-05,3.63435957102e-05,1.73076542208e-05,1.55768887987e-06,1.73076542208e-05,0.279411975152,0.506464967138,0.213981448616
568,0.0610584765438,0.144926597239,0.0788781729356,0.0208090561523,0.0209593258827,0.172105999145,0.0174713537224,0.0318076431269,0.0487041190682,0.00349331984611,0.363983303851,0.035802632487,20,1,2,20,1.43297216393e-05,1.28967494754e-06,1.43297216393e-05,6.85564501672e-06,9.96992893392e-06,3.78807123342e-05,1.43297216393e-05,1.28967494754e-06,1.43297216393e-05,0.279419521622,0.506478645944,0.213987227911
569,0.195121057262,0.0089795733477,0.00213843757639,0.0599185557762,0.121039309015,0.318725121357,0.0528713121268,0.0568367538715,0.0128508833113,0.106013869418,0.0491024997085,0.0164026272308,20,1,2,20,8.69904607372e-05,7.82914146635e-06,8.69904607372e-05,0.0716699057916,0.00906346388593,0.000492166306861,8.69904607372e-05,7.82914146635e-06,8.69904607372e-05,0.256650815463,0.465209158824,0.196550869603
570,0.116095216682,0.032821644018,0.128818079782,0.00451082304644,0.0345794536932,0.0268799362838,0.0124201636295,0.00218813529708,0.0761401226353,0.243267446507,0.188743987335,0.133534991091,20,1,2,20,2.48328724894e-06,2.23495852404e-07,2.48328724894e-06,1.70970594152e-06,1.13262865374e-06,1.8890805219e-06,2.48328724894e-06,2.23495852404e-07,2.48328724894e-06,0.279447325085,0.506529042783,0.214008520576
571,0.0370739608577,0.0539325312541,0.0233895670892,0.0949587092965,0.222200897477,0.230451345765,0.0241809867175,0.0267130511611,0.145163103101,0.0187664146076,0.111459983813,0.0117094488599,20,1,2,20,0.000312521188164,2.81269069347e-05,0.000312521188164,0.000986343803112,0.000257533518957,0.000123365176579,0.000312521188164,2.81269069347e-05,0.000312521188164,0.278704411665,0.505182430418,0.213439576852
572,0.23591963178,0.0181362962589,0.0505373948388,0.155357644753,0.0428337147503,0.0045690461839,0.00869888977835,0.0388211142233,0.255124039331,0.123532404139,0.0309146453851,0.0355551785786,20,1,2,20,3.16465729729e-05,2.84819156756e-06,3.16465729729e-05,0.000979418500863,0.000118696682801,1.49506815655e-05,3.16465729729e-05,2.84819156756e-06,3.16465729729e-05,0.214124887698,0.551585071186,0.233044692576
573,0.00483910488346,0.00290795641939,0.140462904955,0.106252035432,0.00896719271125,0.0870633185442,0.0426621031476,0.0579881457426,0.132414731044,0.145120782413,0.238171419147,0.0331503055607,20,1,2,20,1.02673613571e-05,9.24062522138e-07,1.02673613571e-05,6.40040500995e-06,1.28058059745e-05,2.22022485602e-06,1.02673613571e-05,9.24062522138e-07,1.02673613571e-05,0.279433567001,0.50650410474,0.213997984253
574,0.0864933780004,0.0318789780383,0.0885745973431,0.446799328309,0.0570633103584,0.115008252316,0.00608366563674,0.0796983914914,0.0170980977838,0.0312341950151,0.0267613930553,0.0133064126526,20,1,2,20,0.002228532505,0.00020056792545,0.002228532505,0.000830200765116,0.000873988617328,0.00234808948174,0.002228532505,0.00020056792545,0.002228532505,0.275715966963,0.499765545379,0.211150942923
575,0.0207111056971,0.190169311156,0.000150314528652,0.1524174709,0.0597288992949,0.0685513365645,0.34279080886,0.0772359174233,0.0368462015868,0.0329546350541,0.000350553309561,0.018093445626,20,1,2,20,0.011160038916,0.00100440350244,0.011160038916,0.00946165524981,0.00525366978901,0.00580871323363,0.011160038916,0.00100440350244,0.011160038916,0.260679948919,0.472511107303,0.199635942836
576,0.0192620464443,0.0388856217368,0.114234394883,0.0690714629594,0.216702480128,0.0498436173334,0.251346343873,0.0825583304077,0.0494799698153,0.00406367131021,0.0210830682821,0.0834689928261,20,1,2,20,0.000693659744147,6.24293769732e-05,0.000693659744147,0.114675182383,0.00719464984505,0.00656106622316,0.000693659744147,6.24293769732e-05,0.000693659744147,0.242751065244,0.44001303239,0.185905506185
577,0.00142062016762,0.0607036826461,0.218422147256,0.138974554346,0.0519973959888,0.0708642428376,0.0499592857841,0.0267758229635,0.151291267078,0.057967515066,0.0962941715221,0.0753292943444,20,1,2,20,0.000153883965027,1.38495568525e-05,0.000153883965027,0.000369572794297,0.000119450331922,0.000151738918956,0.000153883965027,1.38495568525e-05,0.000153883965027,0.279092733078,0.505886305731,0.213736964171
578,0.0487175098898,0.0596284046989,0.0424392790533,0.153231898544,0.152730190492,0.216614158716,0.00408697289322,0.073581202685,0.0818661412258,0.0846582674624,0.0613856979015,0.0210602764379,20,1,2,20,0.00028057089317,2.52513803853e-05,0.00028057089317,0.00171022073876,0.00140608410485,3.33990800421e-05,0.00028057089317,2.52513803853e-05,0.00028057089317,0.213639758467,0.549762918296,0.23227483298
579,0.0755854838691,0.0451450660259,0.047610642562,0.208797602589,0.271991049391,0.0753625342376,0.016624062887,0.17185945668,0.00673858237573,0.0495455191691,0.0115288859903,0.0192111142229,20,1,2,20,0.000402360761718,3.62124685546e-05,0.000402360761718,0.00128725552704,0.0267432953129,0.000296683212345,0.000402360761718,3.62124685546e-05,0.000402360761718,0.271065458014,0.491335985905,0.207589454045
580,0.188083000815,0.107316831911,0.00363087581365,0.084844802265,0.0530425364713,0.00133283097266,0.0316460821867,0.150867692588,0.0568381787761,0.0904517465613,0.0925582142406,0.139387207398,20,1,2,20,0.000131132545944,1.1801929135e-05,0.000131132545944,0.00140143503027,0.000535437749202,0.000669337842709,0.000131132545944,1.1801929135e-05,0.000131132545944,0.278570061533,0.504938906012,0.21333668779
581,0.10639674523,0.00387787356464,0.187756327944,0.00482054984239,0.295993005303,0.113110912726,0.107582356543,0.0442322589536,0.022766114616,0.0392202176814,0.0180260822158,0.0562175553804,20,1,2,20,0.146483846205,0.0131835461584,0.146483846205,0.123198972208,0.175509603228,0.0889819479667,0.146483846205,0.0131835461584,0.146483846205,1.81142999412e-06,3.64712202245e-06,1.54090905449e-06
582,0.0862713840977,0.37226516696,0.0992315515429,0.0635632509927,0.00408414412518,0.0293961221897,0.0371997225159,0.0520901503042,0.130813812279,0.0381352472438,0.03837560637,0.0485738413782,20,1,2,20,0.000146097676491,1.31487908842e-05,0.000146097676491,4.34522661059e-05,0.0128868598981,2.88010447028e-05,0.000146097676491,1.31487908842e-05,0.000146097676491,0.275659445998,0.499663094907,0.211107657598
583,0.230787026052,0.217274174741,0.0866915108682,0.0184259154949,0.0335138535291,0.0743712792619,0.0700304473456,0.0262021972278,0.0700401690233,0.0315188328529,0.0819733175884,0.0591712760146,20,1,2,20,0.000121297639214,1.09167875292e-05,0.000121297639214,0.000640581151102,0.00685091875253,7.24035326421e-05,0.000121297639214,1.09167875292e-05,0.000121297639214,0.27719611483,0.502448476346,0.212284481256
584,0.000104542993495,0.00940531237717,0.00835237801884,0.0161533672761,0.142580756409,0.051078654611,0.278379650874,0.261806872636,0.0413605039476,0.0189639115217,0.0993038750626,0.0725101742723,20,1,2,20,0.000139229219507,1.25306297556e-05,0.000139229219507,0.000382115739142,7.72680964247e-05,0.000176509862765,0.000139229219507,1.25306297556e-05,0.000139229219507,0.279111211863,0.505919800563,0.213751115738
585,0.0358818929931,0.00601116229009,0.0127803289382,0.381101338992,0.0308811908187,0.000608357169476,0.0718250766238,0.0561618237147,0.291087056336,0.00529416657509,0.00203288997171,0.106334715577,20,1,2,20,0.00216976394685,0.000195278755217,0.00216976394685,0.0355687040397,0.00413466665876,0.00109199967369,0.00216976394685,0.000195278755217,0.00216976394685,0.265516435061,0.481278440259,0.20334014101
586,0.112395155432,0.029897950929,0.0626648252706,0.119044002032,0.057612058714,0.208279008863,0.0290815735842,0.146678704825,0.0178788930477,0.0227916883185,0.0544301163832,0.139246022601,20,1,2,20,0.000291681794243,2.62513614819e-05,0.000291681794243,0.0125679489427,0.0051760789034,0.000726073493078,0.000291681794243,2.62513614819e-05,0.000291681794243,0.273949333907,0.496563328544,0.20979800631
587,0.0105748109504,0.000338748568631,0.211459066049,0.089527268292,0.209338501341,0.00210957022329,0.0284023891269,0.00872983561318,0.140266429643,0.0151481633731,0.0590463791133,0.225058837706,20,1,2,20,0.000856263099235,7.70636789311e-05,0.000856263099235,0.00395399420472,0.000439493589853,0.0010767854845,0.000856263099235,7.70636789311e-05,0.000856263099235,0.102858243666,0.624317963656,0.263774339644
588,0.0790917258043,0.0307313052709,0.090654930638,0.0439893302621,0.0330402312233,0.169996092907,0.167340786032,0.241189734396,0.0487057344896,0.0797360477208,0.00033130553372,0.0151927757218,20,1,2,20,0.000436334516875,3.92701065187e-05,0.000436334516875,0.000330765000502,0.000953209091383,0.0184622603755,0.000436334516875,3.92701065187e-05,0.000436334516875,0.273423746634,0.495610643668,0.20939549695
589,0.125297287781,0.0131086441712,0.00168796206167,0.172131351054,0.0256573225481,0.000962253659806,0.140684680231,0.151361340374,0.0852015700202,0.0426947286723,0.101066131196,0.140146728231,20,1,2,20,0.000392023355413,3.52821019871e-05,0.000392023355413,0.00683904273899,0.000492995369302,0.00161692177562,0.000392023355413,3.52821019871e-05,0.000392023355413,0.276492771085,0.501173716278,0.211745895127
590,0.131076087903,0.0136496440103,0.0997241864622,0.107713635605,0.0167391145736,0.00846374840134,0.0640476075867,0.132424296694,0.0859172585215,0.132920828266,0.0968327264816,0.110490865495,20,1,2,20,0.000129757688209,1.16781919388e-05,0.000129757688209,0.0136122112721,0.00400664723766,0.000248050224661,0.000129757688209,1.16781919388e-05,0.000129757688209,0.274307041769,0.497211713434,0.210071948926
591,0.0813293567741,0.381009484484,0.00130200626412,0.079533469041,0.0672200860398,0.00653970992284,0.0474968297023,0.154144775925,0.00207158200277,0.0657406709922,0.0142712675393,0.0993407613121,20,1,2,20,9.16345115161e-05,8.24710603645e-06,9.16345115161e-05,2.33597536219e-05,6.56024487813e-05,7.40905465699e-05,9.16345115161e-05,8.24710603645e-06,9.16345115161e-05,0.279298943732,0.506260085245,0.213894886016
592,0.0352074659849,0.0571874867184,0.149878991492,0.0590326642275,0.0328320514512,0.00945255109893,0.30241564855,0.0154838134776,0.0354620744864,0.0118750801555,0.0598084240676,0.23136374829,20,1,2,20,1.86274693445e-05,1.67647224101e-06,1.86274693445e-05,1.74695263818e-06,3.87107766291e-05,1.97700567608e-06,1.86274693445e-05,1.67647224101e-06,1.86274693445e-05,0.279417930694,0.506475762214,0.213986009535
593,5.10463664608e-05,0.149764727347,0.0518679194363,0.113266680296,0.0285676887288,0.0400174439354,0.0613382908611,0.18754384327,0.0774612823557,0.0239252347782,0.0246554183455,0.241540424279,20,1,2,20,0.000251931960481,2.26738764433e-05,0.000251931960481,0.0323154688232,0.00279445231764,0.00186815623227,0.000251931960481,2.26738764433e-05,0.000251931960481,0.268823683385,0.487272522775,0.205872640872
594,0.025241282402,0.0910327375516,0.247210891451,0.239102887369,0.0245517822524,0.00679416116777,0.0678891802697,0.0351801895154,0.0197899506013,0.00569100529207,0.213250910791,0.0242650213367,20,1,2,20,0.000186812276957,1.68131049261e-05,0.000186812276957,0.000916369690475,0.00161759269907,0.000263436598016,0.000186812276957,1.68131049261e-05,0.000186812276957,0.278451593739,0.504724170092,0.213245961864
595,0.0116675935207,0.118202566904,0.0287417951486,0.065490644415,0.0148713260863,0.296655890138,0.131550193214,0.0398763003896,0.108004273231,0.138287952104,0.0382765657594,0.00837489908902,20,1,2,20,0.000127256257478,1.1453063173e-05,0.000127256257478,0.00258859405015,2.70324653083e-05,0.00600001553208,0.000127256257478,1.1453063173e-05,0.000127256257478,0.27689524454,0.501903115821,0.212054066435
596,0.00795506631943,0.0153006767486,0.261141971865,0.044980476236,0.0680721037448,0.0021090228306,0.111644078347,0.0485196567185,0.0206605352016,0.186393087356,0.0466710344652,0.186552290167,20,1,2,20,4.51774586158e-05,4.06597127542e-06,4.51774586158e-05,0.000379276453211,2.64504847011e-05,7.32614372122e-05,4.51774586158e-05,4.06597127542e-06,4.51774586158e-05,0.279264921862,0.506198416862,0.213868831124
597,0.185022127444,0.00943346105781,0.00598272074913,0.0161513096739,0.0211451979238,0.197310589326,0.00932820093216,0.13867418587,0.0397966092246,0.255062585259,0.0664753229396,0.0556176896009,20,1,2,20,0.000656712029338,5.91040826404e-05,0.000656712029338,0.00657341304714,0.00282767277841,0.00493235536618,0.000656712029338,5.91040826404e-05,0.000656712029338,2.4119808029e-05,0.690964768167,0.291932614551
598,0.015387490218,0.0935657630302,0.0383496228766,0.0382936088995,0.0229105928529,0.0919581857788,0.0329123035819,0.117338052937,0.0714106515599,0.421687028817,0.021946696936,0.0342400025131,20,1,2,20,7.36768298693e-05,6.63091468824e-06,7.36768298693e-05,0.00179825793967,0.00086475035494,7.70026837817e-05,7.36768298693e-05,6.63091468824e-06,7.36768298693e-05,0.278599785264,0.504992783557,0.213359451053
599,0.129002591544,0.130133655718,0.0889876798687,0.0337155085329,0.0752614628321,0.00986857914874,0.032258429896,0.0516924435736,0.0351931549354,0.0684792100703,0.256222379304,0.0891849045763,20,1,2,20,6.24050533758e-05,5.61645480382e-06,6.24050533758e-05,0.0027360827,0.000127794173969,2.02350075866e-05,6.24050533758e-05,5.61645480382e-06,6.24050533758e-05,0.278572662173,0.50494367158,0.213338701243
600,0.0397658546031,0.0360740205063,0.00121988228491,0.2984651177,0.0336113559694,0.0640541749694,0.0720794678675,0.00975667281845,0.0145725760741,0.191624343934,0.185957805442,0.0528187278311,20,1,2,20,5.94104654803e-05,5.34694189323e-06,5.94104654803e-05,0.00022752988212,0.000402135087883,0.000191401629599,5.94104654803e-05,5.34694189323e-06,5.94104654803e-05,0.279152701892,0.505995005809,0.213782889954
601,0.164613440684,0.0540399187789,0.11825047484,0.0478026855604,0.0541469364797,0.0311023479076,0.0934695372064,0.05177067472,0.170635727266,0.0446319650589,0.0734233786496,0.0961129128477,20,1,2,20,0.000246000469382,2.21400422444e-05,0.000246000469382,0.00451004326345,0.00714239405284,0.000613184932796,0.000246000469382,2.21400422444e-05,0.000246000469382,0.275736545922,0.499802847007,0.21116670286
602,0.0187201715656,0.0681481930688,0.11914503439,0.0681816651795,0.163749663911,0.0180343186938,0.036755194641,0.00215814278995,0.0588902460239,0.0477661940064,0.0923747412008,0.306076434529,20,1,2,20,7.76316467591e-05,6.98684820832e-06,7.76316467591e-05,0.00600464258003,0.000894118027037,4.49105481243e-05,7.76316467591e-05,6.98684820832e-06,7.76316467591e-05,0.277420401287,0.502855133409,0.212456293865
603,0.078451407401,0.107297513657,0.0843403717379,0.0480455475352,0.153493920497,0.219887995364,0.125926734913,0.00622210443366,0.00989818728358,0.0676641877947,0.0952210913625,0.00355093802229,20,1,2,20,0.000543669471217,4.89302524095e-05,0.000543669471217,0.0358689024912,0.00521776431131,0.00172420200543,0.000543669471217,4.89302524095e-05,0.000543669471217,0.266852652416,0.483700485333,0.204363455053
604,0.114856208664,0.0294426319369,0.031575467171,0.0343884964894,0.212399168077,0.0490253468331,0.0166781938807,0.193698021149,0.0750428631874,0.106731539384,0.0761141028528,0.0600479603742,20,1,2,20,3.53026261763e-05,3.17723635587e-06,3.53026261763e-05,1.47262632531e-05,5.25726420404e-05,3.40942298767e-06,3.53026261763e-05,3.17723635587e-06,3.53026261763e-05,0.27939055122,0.506426133901,0.213965041573
605,0.0564558557108,0.115780792084,0.0713817329613,0.169839995526,0.0149135338536,0.107327236266,0.0182946819152,0.00225609584946,0.0111278197362,0.0441467583696,0.0381308053724,0.350344692355,20,1,2,20,2.07623303144e-05,1.8686097283e-06,2.07623303144e-05,1.48811812069e-05,6.28694257063e-05,3.45688459572e-06,2.07623303144e-05,1.8686097283e-06,2.07623303144e-05,0.27940460184,0.506451602198,0.213975801929
606,0.103656627264,0.0698531477617,0.189753948351,0.0126979500796,0.00622031588783,0.256605586209,0.0661231283686,0.0707929286619,0.0354911667718,0.143550241793,0.0430568410119,0.00219811783901,20,1,2,20,0.000382141545712,3.43927391141e-05,0.000382141545712,0.00771459640252,0.0013814768914,0.000269675904813,0.000382141545712,3.43927391141e-05,0.000382141545712,0.276387892507,0.500983484452,0.211665522181
607,0.0541691679049,0.02722284415,0.0509079793281,0.0617166450972,0.0033516658531,0.17498830716,0.0149204635023,0.106152615535,0.326603561933,0.0394732785665,0.137056247408,0.00343722356275,20,1,2,20,0.000132398333122,1.19158499809e-05,0.000132398333122,5.86156855478e-05,0.000348281261112,0.00165972825547,0.000132398333122,1.19158499809e-05,0.000132398333122,0.278719370939,0.505209545748,0.213451033079
608,0.00265678144839,0.352360333417,0.0943999430604,0.00379044048063,0.0287812607813,0.0697379900926,0.0415832325362,0.0706873284815,0.187391044238,0.0161931931866,0.0689105501065,0.0635079021703,20,1,2,20,0.00101185721283,9.10671491551e-05,0.00101185721283,0.00678354067976,0.0029814021581,0.00263491827785,0.00101185721283,9.10671491551e-05,0.00101185721283,0.274804429679,0.498113283695,0.210452862361
609,0.227006443291,0.127231916877,0.0763930974019,0.0268088525022,0.0777217837529,0.00804526855358,0.000944409493219,0.0843976572618,0.102932433878,0.0939591529799,0.13765567981,0.0369033041984,20,1,2,20,2.57505574468e-05,2.31755017021e-06,2.57505574468e-05,0.00356932232492,0.00592441855082,0.000106824136563,2.57505574468e-05,2.31755017021e-06,2.57505574468e-05,0.276738555807,0.501619150686,0.211934091165
610,0.0235659342077,0.0104379281314,0.101143901876,0.0495555371664,0.24301017616,0.056031104735,0.0621211547703,0.0644211939889,0.0228031050604,0.103447227185,0.019604405288,0.243858331431,20,1,2,20,6.52884016869e-05,5.87595615182e-06,6.52884016869e-05,0.000776226066238,0.000956841769468,0.000275813469942,6.52884016869e-05,5.87595615182e-06,6.52884016869e-05,0.278813899172,0.505380888578,0.213523425424
611,0.000471048141934,0.0256019951368,0.0122830939073,0.0955599939604,0.0963432422536,0.340999330366,0.012297227255,0.0257976872416,0.104132426165,0.153416163159,0.0835907338996,0.0495070585132,20,1,2,20,5.12494146705e-05,4.61244732034e-06,5.12494146705e-05,2.19732189553e-05,0.000300833391084,3.3125650988e-05,5.12494146705e-05,4.61244732034e-06,5.12494146705e-05,0.279292217387,0.506247893004,0.213889734794
612,0.245444053948,0.0024143902117,0.0135546743305,0.245981747887,0.0712466453207,0.0375897240275,0.0139502814076,0.142498920587,0.121662746887,0.0211474277231,0.012149036272,0.0723603513984,20,1,2,20,0.000704646382434,6.3418174419e-05,0.000704646382434,0.000671055706163,0.00103977206534,0.00111457784736,0.000704646382434,6.3418174419e-05,0.000704646382434,0.277838881355,0.503613561439,0.212776729708
613,0.205989222375,0.132665849033,0.057879561204,0.0641493466485,0.0465543279917,0.129071253458,0.0564933638983,0.0373007679234,0.0635848186786,0.0203157126023,0.0969863414183,0.089009434768,20,1,2,20,0.000368068422027,3.31261579824e-05,0.000368068422027,0.0133198666253,0.0031591159457,0.00310297348386,0.000368068422027,3.31261579824e-05,0.000368068422027,0.101621637282,0.616701497827,0.260556382832
614,0.0871917978997,0.0392959318319,0.0444962875194,0.135508537985,0.0860268508372,0.207395460247,0.0186841599482,0.226151205303,0.0617682528355,0.0196234911832,0.00126726934911,0.0725907550612,20,1,2,20,0.000549323637672,4.94391273905e-05,0.000549323637672,0.000423425931255,0.0162769292612,0.000127098772223,0.000549323637672,4.94391273905e-05,0.000549323637672,0.274107420927,0.496849878596,0.209919073707
615,0.0918505192947,0.0878783984718,0.0496281751061,0.0669316966647,0.009655617933,0.0533887710223,0.204036686783,0.0885223742893,0.0687479192807,0.00612629938488,0.260626862737,0.0126066790321,20,1,2,20,0.000110216173363,9.9194556027e-06,0.000110216173363,0.00121209049894,0.000359737525337,0.00325082555494,0.000110216173363,9.9194556027e-06,0.000110216173363,0.213437272255,0.549229785983,0.232049584578
616,0.0220640066335,5.85768808702e-05,0.0110803921131,0.00844462967539,0.090085876916,0.199190316022,0.105099112559,0.131818510938,0.191853483421,0.0957511574862,0.0269420601632,0.117611877192,20,1,2,20,1.96221897015e-05,1.76599707314e-06,1.96221897015e-05,0.000305857672538,0.00382776424706,9.9949710347e-06,1.96221897015e-05,1.76599707314e-06,1.96221897015e-05,0.278267173105,0.504398727066,0.213108462185
617,0.0274172076977,0.0671797076495,0.0326276058765,0.0411264557963,0.0487971493204,0.058661924656,0.148952502207,0.0935495591375,0.0147820715523,0.272522397744,0.162162693722,0.0322207246409,20,1,2,20,6.4841895931e-06,5.83577063379e-07,6.4841895931e-06,2.36476339527e-06,8.84472172855e-06,2.59769566807e-05,6.4841895931e-06,5.83577063379e-07,6.4841895931e-06,0.279433581994,0.506504131917,0.213997995735
618,0.00987425632626,0.0159510475075,0.214229205235,0.0914929257504,0.182547739669,0.143709042478,0.0311603274483,0.106361735487,0.0319413976289,0.0324770641062,0.0589950131257,0.0812602452376,20,1,2,20,0.000418792987315,3.76913688584e-05,0.000418792987315,0.0556345263016,0.000725028948868,0.00291430615566,0.000418792987315,3.76913688584e-05,0.000418792987315,0.262397767839,0.475625881243,0.200951934825
619,0.14442468665,0.0673547945575,0.00602937974743,0.00356411038196,0.0395954054349,0.236598859714,0.144656159849,0.0909503455214,0.0352486750939,0.0203779864228,0.0544086251097,0.156790971518,20,1,2,20,0.000216158118521,1.94542306669e-05,0.000216158118521,0.0116641686398,0.00426061691582,0.00106500298906,0.000216158118521,1.94542306669e-05,0.000216158118521,0.274451229381,0.497473069342,0.210182371797
620,0.115058679382,0.128724090956,0.0681601184987,0.202354361267,0.100301280215,0.0476096737591,0.00440716192513,0.0149100929736,0.00822277875625,0.113243611221,0.0360943036947,0.160913847352,20,1,2,20,7.82575177966e-05,7.04317660169e-06,7.82575177966e-05,0.000276982905742,0.000446540299552,0.000401601803679,7.82575177966e-05,7.04317660169e-06,7.82575177966e-05,0.279045716916,0.505801083761,0.213700957889
621,0.139367136317,0.0130073930256,0.000771524640941,0.126542552914,0.0407696673789,0.0305799334919,0.233505897265,0.127856891125,0.0413037065774,0.020492313416,0.113595389425,0.112207594423,20,1,2,20,0.000370732194893,3.33658975404e-05,0.000370732194893,0.00103989625557,0.000450771749198,9.20088994662e-05,0.000370732194893,3.33658975404e-05,0.000370732194893,0.213894351911,0.550420604998,0.232552705612
622,0.0167244371005,0.0904777185848,0.0721520863463,0.00771716274578,0.0911798294754,0.175190386114,0.0333621551891,0.000356574904486,0.0832309749585,0.391773865963,0.00230792396342,0.0355268846546,20,1,2,20,1.35161221329e-05,1.21645099197e-06,1.35161221329e-05,1.34348516422e-05,0.000230087192802,1.12999221957e-05,1.35161221329e-05,1.21645099197e-06,1.35161221329e-05,0.279364549357,0.506379002662,0.213945128625
623,0.0666520822768,0.00176246191796,0.0600614699545,0.337655222494,0.049447217172,0.0136149753272,0.00662024099412,0.0342896214786,0.00980536174429,0.229076014621,0.00582032031419,0.185195011705,20,1,2,20,8.48672532436e-05,7.63805279192e-06,8.48672532436e-05,0.0062338748093,1.7243812258e-05,0.000249480820965,8.48672532436e-05,7.63805279192e-06,8.48672532436e-05,0.277396663401,0.503162033067,0.212585958971
624,0.0404480563313,0.185470673332,0.0516177047295,0.124693407711,0.04886405301,0.168889008951,0.0136836352741,0.041888179467,0.0400248389903,0.104896366674,0.133556232193,0.0459678433355,20,1,2,20,9.91658577693e-05,8.92492719924e-06,9.91658577693e-05,0.000344116489144,0.00129055434582,0.000162319756373,9.91658577693e-05,8.92492719924e-06,9.91658577693e-05,0.27883353985,0.505416489471,0.213538466802
625,0.0883655292696,0.0334163744867,0.0409264497995,0.296083225088,0.01873306246,0.0330881473405,0.055469941325,0.0504155783837,0.0435417001148,0.0239144365372,0.0390041419036,0.277041413291,20,1,2,20,8.69700661669e-05,7.82730595503e-06,8.69700661669e-05,0.000262031208404,0.00103873784043,2.69286356402e-05,8.69700661669e-05,7.82730595503e-06,8.69700661669e-05,0.278978930475,0.505680025985,0.213649810979
626,0.0315923689197,0.0803064840056,0.00759999118773,0.0832737501787,0.0808964337608,0.132781398602,0.0802636449797,0.0473492460133,0.17140594341,0.0134963014704,0.259745342403,0.0112890950689,20,1,2,20,0.000402051449083,3.61846304175e-05,0.000402051449083,0.0121346781743,0.00113202289754,5.7624080089e-05,0.000402051449083,3.61846304175e-05,0.000402051449083,0.275258314383,0.498936228758,0.21080055665
627,0.0382514843183,0.160631465106,0.0322735608194,0.26643739322,0.0288678266986,0.137698550002,0.049311646368,0.114410235739,0.0671120788399,0.0480900503616,0.0502596738545,0.00665603467257,20,1,2,20,0.000495187607363,4.45668846626e-05,0.000495187607363,2.91409626823e-05,0.00119806314318,8.6605394592e-06,0.000495187607363,4.45668846626e-05,0.000495187607363,0.278527751401,0.504862214239,0.213304285516
628,0.00897259680949,0.00830132253801,0.389608884599,0.0349780725244,0.0871125575373,0.0611021862852,0.00765820037055,0.0551234126858,0.110444364123,0.0430368465998,0.042562772113,0.151098783814,20,1,2,20,8.82089307845e-05,7.9388037706e-06,8.82089307845e-05,7.86527736366e-05,0.00190075457123,2.44616944615e-05,8.82089307845e-05,7.9388037706e-06,8.82089307845e-05,0.278788526217,0.505334897303,0.21350399411
629,0.166559657396,0.114715208812,0.0947943103037,0.0156686005888,0.14456227625,0.0508488729678,0.00743801113607,0.0662707322118,0.192814897475,0.00563794110388,0.130185661437,0.0105038303182,20,1,2,20,0.000265887726072,2.39298953465e-05,0.000265887726072,1.75413499065e-05,0.000194079831482,0.00358506757181,0.000265887726072,2.39298953465e-05,0.000265887726072,0.278079972044,0.504050564856,0.212961363652
630,0.183301150561,0.0946088997013,0.00852844002395,0.0552096392617,0.00777904502194,0.0122653172714,0.00651652369903,0.113423637298,0.058195365425,0.218680373791,0.00364178368801,0.237849824258,20,1,2,20,2.17312644179e-06,1.95581379761e-07,2.17312644179e-06,1.09406687772e-06,5.24558252073e-07,3.06551199658e-07,2.17312644179e-06,1.95581379761e-07,2.17312644179e-06,0.279448471594,0.506531120957,0.214009398604
631,0.00509988281037,0.00594465458541,0.176608476428,0.0635917456722,0.218305784846,0.0269315648994,0.215034041222,0.0512832062104,0.0390410071983,0.0190546301456,0.0561152404734,0.122989765509,20,1,2,20,0.000169744135824,1.52769722242e-05,0.000169744135824,0.000191030470636,0.000801319233185,0.000383056581065,0.000169744135824,1.52769722242e-05,0.000169744135824,0.278868909224,0.505480600354,0.213565553649
632,0.0495292626813,0.00558408846843,0.146392478377,0.0214555315794,0.174704620784,0.0934137125235,0.0573004091991,0.151510826947,0.0306696580551,0.0269604212709,0.216332960478,0.0261460296353,20,1,2,20,2.78128807347e-05,2.50315926613e-06,2.78128807347e-05,0.00687952221954,0.000811598463338,9.09936192794e-05,2.78128807347e-05,2.50315926613e-06,2.78128807347e-05,0.277091993593,0.502642976635,0.212366657628
633,0.389497999648,0.00193252490911,0.0453426488975,0.106820176251,0.0505278958855,0.071285357564,0.0740723997999,0.152252372158,0.0518850035912,0.0149334178114,0.0079998643069,0.0334503391782,20,1,2,20,0.00933974877662,0.000840577389895,0.00933974877662,0.00223534528214,0.00255039918698,0.0152876505576,0.00933974877662,0.000840577389895,0.00933974877662,0.201881028737,0.519511723269,0.219493703081
634,0.176371137719,0.192374176966,0.00285880623661,0.0345137562676,0.126756629017,0.00916770750884,0.272270932985,0.0185443839208,0.0599581895673,0.00500748672932,0.00255651286622,0.0996202802161,20,1,2,20,0.00184016194278,0.00016561457485,0.00184016194278,0.0500741817914,0.00388754398223,0.00741681884179,0.00184016194278,0.00016561457485,0.00184016194278,0.260149711686,0.47154999422,0.199229872558
635,0.0135088705863,0.0672354328584,0.212744323363,0.0180407018605,0.262562463695,0.072699580344,0.0820073750932,0.0152455316334,0.0570340181399,0.0481673166889,0.0860318968924,0.0647224888456,20,1,2,20,0.000125803332733,1.13222999459e-05,0.000125803332733,0.000247258636139,0.0002920027087,0.000136022182905,0.000125803332733,1.13222999459e-05,0.000125803332733,0.279115887193,0.505928275113,0.213754696235
636,0.111546209187,0.120167818262,0.0862814380078,0.0582295902587,0.0138705878498,0.017503481942,0.219012644398,0.0170762765188,0.0602086696388,0.0478598876664,0.0308182655953,0.217425130676,20,1,2,20,9.95263881403e-05,8.95737493262e-06,9.95263881403e-05,0.00354873088027,0.000353292343935,0.00103395853076,9.95263881403e-05,8.95737493262e-06,9.95263881403e-05,0.277955922764,0.5038257119,0.212866363278
637,0.0481874920331,0.0927274612734,0.212084760956,0.0171804310157,0.0744666245968,0.0126826960246,0.000340864518211,0.0175035966444,0.0504439630483,0.00436209802828,0.279524616469,0.190495395392,20,1,2,20,1.58992954573e-05,1.43093659116e-06,1.58992954573e-05,2.6316185388e-05,1.083064154e-05,2.60205316165e-05,1.58992954573e-05,1.43093659116e-06,1.58992954573e-05,0.279415143452,0.506471163539,0.213984066595
638,0.0338075066699,0.0260300624038,0.153908850185,0.0232742690503,0.120036797451,0.159882291177,0.242012475649,0.068850481605,0.0438306680298,0.0403453238192,0.0105825727908,0.0774387011695,20,1,2,20,0.00107134301565,9.64208714087e-05,0.00107134301565,0.0149269227853,0.0115822782512,0.00154176429407,0.00107134301565,9.64208714087e-05,0.00107134301565,0.270361218567,0.490059474374,0.207050127923
639,0.0186963546128,0.184824078744,0.115543230376,0.066207985017,0.00945300950603,0.134487133102,0.000512374050266,0.0621905425431,0.0961264271353,0.133581634025,0.141315366276,0.0370618646127,20,1,2,20,0.00013168072024,1.18512648216e-05,0.00013168072024,0.000580676490038,0.000375248295443,0.000198979382613,0.00013168072024,1.18512648216e-05,0.00013168072024,0.278974987687,0.505672887687,0.213646795048
640,0.017469791061,0.092967882548,0.0127161157519,0.0685690992247,0.181986280588,0.0402194303445,0.0106071809312,0.054061474147,0.141030668674,0.0370808331675,0.23328668477,0.110004558791,20,1,2,20,0.000266250999687,2.39625899718e-05,0.000266250999687,0.00456735938355,0.000634465767672,0.000120618196682,0.000266250999687,2.39625899718e-05,0.000266250999687,0.277653173207,0.503276945003,0.212634509264
641,0.0348817777885,0.061605168604,0.0110337189186,0.0339482719221,0.115452542725,0.0694056882421,0.228291719819,0.0495179477691,0.0581732111271,0.115079082531,0.121412133178,0.101198737375,20,1,2,20,5.74014208351e-05,5.16612787516e-06,5.74014208351e-05,0.000197456996607,0.000573799829269,0.000429728925247,5.74014208351e-05,5.16612787516e-06,5.74014208351e-05,0.279048879677,0.505806816614,0.213703380019
642,0.154371589872,0.000441325237114,0.0268722611256,0.0428363334072,0.204939981377,0.000954957492822,0.0802767478133,0.0646205541218,0.0395658908502,0.0627740182638,0.109413514927,0.212932825512,20,1,2,20,6.17916508383e-05,5.56124857544e-06,6.17916508383e-05,0.0021318107066,0.000825312369448,0.000151405438781,6.17916508383e-05,5.56124857544e-06,6.17916508383e-05,0.278510685633,0.504831280669,0.213291216083
643,0.165511225265,0.0327675228794,0.0965903102901,0.0207597746232,0.0446430494729,0.348176232359,0.042316372925,0.0242547467044,0.0890210110289,0.0635113122112,0.0681732138968,0.00427522834452,20,1,2,20,0.000540615220387,4.86553698348e-05,0.000540615220387,0.0140858711325,0.0131571061401,0.000495095866614,0.000540615220387,4.86553698348e-05,0.000540615220387,0.100684322876,0.611119741556,0.258198090808
644,0.0503640408939,0.115770237646,0.121118125521,0.0992774874116,0.000517861175292,0.04440715765,0.0481737990784,0.0184618298777,0.0387768424453,0.211408484247,0.234918321398,0.0168058126557,20,1,2,20,3.463591618e-06,3.1172324562e-07,3.463591618e-06,1.53308475212e-06,3.21570451962e-06,8.56798494068e-07,3.463591618e-06,3.1172324562e-07,3.463591618e-06,0.279445935695,0.506526524361,0.214007456543
645,0.00128200191389,0.0539703077841,0.204473223501,0.144557509548,0.0644356094723,0.0133902328348,0.0399989302125,0.0128811791925,0.0153302867988,0.0834411496719,0.311362240233,0.0548773288376,20,1,2,20,1.60203654166e-05,1.4418328875e-06,1.60203654166e-05,1.36498097459e-05,1.91474466811e-05,7.43109529715e-05,1.60203654166e-05,1.4418328875e-06,1.60203654166e-05,0.279402902969,0.506448522808,0.213974500886
646,0.0296859421978,0.0603256140832,0.0350797019865,0.39875865081,0.0874655927481,0.0168326425638,0.0953230775306,0.0148968495305,0.0563230930964,0.0663739388754,0.073362571791,0.0655723247865,20,1,2,20,0.000192037187133,1.7283346842e-05,0.000192037187133,0.00206897194846,0.0004828696147,0.005833463307,0.000192037187133,1.7283346842e-05,0.000192037187133,0.212594767371,0.547077126409,0.231140085908
647,0.132222135963,0.133634049981,0.00291244096607,0.0718527214806,0.00652767997347,0.157305246407,0.0135030691449,0.0137174831253,0.0580258493221,0.0132824006203,0.257504857054,0.139512065963,20,1,2,20,2.17829955807e-05,1.96046960227e-06,2.17829955807e-05,1.56252367617e-05,0.000134796615551,3.55080499007e-06,2.17829955807e-05,1.96046960227e-06,2.17829955807e-05,0.279383075256,0.506412582893,0.213959316272
648,0.176692979783,0.127641012093,0.0462903456391,0.171757697373,0.13356365573,0.0528608865846,0.0294164520849,0.0018554928011,0.0586474255521,0.0878381753213,0.0116193757039,0.101816501335,20,1,2,20,0.000246891499134,2.22202349221e-05,0.000246891499134,0.00390266549394,0.00579945600749,0.00155454851157,0.000246891499134,2.22202349221e-05,0.000246891499134,0.276017458367,0.500312031742,0.211381833411
649,0.0139225488471,0.00266447889604,0.193188671301,0.130390185418,0.0393142877009,0.0483385343679,0.0694688448428,0.131533285053,0.195996163906,0.0411270769402,0.112845879802,0.0212100429257,20,1,2,20,0.000432373475316,3.89136127784e-05,0.000432373475316,0.00116227528922,0.00118690618134,0.000167485239635,0.000432373475316,3.89136127784e-05,0.000432373475316,0.278243202938,0.504346438822,0.213086370402
650,0.00688756132004,0.0502234143725,0.0476127779206,0.026626734984,0.123938786944,0.0653787395897,0.0677183048418,0.176793557065,0.284412513017,0.0659674192864,0.0358635620818,0.0485766285782,20,1,2,20,0.000338997266184,3.05097539566e-05,0.000338997266184,0.000323578903912,0.000737623771483,0.000836961221899,0.000338997266184,3.05097539566e-05,0.000338997266184,0.278525117954,0.504857440827,0.213302268749
651,0.140626838347,0.097737454082,0.0760022649798,0.017436690921,0.107964063331,0.0504732104633,0.0285803440044,0.16089485143,0.0895697837579,0.105878189152,0.0664067475467,0.0584295619855,20,1,2,20,0.000381869810595,3.43682829535e-05,0.000381869810595,0.00304434453652,0.00118521418348,0.0005077677126,0.000381869810595,3.43682829535e-05,0.000381869810595,0.277681629842,0.503328525777,0.212656302141
652,0.000472687731574,0.395101752046,0.0198742583418,0.10868270142,0.0381140286484,0.00622386781384,0.123129512556,0.0661501269459,0.133498530827,0.0677298586307,0.00905581210463,0.0319668629341,20,1,2,20,0.00169167806777,0.0001522510261,0.00169167806777,0.0333077227806,0.00477911653688,0.00456457375584,0.00169167806777,0.0001522510261,0.00169167806777,0.265556482752,0.481350361934,0.203370527917
653,0.0975605133749,0.157349624986,0.00825950224027,0.17837850352,0.22847893754,0.0992118321092,0.0306001380452,0.0660874644778,0.0640288993047,0.00818320029152,0.0260753475199,0.03578603659,20,1,2,20,0.00205061334896,0.000184555201407,0.00205061334896,0.0011569745557,0.00846219634712,0.0013259916302,0.00205061334896,0.000184555201407,0.00205061334896,0.273997568645,0.496650759243,0.20983494578
654,0.00309518671145,0.120212364486,0.084828896638,0.0898108696095,0.0321955627551,0.0957651938145,0.177083142036,0.0183849913484,0.121996947511,0.108098536421,0.144274402579,0.00425390608861,20,1,2,20,0.000533010074885,4.79709067396e-05,0.000533010074885,0.0112742164237,0.000336973332557,0.00100943729746,0.000533010074885,4.79709067396e-05,0.000533010074885,0.211380184911,0.543951638609,0.229819567313
655,0.011950857732,0.00174540201137,0.0199716712378,0.0886010610015,0.197553820569,0.145958687007,0.0825237645174,0.0540563295475,0.0338885443671,0.0787652309301,0.186043698285,0.0989409327949,20,1,2,20,0.00021581956476,1.94237608284e-05,0.00021581956476,0.00163455834074,0.00104971670338,0.00028540861664,0.00021581956476,1.94237608284e-05,0.00021581956476,0.213735532943,0.550012413086,0.232380244529
656,0.0926274411132,0.173217366496,0.0334246111167,0.0333587208264,0.0340751303296,0.0624231914069,0.0575876452886,0.124626009951,0.0240882645556,0.127482491994,0.179610575922,0.0574785510015,20,1,2,20,0.000240788545939,2.16709691345e-05,0.000240788545939,0.00324429485301,0.000524589777889,0.000117279945366,0.000240788545939,2.16709691345e-05,0.000240788545939,0.278084286419,0.504058385155,0.212964667728
657,0.0271502696896,0.0437308251408,0.056639849545,0.0300855054882,0.0149488810912,0.289247269438,0.0933686624905,0.123852921814,0.111851588072,0.064464462035,0.108454854112,0.0362049110835,20,1,2,20,0.00015979831706,1.43818485354e-05,0.00015979831706,0.00070702223116,0.00171014665751,2.20383073002e-05,0.00015979831706,1.43818485354e-05,0.00015979831706,0.278583246198,0.504962804668,0.213346784972
658,0.0287641991631,0.213650573756,0.386691702074,0.0115959900056,0.0581974428712,0.0817021890302,0.031114375095,0.0132212464858,0.0405200437974,0.0620122265845,0.0570945875498,0.0154354235874,20,1,2,20,0.00158646863098,0.000142782176788,0.00158646863098,0.00927610893543,0.000535865378389,0.0030833738802,0.00158646863098,0.000142782176788,0.00158646863098,0.101776660211,0.617712866586,0.260983686132
659,0.109918272453,0.0121446514316,0.145384724798,0.169637242026,0.0894528776696,0.0566589673387,0.183999547665,0.00602106939421,0.0359470728114,0.0950867568371,0.0461102185276,0.0496385990478,20,1,2,20,0.000101552962466,9.13976662195e-06,0.000101552962466,2.83862666219e-05,0.000262776207216,0.000109895856882,0.000101552962466,9.13976662195e-06,0.000101552962466,0.279220846887,0.506118526115,0.213835077284
660,0.0567604957895,0.117882999838,0.0610509001416,0.0699899001412,0.000774032910297,0.035777478696,0.0508809755998,0.0444989822986,0.135453620487,0.019102093719,0.188369602361,0.219458918018,20,1,2,20,4.24258015894e-05,3.81832214305e-06,4.24258015894e-05,0.000346191022069,0.000784824522022,6.44695028806e-06,4.24258015894e-05,3.81832214305e-06,4.24258015894e-05,0.279084124481,0.505870701704,0.21373037147
661,0.138165867749,0.0248212681687,0.0120047599546,0.0122886596935,0.159338964963,0.0296313707568,0.0967302701533,0.203337599395,0.0177423341971,0.022850222101,0.231898921458,0.0511897614098,20,1,2,20,0.000516928203027,4.65235382725e-05,0.000516928203027,0.0160851507939,0.00110680805622,0.00139426181209,0.000516928203027,4.65235382725e-05,0.000516928203027,0.101650506464,0.616943770112,0.260658742872
662,0.00928448164397,0.129801166804,0.138182360005,0.0167180461807,0.35066586849,0.00726564283628,0.020474857819,0.00572202868306,0.0551687739741,0.181724648751,0.0526148519272,0.0323772728849,20,1,2,20,7.54192430788e-05,6.78773187709e-06,7.54192430788e-05,0.0190799896762,0.00430041533035,0.000119063071629,7.54192430788e-05,6.78773187709e-06,7.54192430788e-05,0.101327678961,0.615014130422,0.259843470103
663,0.0226284099731,0.149901831736,0.128096289343,0.0594962547534,0.0516298838226,0.103943206204,0.103560515073,0.160058959365,0.0109055705147,0.0521372468333,0.0848375860682,0.0728042463147,20,1,2,20,4.01064927456e-05,3.60958434711e-06,4.01064927456e-05,1.47238704099e-05,1.71259459749e-05,1.09145737028e-05,4.01064927456e-05,3.60958434711e-06,4.01064927456e-05,0.279392748764,0.506430117192,0.213966724514
664,0.00984192728903,0.16056900205,0.0426185128865,0.0120081019051,0.0572000369661,0.181773606627,0.221222581921,0.00741201407038,0.107847542573,0.0970645142942,0.0913749163779,0.0110672430386,20,1,2,20,5.20531421573e-05,4.68478279416e-06,5.20531421573e-05,4.85465535022e-05,0.00366392880416,0.00010266109078,5.20531421573e-05,4.68478279416e-06,5.20531421573e-05,0.278324598582,0.504493977389,0.213148705447
665,0.050131997736,0.0809967940278,0.0236759653047,0.240791965468,0.0313242419678,0.0250242172245,0.245364486878,0.0324981820993,0.0839456290316,0.0523012424664,0.0724617554646,0.0614835223311,20,1,2,20,0.000139974634238,1.25977170814e-05,0.000139974634238,0.000133702222049,0.000608707218726,0.00202935781984,0.000139974634238,1.25977170814e-05,0.000139974634238,0.278513467965,0.504836323939,0.213293346864
666,0.140327557444,0.0729825307439,0.0388106644527,0.0592863131345,0.0532467020039,0.00188522188149,0.0439122905028,0.292896610605,0.166353365552,0.0860835539826,0.0136120160075,0.0306031736894,20,1,2,20,0.000354282903163,3.18854612847e-05,0.000354282903163,0.000610782118346,0.00488485029944,0.00118693525813,0.000354282903163,3.18854612847e-05,0.000354282903163,0.277170253645,0.502401600101,0.212264676043
667,0.115498590725,0.106187603755,0.0752290978683,0.0617442085936,0.144476224834,0.0473124932743,0.0116016415232,0.0275288105521,0.127253979998,0.192973772806,0.0380505243394,0.0521430517323,20,1,2,20,6.79551625348e-05,6.11596462813e-06,6.79551625348e-05,8.50560294536e-05,0.000954631913177,1.44042420937e-05,6.79551625348e-05,6.11596462813e-06,6.79551625348e-05,0.279077601407,0.505858877911,0.213725375918
668,0.00371350203837,0.0408495484414,0.318879062356,0.0396076717942,0.128851207303,0.0676057813545,0.0102664203925,0.174966414085,0.0125690380233,0.129596567144,0.00495604635817,0.0681387407101,20,1,2,20,0.000476813954161,4.29132558745e-05,0.000476813954161,0.00325339480721,0.00125012896233,0.000446962998094,0.000476813954161,4.29132558745e-05,0.000476813954161,0.213076299805,0.548316436625,0.231663694474
669,0.0936408653185,0.0421531818344,0.0346866963908,0.0227883300797,0.235761822392,0.0892438491434,0.0419757869675,0.0116078726506,0.121024765975,0.0856883774112,0.106782404086,0.114646047752,20,1,2,20,0.000228867344238,2.05980609814e-05,0.000228867344238,0.0112465107353,0.00462486136921,0.000790417008813,0.000228867344238,2.05980609814e-05,0.000228867344238,0.274528043592,0.497612303547,0.210241198249
670,0.0855426680195,0.00880278096078,0.0921718193043,0.0542479244946,0.0727855847519,0.0112411252919,0.182733295305,0.0206727371127,0.257493435576,0.0227893329905,0.159108419398,0.0324108767949,20,1,2,20,3.56716746389e-05,3.2104507175e-06,3.56716746389e-05,3.72590270253e-06,7.48409321744e-06,2.5512528972e-05,3.56716746389e-05,3.2104507175e-06,3.56716746389e-05,0.279399617517,0.506442567563,0.213971984795
671,0.320725188659,0.151481221926,0.0847766043215,0.00854850279392,0.0816323023363,0.0176412083281,0.0298678950511,0.0215553922027,0.0552069020691,0.00597889518433,0.0234838880429,0.199101999085,20,1,2,20,3.01262222115e-05,2.71135999903e-06,3.01262222115e-05,2.13958747032e-06,5.93656507977e-06,2.65616940439e-05,3.01262222115e-05,2.71135999903e-06,3.01262222115e-05,0.279406677768,0.506455365045,0.213977391732
672,0.00606504722656,0.100821263578,0.369986241266,0.0539896551563,0.0330745042443,0.145319833986,0.0371048603142,0.0242989657109,0.0364028942785,0.0077387591028,0.0135950363219,0.171602938814,20,1,2,20,0.000404319731455,3.63887758309e-05,0.000404319731455,0.00218158016313,0.000395118216286,0.00064344849152,0.000404319731455,3.63887758309e-05,0.000404319731455,0.278079384106,0.504049499153,0.212960913392
673,0.285481303771,0.0376645834265,0.067317785841,0.0597923039156,0.246158169132,0.0960348332299,0.0786309969286,0.0247382506155,0.0446858497346,0.00182488028067,0.0108361962821,0.0468348468434,20,1,2,20,0.000152045950956,1.3684135586e-05,0.000152045950956,0.000127667037104,0.06886110758,2.66483893159e-06,0.000152045950956,1.3684135586e-05,0.000152045950956,0.259994177465,0.471268071005,0.19911076
674,0.0831217498832,0.0287965105121,0.0206552819583,0.121460511518,0.228886181097,0.0090002330908,0.0800204541433,0.0635953938489,0.0418647174327,0.0191985289359,0.299239693688,0.00416074389183,20,1,2,20,0.000508188900195,4.57370010176e-05,0.000508188900195,0.00706202141824,0.000283299925311,0.00308881770732,0.000508188900195,4.57370010176e-05,0.000508188900195,0.102498087574,0.622104424445,0.262839119328
675,0.0337434338035,0.248493707494,0.0183147524398,0.117448576639,0.190358102348,0.0198541473793,0.0153546757155,0.0800102460479,0.00441856275275,0.147154689664,0.11182749808,0.013021607636,20,1,2,20,0.000318800530352,2.86920477316e-05,0.000318800530352,0.00732668381143,0.00126355148744,0.000436388714847,0.000318800530352,2.86920477316e-05,0.000318800530352,0.276556650679,0.501289377216,0.211794761874
676,0.00779048631788,0.237046671418,0.00477047618052,0.0241946445707,0.0365355104674,0.174512444949,0.00868382123384,0.239883437303,0.0967050330211,0.0662189311193,0.00706562414531,0.0965929192734,20,1,2,20,0.000506488111411,4.5583930027e-05,0.000506488111411,0.00299401767516,0.00127632206936,0.000231636006121,0.000506488111411,4.5583930027e-05,0.000506488111411,0.277601831393,0.503183882285,0.212595190265
677,0.113652667759,0.0282540033101,0.0870168139455,0.0568892611057,0.140077901007,0.05842680816,0.00377757432077,0.0090783573749,0.175146617946,0.114713110624,0.0664846523938,0.146482232053,20,1,2,20,1.40651355315e-05,1.26586219783e-06,1.40651355315e-05,2.57010039159e-06,2.47951229466e-06,0.000843668817572,1.40651355315e-05,1.26586219783e-06,1.40651355315e-05,0.279197942764,0.50607700987,0.21381753667
678,0.0881995634686,0.0226330029,0.227136822802,0.271007844235,0.0858516098885,0.0373141104426,0.0531125637216,0.00229239349275,0.0692153856541,0.0565489759598,0.018768407721,0.067919319714,20,1,2,20,0.00045740112989,4.11661016901e-05,0.00045740112989,0.00163134477609,0.00445792520905,0.000105787129864,0.00045740112989,4.11661016901e-05,0.00045740112989,0.277186036055,0.502430207457,0.21227676265
679,0.181633944537,0.0113649077365,0.0991789234406,0.0255205583481,0.305009461831,0.0114057026506,0.0127729899335,0.00443582853637,0.0395800729389,0.0506232161946,0.199246573071,0.059227820782,20,1,2,20,1.14363100024e-05,1.02926790022e-06,1.14363100024e-05,1.34181874264e-05,0.00142136434047,7.26577081741e-06,1.14363100024e-05,1.02926790022e-06,1.14363100024e-05,0.279035206564,0.505782032591,0.21369290877
680,0.115079293916,0.0155927649464,0.100178340857,0.030929903908,0.0200354146294,0.104567900145,0.101067170507,0.282732589081,0.0059145128907,0.0785889091425,0.116010143294,0.0293030566832,20,1,2,20,1.77331912411e-05,1.5959872117e-06,1.77331912411e-05,1.94756697126e-05,0.000834816446161,4.07190816107e-06,1.77331912411e-05,1.5959872117e-06,1.77331912411e-05,0.279190962604,0.506064357562,0.21381219107
681,0.0309209374999,0.0155194197503,0.0283931309596,0.280836916031,0.0257435448206,0.292682362356,0.0171345917456,0.0269821954111,0.0210727787303,0.0167351534454,0.0416512138941,0.202327755356,20,1,2,20,0.000385026434867,3.4652379138e-05,0.000385026434867,0.000984438466828,0.000532498081826,9.33449313848e-05,0.000385026434867,3.4652379138e-05,0.000385026434867,0.213876589967,0.550371682288,0.232532035767
682,0.0353782393373,0.106704401512,0.0788490500278,0.122732901072,0.109572404213,0.00356011575235,0.0212866534773,0.0904223482565,0.221823374267,0.0822515758067,0.0681378800571,0.0592810562202,20,1,2,20,0.000195665174522,1.76098657069e-05,0.000195665174522,0.00393319989591,0.0051007685279,0.00239751408838,0.000195665174522,1.76098657069e-05,0.000195665174522,0.27602844459,0.500331945496,0.211390246972
683,0.029236220269,0.0506676431995,0.0566582017811,0.058476110863,0.123646112121,0.0429729791983,0.14468390983,0.258228994283,0.0395446600426,0.122229498691,0.0454844807064,0.0281711890151,20,1,2,20,0.000139475565177,1.25528008659e-05,0.000139475565177,0.000122660026259,0.000682159480399,0.000176184552686,0.000139475565177,1.25528008659e-05,0.000139475565177,0.27901448248,0.505744467907,0.213677037691
684,0.00552628932566,0.0690237274642,0.0160759553642,0.153537437808,0.0699015053075,0.096685308965,0.0348058229543,0.334565378303,0.109998216783,0.00827197045367,0.00785749263475,0.0937508946373,20,1,2,20,0.000488021509527,4.39219358575e-05,0.000488021509527,0.00407072685233,0.0106202812633,0.000336691971045,0.000488021509527,4.39219358575e-05,0.000488021509527,0.274681972409,0.497891316411,0.210359081184
685,0.0805076103617,0.101354725886,0.175030767164,0.0509641838496,0.0600144833427,0.129196360698,0.068767132052,0.0466702442631,0.00677399486033,0.138074515044,0.00228784139723,0.14035814108,20,1,2,20,7.22273389116e-05,6.50046050204e-06,7.22273389116e-05,0.000105500948737,4.47109031739e-05,0.000159331571394,7.22273389116e-05,6.50046050204e-06,7.22273389116e-05,0.27928067635,0.506226973603,0.213880896347
686,0.0105691420989,0.0964102144696,0.104718855444,0.088050346108,0.0325482022189,0.0889747670585,0.0164974274707,0.149043738229,0.0531243706373,0.0878080110509,0.06315227487,0.209102650344,20,1,2,20,2.5889622017e-05,2.33006598153e-06,2.5889622017e-05,0.00403557364769,5.81924863457e-05,0.000248812869536,2.5889622017e-05,2.33006598153e-06,2.5889622017e-05,0.278117514711,0.50434565038,0.213086037286
687,0.1122940498,0.123511615931,0.0234552467955,0.0382905333147,0.0169638301647,0.00492928624904,0.255646437134,0.130893900432,0.0427211292289,0.114956850143,0.107328629056,0.029008491751,20,1,2,20,8.73146386726e-05,7.85831748053e-06,8.73146386726e-05,0.000132813363685,9.04881911645e-05,3.24415199053e-05,8.73146386726e-05,7.85831748053e-06,8.73146386726e-05,0.279278087353,0.506222280761,0.213878913622
688,0.0539836857895,0.00565231505131,0.0435276605284,0.0498887332539,0.0268306568473,0.0350743351879,0.0332093732994,0.033927990803,0.158500725452,0.00197465204023,0.556918214989,0.0005116567576,20,1,2,20,0.000719163502688,6.47247152419e-05,0.000719163502688,0.0032333024557,0.0025617540471,0.000164970719509,0.000719163502688,6.47247152419e-05,0.000719163502688,0.10287876944,0.62436210889,0.263792991006
689,0.05252729786,0.107919644597,0.00600070518957,0.131647996192,0.0318151152789,0.0815285897507,0.0964247907122,0.00113896415634,0.0744991689198,0.322399967727,0.0567383876483,0.0373593719674,20,1,2,20,0.000330200989822,2.9718089084e-05,0.000330200989822,0.00115913992268,0.000236225204239,0.000257594455896,0.000330200989822,2.9718089084e-05,0.000330200989822,0.213915703454,0.550475287751,0.232575809075
690,0.14539219641,0.0296752693797,0.157724101618,0.0529776847274,0.0306251580251,0.00231631489987,0.0940883261982,0.182881925105,0.0173033477004,0.0225900180523,0.0911883328348,0.17323732505,20,1,2,20,4.63513263512e-05,4.1716193716e-06,4.63513263512e-05,0.00978545513837,0.00415333170712,0.000136230211979,4.63513263512e-05,4.1716193716e-06,4.63513263512e-05,0.27546404744,0.499309094523,0.210958092436
691,0.0397010784193,0.116786409622,0.0771926741517,0.255066329365,0.0386473552601,0.121078578444,0.0349050859648,0.136814921415,0.0308328176044,0.00146443119964,0.141547324873,0.00596299367992,20,1,2,20,0.00059360993691,5.34248943219e-05,0.00059360993691,0.00389596192703,0.00610353360247,0.000803476331417,0.00059360993691,5.34248943219e-05,0.00059360993691,0.275739240621,0.499807731446,0.211168766536
692,0.0723549945875,0.0817646185396,0.00463925245065,0.120425726437,0.257968917008,0.1076130641,0.038250157705,0.18843505979,0.018026825657,0.0657120424512,0.0440464356803,0.000762905593699,20,1,2,20,0.000528301606528,4.75471445875e-05,0.000528301606528,0.000130801246881,0.00230846204864,5.70244245083e-05,0.000528301606528,4.75471445875e-05,0.000528301606528,0.278136843512,0.504153650652,0.213004917401
693,0.0427022227515,0.137182752375,0.0930690670083,0.110844783692,0.039167750616,0.0032866256982,0.31024429099,0.0637746091047,0.0411411832179,0.0327911551198,0.00827448542157,0.117521074005,20,1,2,20,0.000710259838387,6.39233854548e-05,0.000710259838387,0.00951995326269,0.00711884160494,0.000167733719113,0.000710259838387,6.39233854548e-05,0.000710259838387,0.273925277756,0.4965197241,0.209779583432
694,0.0284321033447,0.0164676002433,0.0280946045543,0.0647164843965,0.30181670926,0.152612127854,0.0428284681229,0.037038628768,0.150879480369,0.0392663138065,0.0161509763212,0.121696502959,20,1,2,20,0.000460504702195,4.14454231976e-05,0.000460504702195,0.0132772267166,0.00052979806209,0.00749098089755,0.000460504702195,4.14454231976e-05,0.000460504702195,0.272961868361,0.494773438529,0.209041777779
695,0.220277061712,0.0144579249265,0.137502145127,0.150373397335,0.0169736284788,0.118574245426,0.194612553498,0.0288603843665,0.0489417093878,0.0270680286883,0.0316948457572,0.0106640752961,20,1,2,20,0.00251770012164,0.000226593010947,0.00251770012164,0.00462482180949,0.00846327753036,0.00314219328963,0.00251770012164,0.000226593010947,0.00251770012164,0.271975023303,0.492984673152,0.208286024407
696,0.033939306162,0.19870228351,0.0598856547804,0.0385521390385,0.0187839386999,0.0439008279052,0.101800625315,0.0916528240552,0.000766715479641,0.00735462641693,0.115357255528,0.28930380311,20,1,2,20,0.000247800524294,2.23020471864e-05,0.000247800524294,0.00114626037658,0.000713453914503,0.00048454066735,0.000247800524294,2.23020471864e-05,0.000247800524294,0.213842806552,0.550282694058,0.23249443824
697,0.0490364577428,0.0286533936331,0.126170319983,0.0158932967327,0.149690933664,0.24995406269,0.028502715694,0.0922389039228,0.0495774056243,0.0385092478987,0.122448182979,0.0493250794344,20,1,2,20,2.59802114004e-05,2.33821902604e-06,2.59802114004e-05,6.65450218353e-06,6.32546532703e-06,5.16436447699e-06,2.59802114004e-05,2.33821902604e-06,2.59802114004e-05,0.279416129892,0.506472498061,0.213984630431
698,0.0617691803057,0.00869234533955,0.0367851366845,0.0754335183236,0.0144445752813,0.000729043772946,0.0997233457241,0.383220017739,0.102221886162,0.135800911868,0.0267112570992,0.0544687816998,20,1,2,20,0.000307061970659,2.76355773593e-05,0.000307061970659,0.0148416215229,0.000869279147826,0.00725608427481,0.000307061970659,2.76355773593e-05,0.000307061970659,0.272674707142,0.494252927153,0.208821861722
699,0.0403412707391,0.26374540324,0.0800454972809,0.0639290150633,0.0366140269773,0.0606758054335,0.0414544122476,0.065907409023,0.0214581617433,0.310066400309,0.00876894548057,0.006993652462,20,1,2,20,0.000335663483467,3.0209713512e-05,0.000335663483467,0.00291967433854,0.00136636754124,0.00540889700952,0.000335663483467,3.0209713512e-05,0.000335663483467,0.102650236505,0.623024078204,0.263227673041
700,0.0291844244461,0.102798942262,0.0725600305653,0.367517381844,0.00546442059539,0.0803879924055,0.0282222001055,0.0716876797057,0.0754374406596,0.0437507234717,0.115646843706,0.00734192023341,20,1,2,20,0.000165003669639,1.48503302675e-05,0.000165003669639,0.000147480133025,0.000195840090038,7.30376293144e-05,0.000165003669639,1.48503302675e-05,0.000165003669639,0.279142454078,0.505976430742,0.213775041989
701,0.0444328002957,0.142474656563,0.0515830244827,0.0613533780837,0.263550407749,0.194837076978,0.0458897726167,0.10717143375,0.00913937252669,0.016887483954,0.0280918035417,0.0345887894577,20,1,2,20,0.000261427906065,2.35285115459e-05,0.000261427906065,0.00161299572079,0.0316876906777,0.000120658350048,0.000261427906065,2.35285115459e-05,0.000261427906065,0.269806525615,0.48905403233,0.206625328659
702,0.00311377908267,0.0296637294101,0.0918982433383,0.125700266862,0.00264946553141,0.134343237969,0.273968978074,0.00853657871573,0.16366657151,0.0695600875434,0.0503439682482,0.0465550937147,20,1,2,20,0.000490259913494,4.41233922144e-05,0.000490259913494,0.00106760667126,9.0342702149e-05,0.00021248207001,0.000490259913494,4.41233922144e-05,0.000490259913494,0.213832717518,0.550261908331,0.23248565627
703,0.0948875913128,0.147204372315,0.0768462271346,0.0465673095154,0.0286661881123,0.077043764121,0.136601979838,0.0704991802888,0.121954784735,0.0230874179839,0.0679715827316,0.108669601911,20,1,2,20,4.7376356922e-05,4.26387212298e-06,4.7376356922e-05,5.77274172524e-06,4.03132051396e-05,7.78277164823e-06,4.7376356922e-05,4.26387212298e-06,4.7376356922e-05,0.27938115366,0.506409099789,0.213957844661
704,0.011689429556,0.0556392909662,0.127813918892,0.273576120379,0.0659574473159,0.0274902363091,0.0915346684475,0.0890146447295,0.110990214193,0.0486787502788,0.0140820345791,0.0835332443533,20,1,2,20,0.00053816455356,4.84348098204e-05,0.00053816455356,0.00239626510823,0.0012258540927,0.000969174679428,0.00053816455356,4.84348098204e-05,0.00053816455356,0.277539854117,0.503071581138,0.212547743031
705,0.0910944578609,0.129243627103,0.0032153926688,0.0138121637325,0.0769271776549,0.0692462661741,0.249762837121,0.107904292181,0.0613207155382,0.00474720804504,0.0625490681225,0.130176793798,20,1,2,20,0.000136675786522,1.2300820787e-05,0.000136675786522,0.000115390169566,0.000270035009529,5.65354245143e-05,0.000136675786522,1.2300820787e-05,0.000136675786522,0.279168389451,0.506023441236,0.213794903922
706,0.0900305074501,0.100151202595,0.0479858027608,0.0925923294187,0.144981215896,0.0208354973792,0.0711614367357,0.0892425744949,0.0423694319842,0.0661312354721,0.127942441221,0.106576324592,20,1,2,20,7.54289751738e-05,6.78860776564e-06,7.54289751738e-05,0.000128651559387,6.27802161508e-05,0.000100349312199,7.54289751738e-05,6.78860776564e-06,7.54289751738e-05,0.279281900207,0.506229191978,0.213881833611
707,0.00423000453893,0.240202950988,0.045138685487,0.0950836410827,0.0228047866387,0.0329415530968,0.194116151424,0.0113986673564,0.0633392719537,0.000479590479779,0.195313028121,0.0949516688338,20,1,2,20,1.57761755794e-05,1.41985580215e-06,1.57761755794e-05,4.86398877896e-06,0.000247472444732,4.45605217017e-06,1.57761755794e-05,1.41985580215e-06,1.57761755794e-05,0.279361358707,0.506373219257,0.213942685136
708,0.0242691602486,0.0828751277802,0.031346916174,0.0531542661635,0.138642475064,0.0768677951103,0.075924625526,0.139037706066,0.135059649028,0.0482203316222,0.0680917809336,0.126510166283,20,1,2,20,0.000346569962904,3.11912966614e-05,0.000346569962904,0.0186605583937,0.00705753438849,0.00177785004541,0.000346569962904,3.11912966614e-05,0.000346569962904,0.271362933269,0.491875192589,0.207817268869
709,0.000537416615796,0.0609377400478,0.138501556509,0.0182351878749,0.0821218410572,0.0292592391131,0.036825578798,0.0316535651201,0.0193354367269,0.245070429059,0.270485776354,0.0670362327241,20,1,2,20,1.92861660152e-05,1.73575494137e-06,1.92861660152e-05,0.000375969535897,2.96127287803e-05,2.56365930482e-05,1.92861660152e-05,1.73575494137e-06,1.92861660152e-05,0.27930851494,0.506277434115,0.213902215914
710,0.0258013615245,0.0723821033543,0.137767269864,0.116515723807,0.221033540226,0.00412700490517,0.0177071917627,0.156250711514,0.0357331192991,0.0813928502521,0.102641711637,0.0286474118548,20,1,2,20,0.00018035471302,1.62319241718e-05,0.00018035471302,0.00060383315437,0.000374535648542,7.31957294151e-05,0.00018035471302,1.62319241718e-05,0.00018035471302,0.278947013009,0.505622172062,0.213625367696
711,0.0636466197406,0.299440347989,0.222142444857,0.00313587768623,0.05157246737,0.0682531094546,0.0179100301283,0.035250024516,0.0551449268786,0.0832524189128,0.0890338740323,0.0112178584355,20,1,2,20,0.000431391955591,3.88252760032e-05,0.000431391955591,0.00419776762649,0.00198306327734,0.00032908982002,0.000431391955591,3.88252760032e-05,0.000431391955591,0.277128398425,0.50232580842,0.212232654057
712,0.0643437686326,0.107655020244,0.127849926574,0.0164258914714,0.10794448171,0.0623215725099,0.130244140766,0.00554795365712,0.142545754771,0.0428468357753,0.141208758805,0.0510658950837,20,1,2,20,3.71325367624e-05,3.34192830862e-06,3.71325367624e-05,0.00493043996709,0.00128117404593,3.21914427983e-05,3.71325367624e-05,3.34192830862e-06,3.71325367624e-05,0.277553416666,0.503372628383,0.212674935492
713,0.0601899199712,0.0428822514329,0.0116350989919,0.246289753875,0.026276673064,0.256605000007,0.0993111486212,0.0289096861564,0.0075675023978,0.0458904338638,0.16034583481,0.0140966968084,20,1,2,20,2.76190381854e-05,2.48571343669e-06,2.76190381854e-05,2.82452445158e-06,1.03344589449e-06,2.29116670969e-05,2.76190381854e-05,2.48571343669e-06,2.76190381854e-05,0.279411805211,0.506464659101,0.21398131847
714,0.0432555813909,0.154978564079,0.118699801211,0.00305430770668,0.204094093966,0.0251307554679,0.150239398773,0.00764169387702,0.0572364191764,0.0480497937399,0.0237563862998,0.163863204312,20,1,2,20,0.000386802575971,3.48122318374e-05,0.000386802575971,0.00465380274627,0.000769841051406,0.0018055424702,0.000386802575971,3.48122318374e-05,0.000386802575971,0.212669026206,0.547265344646,0.231219608113
715,0.0469828782391,0.127706845718,0.00525282958414,0.0551489032658,0.0997122258956,0.0639435720857,0.158213311517,0.127629940679,0.0612705432353,0.0116075129987,0.0110827196845,0.231448717097,20,1,2,20,7.98912950805e-05,7.19021655725e-06,7.98912950805e-05,5.9847034904e-05,0.000650762575474,9.26059033862e-05,7.98912950805e-05,7.19021655725e-06,7.98912950805e-05,0.279133766595,0.505960683499,0.213768388778
716,0.206287686456,0.00315389649432,0.0427687671247,0.249561538047,0.050128067484,0.0302568534891,0.0210833432171,0.0401066277278,0.0973567277948,0.143519270282,0.0917154425043,0.0240617793797,20,1,2,20,6.97265425743e-05,6.27538883168e-06,6.97265425743e-05,4.16965662818e-05,1.34207676051e-05,0.000611969431611,6.97265425743e-05,6.27538883168e-06,6.97265425743e-05,0.279183681508,0.506051159774,0.213806615004
717,0.24702228764,0.128928043326,0.0971852154957,0.0270586958725,0.174588484125,0.093570539147,0.0321793175686,0.0177030744323,0.050490052882,0.0653173664867,0.0579587201139,0.00799820290925,20,1,2,20,0.000165059811734,1.48553830561e-05,0.000165059811734,0.00056157090991,0.00419433692439,0.00631983843372,0.000165059811734,1.48553830561e-05,0.000165059811734,0.276163605993,0.500576940405,0.211493757321
718,0.00644910572898,0.0180370708113,0.183880931545,0.321585042206,0.0596546487332,0.0313192620865,0.114412056351,0.0496488505374,0.00221843413683,0.0728772193362,0.123049141079,0.0168682374486,20,1,2,20,3.79937837101e-05,3.41944053391e-06,3.79937837101e-05,1.11313237001e-05,8.31178517373e-06,0.000110581851334,3.79937837101e-05,3.41944053391e-06,3.79937837101e-05,0.279370831534,0.5063903898,0.21394993969
719,0.067809006209,0.148868757126,0.0987963409729,0.0239830613102,0.150475620844,0.0349481961865,0.0191880373181,0.0548323498432,0.290855605431,0.100414681788,0.00376543356087,0.00606290941009,20,1,2,20,0.00103803481442,9.34231332977e-05,0.00103803481442,0.00482353970272,0.00140147626657,0.00070435337157,0.00103803481442,9.34231332977e-05,0.00103803481442,0.276302553144,0.500828887164,0.211600204827
720,0.226636403139,0.0171568491384,0.0298869323457,0.0425342102127,0.187752421355,0.00127849716181,0.0418630575107,0.143873468876,0.110870094499,0.018831472345,0.0549398407761,0.12437675264,20,1,2,20,6.0098187922e-05,5.40883691298e-06,6.0098187922e-05,1.36479000896e-05,4.42339259956e-05,3.16135682315e-05,6.0098187922e-05,5.40883691298e-06,6.0098187922e-05,0.279356337264,0.50636411734,0.213938839576
721,0.0285313514057,0.0245566134769,0.057805087171,0.10512033776,0.0764787756708,0.124227134879,0.026034624939,0.107142928942,0.0786282165083,0.114968512689,0.185829595139,0.0706768214201,20,1,2,20,0.000433172669525,3.89855402573e-05,0.000433172669525,0.00422329072476,0.00426860029505,0.000347494874782,0.000433172669525,3.89855402573e-05,0.000433172669525,0.102702631451,0.623302158802,0.263345162094
722,0.034328374709,0.0952004714503,0.0956201704558,0.0173238553946,0.0851784122123,0.139470212534,0.197395367379,0.0434843090873,0.0863531233825,0.0814492621608,0.00773399172543,0.116462449509,20,1,2,20,0.00825854296575,0.000743268866918,0.00825854296575,0.82044187477,0.0700780306561,0.0749306232883,0.00825854296575,0.000743268866918,0.00825854296575,7.45326388123e-06,1.49795604392e-05,6.32886428555e-06
723,0.0558415170551,0.369126991704,0.0427166037847,0.077997815471,0.15348504531,0.082904281342,0.0334752897367,0.0133597670993,0.0338203121217,0.0279843234,0.0944287139772,0.014859338999,20,1,2,20,0.000344024674654,3.09622207188e-05,0.000344024674654,0.0339364355126,0.0206597218839,0.000313557246094,0.000344024674654,3.09622207188e-05,0.000344024674654,0.26370508541,0.477994500392,0.201952676416
724,0.194287240794,0.00279901077011,0.211920775527,0.106460610619,0.00956471987696,0.0543122261335,0.222841083312,0.00012621691416,0.048232462087,0.0387381254556,0.0792333023271,0.0314842261831,20,1,2,20,0.000419393031369,3.77453728232e-05,0.000419393031369,0.00744515443358,0.0101503779248,8.82826579546e-05,0.000419393031369,3.77453728232e-05,0.000419393031369,0.101784181836,0.617770784025,0.261008156251
725,0.0438783343254,0.0625749223498,0.0375844044053,0.136980723754,0.0453002886168,0.0183890661897,0.031812471625,0.26854337792,0.0726904851428,0.0474761056996,0.138826045046,0.0959437749258,20,1,2,20,0.000138672826134,1.24805543521e-05,0.000138672826134,0.0125543160485,0.000858484442551,0.00427494886451,0.000138672826134,1.24805543521e-05,0.000138672826134,0.274346694299,0.497283588001,0.210102315931
726,0.108817507377,0.114670715955,0.0865309753413,0.136755739715,0.0700298819822,0.0666475477078,0.124070410044,0.021068769321,0.0096732464874,0.172317830941,0.0283792044516,0.0610381706766,20,1,2,20,1.58546617438e-05,1.42691955694e-06,1.58546617438e-05,1.56498451413e-06,1.85210093091e-06,1.50337803202e-05,1.58546617438e-05,1.42691955694e-06,1.58546617438e-05,0.279427871961,0.506493781854,0.213993622833
727,0.137509948543,0.022477156652,0.141230066315,0.0438280357446,0.0188415064987,0.169136508364,0.139498176538,0.0958404098221,0.0268886801813,0.0273554434677,0.14785031926,0.0295437486134,20,1,2,20,8.0834951713e-05,7.27514565417e-06,8.0834951713e-05,2.47009829288e-05,0.000111613732494,0.000140762605949,8.0834951713e-05,7.27514565417e-06,8.0834951713e-05,0.279279694435,0.506225193775,0.21388014437
728,0.0991333188542,0.000402853462179,0.0222593945019,0.0144888758774,0.0942591632925,0.062720730986,0.182766820883,0.155223840164,0.090346093215,0.0431670494883,0.0691266886031,0.166105170672,20,1,2,20,1.69252701225e-05,1.52327431102e-06,1.69252701225e-05,3.32545060808e-06,0.00174267220219,2.17313637736e-06,1.69252701225e-05,1.52327431102e-06,1.69252701225e-05,0.278943248465,0.505615348412,0.213622484704
729,0.062019673523,0.0817457523344,0.0693182747031,0.177629234344,0.114902441475,0.0908608567971,0.066881860453,0.238806682283,0.00349802676287,0.0336761146534,0.00628004409065,0.0543810385803,20,1,2,20,0.000423589766202,3.81230789582e-05,0.000423589766202,0.00241932565384,0.0219684764979,0.000108606989484,0.000423589766202,3.81230789582e-05,0.000423589766202,0.272111190207,0.493231490636,0.208390304794
730,0.00290587980543,0.224361831252,0.0161991416972,0.264833059164,0.0465347148267,0.0881416083235,0.0288740962637,0.0312004161002,0.153019418145,0.119314019857,0.0124306421351,0.012185172429,20,1,2,20,0.000581127707458,5.23014936712e-05,0.000581127707458,0.00165171641736,0.000897956314602,0.00186720176418,0.000581127707458,5.23014936712e-05,0.000581127707458,0.277538426001,0.50306895303,0.212546632655
731,0.010518347182,0.0734171792233,0.0945138719148,0.167489907663,0.0239431046754,0.0386656994606,0.225983720424,0.0125297625366,0.0668525960977,0.166545757626,0.0211861478629,0.0983539053349,20,1,2,20,2.92952725505e-05,2.63657452955e-06,2.92952725505e-05,0.0128373391174,0.000220698402323,8.9457077501e-05,2.92952725505e-05,2.63657452955e-06,2.92952725505e-05,0.275457201645,0.50001606293,0.211256786588
732,0.123011320996,0.0261825584196,0.0636058901637,0.169635798998,0.199208898735,0.0150552376548,0.218359240574,0.00813132395641,0.0545599961451,0.0687822068924,0.0275361104441,0.0259314170217,20,1,2,20,0.00104997337677,9.44976039094e-05,0.00104997337677,0.00660943729348,0.00421765623955,0.000909927230303,0.00104997337677,9.44976039094e-05,0.00104997337677,0.274945137666,0.498368332412,0.210560620444
733,0.131142683874,0.0369982631435,0.0939183710459,0.00506814264555,0.108958855557,0.0352735571541,0.0739608836427,0.0075883136845,0.0364757678288,0.304713733061,0.0221712592963,0.143730169067,20,1,2,20,1.07460759003e-05,9.67146831025e-07,1.07460759003e-05,6.28543380623e-06,2.00356136939e-05,1.98392869436e-05,1.07460759003e-05,9.67146831025e-07,1.07460759003e-05,0.279426095884,0.506490562519,0.213992262664
734,0.0900297947685,0.15154008344,0.0408531922726,0.148251582802,0.167516542296,0.0698404413094,0.0964398190414,0.0687650112608,0.0987334713545,0.00764221713512,0.0336068644252,0.0267809798954,20,1,2,20,0.0027629336558,0.000248664029022,0.0027629336558,0.0270781363187,0.0259859089916,0.000393426324577,0.0027629336558,0.000248664029022,0.0027629336558,0.261285187557,0.473608631372,0.200099646755
735,0.253388440727,0.0269943261559,0.0787577395057,0.254018380304,0.0591033766977,0.00201669661063,0.0156254114308,0.0634498015475,0.0232123652606,0.122793063281,0.0516763867235,0.0489640117555,20,1,2,20,7.96535082303e-05,7.16881574073e-06,7.96535082303e-05,0.0279225752657,0.00190576603696,0.0062163344459,7.96535082303e-05,7.16881574073e-06,7.96535082303e-05,0.269179000429,0.488185147387,0.206258224771
736,0.0119369641612,0.0587276131227,0.222274441513,0.185986328911,0.112959724495,0.0158618471069,0.0855727871741,0.0695262371531,0.0109246180838,0.0594602077664,0.135463063179,0.0313061673334,20,1,2,20,0.000623005618271,5.60705056444e-05,0.000623005618271,0.0519317805653,0.00235385579327,0.00208872190277,0.000623005618271,5.60705056444e-05,0.000623005618271,0.0977312515738,0.59282265496,0.250467571721
737,0.230397174876,0.0118185948705,0.0657101675354,0.00616027014747,0.000900286011237,0.0419363777972,0.135344297145,0.229978425157,0.00825498213773,0.0045767023241,0.192153451033,0.0727692709652,20,1,2,20,0.000209427810259,1.88485029233e-05,0.000209427810259,0.0299911903568,0.00076523436062,0.000656390151131,0.000209427810259,1.88485029233e-05,0.000209427810259,0.270428331415,0.490181683986,0.207101761484
738,0.139615972547,0.0154202053064,0.104265715696,0.180863228464,0.0776379755069,0.0118182852493,0.026707721953,0.0888565348939,0.206396827036,0.0659158710882,0.0793461411382,0.00315552112089,20,1,2,20,0.000298311547023,2.68480392321e-05,0.000298311547023,0.000316460888927,6.09515875279e-05,0.000448725903085,0.000298311547023,2.68480392321e-05,0.000298311547023,0.278872220629,0.505486607188,0.213568091537
739,0.0378381594544,0.0172073132579,0.171018491297,0.0303416026368,0.000641308064516,0.17332913293,0.130971025796,0.0766715684945,0.0524378283328,0.0280911154775,0.266009587979,0.01544286628,20,1,2,20,2.31358957263e-05,2.08223061537e-06,2.31358957263e-05,1.44085335946e-05,3.37518160887e-05,3.77787296688e-06,2.31358957263e-05,2.08223061537e-06,2.31358957263e-05,0.279410008603,0.506461402552,0.213979942578
740,0.00217209783418,0.120891269054,0.0131859198439,0.0287696107787,0.351778649916,0.0374766817376,0.0140396924252,0.000763385243535,0.0103783947876,0.142431016824,0.00325450611892,0.274858775437,20,1,2,20,2.00278178329e-05,1.80250360496e-06,2.00278178329e-05,2.31793842055e-05,5.38330022704e-06,0.00047831525128,2.00278178329e-05,1.80250360496e-06,2.00278178329e-05,0.279286505451,0.506237539779,0.213885360557
741,0.051129030298,0.108045260532,0.218146997169,0.126393266373,0.0242526189253,0.0404311507345,0.0218968443074,0.174743524192,0.0591233347808,0.110507745661,0.0247405985528,0.0405896284754,20,1,2,20,0.000116924803946,1.05232323551e-05,0.000116924803946,0.00732276121626,0.00363087391555,2.95922309954e-05,0.000116924803946,1.05232323551e-05,0.000116924803946,0.211986413621,0.545899200939,0.230642412397
742,0.349851171506,0.0512402292051,0.0765791226033,0.0620637487826,0.0408159398939,0.106157251388,0.113700402363,0.0280415341363,0.0895679394787,0.0179956766125,0.051716147031,0.0122708369999,20,1,2,20,0.000850058373224,7.65052535901e-05,0.000850058373224,0.0480192587561,0.0371284279616,0.00809911838494,0.000850058373224,7.65052535901e-05,0.000850058373224,0.193793678937,0.49870388187,0.21070239009
743,0.303153821968,0.0523508879367,0.106402650376,0.0171713032892,0.0698439063233,0.126651262182,0.106755962312,0.00766866126152,0.0235329281411,0.116692590353,0.0463948255866,0.0233812002699,20,1,2,20,0.000263998389662,2.37598550696e-05,0.000263998389662,0.0340925094327,0.000336490692848,0.00428059641601,0.000263998389662,2.37598550696e-05,0.000263998389662,2.35614071594e-05,0.674983007931,0.285180320851
744,0.0650678466348,0.0727884886465,0.0772914483146,0.0350297206772,0.0372702353941,0.0134228893385,0.126729231675,0.0148409410994,0.340397571887,0.121485820245,0.0901895502333,0.00548625585463,20,1,2,20,0.00022657554794,2.03917993146e-05,0.00022657554794,0.000640938616046,0.000196471103777,0.00100777816745,0.00022657554794,2.03917993146e-05,0.00022657554794,0.278671242831,0.505122308254,0.213414175237
745,0.312373391592,0.215891543859,0.00196959054202,0.112629419039,0.00862095941375,0.0311064480758,0.0423774231626,0.114026612952,0.100176954394,0.00539912403928,0.0347786706479,0.020649862283,20,1,2,20,0.0141067556556,0.00126960800901,0.0141067556556,0.000312059483164,0.00192081221625,0.0101075690953,0.0141067556556,0.00126960800901,0.0141067556556,0.25952478608,0.470417247441,0.198751287044
746,0.0476701070281,0.206549597972,0.0397589420457,0.0721643845398,0.132328876275,0.0563370384073,0.0299197308476,0.052445271262,0.0294641213313,0.207890637292,0.0894536292775,0.0360176637209,20,1,2,20,6.41565455206e-05,5.77408909685e-06,6.41565455206e-05,0.000637425348794,0.00168478468032,0.000479197226268,6.41565455206e-05,5.77408909685e-06,6.41565455206e-05,0.278593748699,0.504981841607,0.213354828079
747,0.0156127061726,0.0908054868468,0.129195517924,0.0751431450218,0.00570281408208,0.0235801261473,0.0647019946151,0.0506487858654,0.458392826473,0.0306373262813,0.00292241098044,0.0526568595901,20,1,2,20,0.00211415011304,0.000190273510173,0.00211415011304,0.00518658796361,0.00420179955474,0.00348194441517,0.00211415011304,0.000190273510173,0.00211415011304,0.273385359299,0.495541062422,0.209366098873
748,0.074254573732,0.144836226446,0.0565557513193,0.0486101096411,0.0209755892346,0.0405936502333,0.055263169932,0.00660970959634,0.00473460557868,0.227425861951,0.260918308505,0.0592224438305,20,1,2,20,1.32010634753e-05,1.18809571277e-06,1.32010634753e-05,2.23394300822e-05,0.00011465628808,5.32000777125e-06,1.32010634753e-05,1.18809571277e-06,1.32010634753e-05,0.279396357422,0.506436658282,0.213969488124
749,0.0469882403918,0.0306194146731,0.157390920191,0.011257892579,0.026265779665,0.0783631999683,0.127233111166,0.122147436029,0.100370802773,0.0997017228937,0.173184973176,0.0264765064944,20,1,2,20,5.78489455045e-05,5.2064050954e-06,5.78489455045e-05,4.95034668045e-05,0.00026412730368,0.000128325043992,5.78489455045e-05,5.2064050954e-06,5.78489455045e-05,0.279260469011,0.506190345576,0.213865421006
750,0.0361413136546,0.0386332148892,0.10487715698,0.0899927078105,0.0621005254848,0.0525478710646,0.0990155689294,0.00485177275062,0.40451845481,0.0603082382393,0.0221810449123,0.0248321304748,20,1,2,20,0.000494909384536,4.45418446082e-05,0.000494909384536,0.0412625117131,0.0197259257313,0.000235203995959,0.000494909384536,4.45418446082e-05,0.000494909384536,0.261764158473,0.474476962292,0.200466516568
751,0.206239602079,0.0723473464646,0.0666757610892,0.00978929447096,0.0581402683096,0.102991147102,0.0817598556359,0.232163343803,0.00907240418827,0.037067599719,0.0638310471614,0.0599223299777,20,1,2,20,0.000280135686249,2.52122117625e-05,0.000280135686249,0.000913645131132,0.000129639503822,0.000235700944233,0.000280135686249,2.52122117625e-05,0.000280135686249,0.278766904945,0.505295706367,0.21348743594
752,0.00383064176486,0.038599562511,0.0266594067748,0.0429908220779,0.00211969324104,0.127472173387,0.207891868883,0.0327491291856,0.111338408962,0.0403907363601,0.179477081988,0.186480474864,20,1,2,20,6.82506466081e-05,6.14255819473e-06,6.82506466081e-05,0.0185578964806,0.00017897524951,0.00424589018826,6.82506466081e-05,6.14255819473e-06,6.82506466081e-05,0.101388765574,0.615355490197,0.259987694608
753,0.10230425925,0.0303915484735,0.0672591377526,0.159966575438,0.123064527635,0.0514646212703,0.129590945875,0.192129999602,0.0553965628565,0.0313324009552,0.0129257799907,0.0441736408998,20,1,2,20,0.00155139542088,0.00013962558788,0.00155139542088,0.107874857906,0.00182698528301,0.0032652614546,0.00155139542088,0.00013962558788,0.00155139542088,0.246069711022,0.446030475554,0.188447875921
754,0.0308076104822,0.00437296535786,0.0394087713942,0.0225966744512,0.0845577978707,0.0539981301995,0.0926314081152,0.243352574393,0.220078695647,0.0149046360648,0.181279063598,0.0120116724259,20,1,2,20,0.00110180887988,9.91627991893e-05,0.00110180887988,0.00275312477088,0.0011944197695,0.000228607323043,0.00110180887988,9.91627991893e-05,0.00110180887988,0.102886038277,0.624486642349,0.263845606393
755,0.0216050246591,0.023299163501,0.0358091863076,0.263788512241,0.404162688635,0.0107575051966,0.0572766074637,0.0971001131218,0.0237345795474,0.0473955901809,0.0135686947499,0.00150233439581,20,1,2,20,0.00292821285185,0.000263539156666,0.00292821285185,0.00138865279767,0.00247309275225,0.00156551709278,0.00292821285185,0.000263539156666,0.00292821285185,0.274514423777,0.49758761607,0.210230767789
756,0.0969750658335,0.00691891525111,0.236135044505,0.048845301989,0.22254711981,0.10729549641,0.0364268877062,0.0803637291889,0.00554440292003,0.0466438129685,0.0911895741438,0.0211146492745,20,1,2,20,0.000461233470188,4.15110123169e-05,0.000461233470188,0.00141056524013,0.00218642585967,0.000825084557782,0.000461233470188,4.15110123169e-05,0.000461233470188,0.277677021883,0.503320173325,0.21265277323
757,0.0835784098531,0.0917525309175,0.0114737992573,0.100655952268,0.0516247590622,0.109935391223,0.00962874010003,0.0971990331008,0.134017133903,0.201018690677,0.0280944571671,0.0810211024708,20,1,2,20,3.66371373841e-05,3.29734236457e-06,3.66371373841e-05,5.35813937501e-06,0.000410753398957,2.24904318313e-05,3.66371373841e-05,3.29734236457e-06,3.66371373841e-05,0.279286183919,0.506236956679,0.213885114197
758,0.0858536106164,0.219274540922,0.053593004776,0.0119908977842,0.151433320291,0.0145426280457,0.00879098138207,0.0170853839529,0.197584982382,0.205884039208,0.0105530580467,0.0234135525931,20,1,2,20,4.71729706175e-05,4.24556735557e-06,4.71729706175e-05,9.22930111616e-06,0.00012446445449,4.54278673936e-06,4.71729706175e-05,4.24556735557e-06,4.71729706175e-05,0.279357814518,0.506366795025,0.213939970898
759,0.138577388097,0.0720024447981,0.110834542272,0.0245219462442,0.0464658728414,0.260542550737,0.155198586505,0.0837525218914,0.0396751831921,0.0300256865722,0.0310286978344,0.00737457901588,20,1,2,20,0.0044289755496,0.000398607799464,0.0044289755496,0.00947181532215,0.00412869841391,0.00493018617312,0.0044289755496,0.000398607799464,0.0044289755496,0.269099531156,0.487772689727,0.20608396141
760,0.378857004721,0.00777709100999,0.0183948098512,0.0578519928564,0.00208694576638,0.0547028213403,0.0311752163278,0.0452862876836,0.179600776106,0.0784101809738,0.120379394257,0.025477479107,20,1,2,20,0.000284862585978,2.5637632738e-05,0.000284862585978,0.00775006131225,0.00923803251963,0.000282712854199,0.000284862585978,2.5637632738e-05,0.000284862585978,0.101887564168,0.61838376347,0.261267140066
761,0.0361650481606,0.0834116610953,0.0510086089547,0.0193486366668,0.0296996962355,0.0122464534828,0.157327767479,0.017213593867,0.243825258912,0.158047257021,0.189011265471,0.00269475265454,20,1,2,20,0.000203681150946,1.83313035852e-05,0.000203681150946,0.00168537010206,0.000171349765691,0.00159131874143,0.000203681150946,1.83313035852e-05,0.000203681150946,0.213643762749,0.549776317351,0.232280494081
762,0.0394886708848,0.00581316527629,0.11256547301,0.0838379803285,0.0535787139231,0.210526624326,0.105026886442,0.0299828087763,0.028384660934,0.142642941478,0.109817636419,0.0783344382021,20,1,2,20,0.000506819178045,4.5613726024e-05,0.000506819178045,0.0128388346593,0.00217712640487,0.000537435711748,0.000506819178045,4.5613726024e-05,0.000506819178045,0.274513107716,0.497585231173,0.210229760171
763,0.0106958331314,0.0526157908305,0.041422598985,0.16197516243,0.115938647607,0.352545188931,0.0103563883542,0.163418967387,0.00104984735364,0.0125046908446,0.00997528063233,0.0675016035138,20,1,2,20,0.000118425961298,1.06583365168e-05,0.000118425961298,0.0270803977774,0.000457450924266,0.000292516758238,0.000118425961298,1.06583365168e-05,0.000118425961298,0.270932304975,0.492613222529,0.208129086518
764,0.0960445595525,0.00537636672524,0.0479820618066,0.0982727878523,0.0402006237899,0.000153298036194,0.0561869094769,0.335768449892,0.0576361386158,0.0212757504292,0.230617420402,0.0104856334214,20,1,2,20,0.000285988047732,2.57389242959e-05,0.000285988047732,0.0234789927646,0.000457674464076,0.000422856108789,0.000285988047732,2.57389242959e-05,0.000285988047732,0.209082791327,0.538040249769,0.227322005527
765,0.00682540975432,0.00980254394096,0.0964332473567,0.0840957122916,0.119125983696,0.0637539910958,0.16470667821,0.0310420600358,0.0107865137433,0.275852440351,0.103226803236,0.0343486162881,20,1,2,20,6.82516657105e-05,6.14264991394e-06,6.82516657105e-05,0.00860603876005,0.00436504965979,5.99955203958e-05,6.82516657105e-05,6.14264991394e-06,6.82516657105e-05,0.275730266155,0.499791464282,0.211161893659
766,0.0260835625532,0.151092866822,0.0454910392509,0.197525438328,0.0910764817796,0.107831495652,0.0295623568967,0.0767712900594,0.0248057085761,0.0843163990032,0.128291282927,0.0371520781527,20,1,2,20,0.000235642081132,2.12077873019e-05,0.000235642081132,0.0243592925808,0.00222772303266,0.00554604561829,0.000235642081132,2.12077873019e-05,0.000235642081132,0.270196659002,0.489761192174,0.206924103693
767,0.0109623398187,0.025597521402,0.0176627640664,0.0486133147021,0.17760820529,0.0392249328676,0.00551141207585,0.0615667952676,0.040078730381,0.353216827941,0.139550737087,0.0804064190998,20,1,2,20,4.43602816631e-05,3.99242534968e-06,4.43602816631e-05,0.000693276551334,0.000125706260519,9.69943906462e-05,4.43602816631e-05,3.99242534968e-06,4.43602816631e-05,0.279143759208,0.505978796213,0.2137760414
768,0.0220567290961,0.00820036243951,0.128454357135,0.0827580698841,0.00724404141627,0.0136448691953,0.185581302529,0.335279065834,0.0226548294837,0.111968883547,0.0403822756177,0.0417752138216,20,1,2,20,0.000518711333448,4.66840200103e-05,0.000518711333448,0.00668583669622,0.000180298513714,0.0020585872526,0.000518711333448,4.66840200103e-05,0.000518711333448,0.276351609925,0.50091771827,0.211637735969
769,0.09304907457,0.0537610820242,0.0162556306927,0.00290719153636,0.0344524277341,0.0043655134982,0.018524551531,0.185016141401,0.184217877721,0.0557047595443,0.23225081794,0.119494931807,20,1,2,20,0.00019022341486,1.71201073374e-05,0.00019022341486,0.00418520605878,0.000141959473162,0.000528960028642,0.00019022341486,1.71201073374e-05,0.00019022341486,0.277872264429,0.503674148426,0.21280232771
770,0.365913754944,0.146473992302,0.0209703391854,0.00836017389851,0.0980479521127,0.0433002852367,0.0496851003229,0.0213404210689,0.089395047928,0.0511805136343,0.0277829564082,0.0775494629583,20,1,2,20,0.000513044758677,4.61740282809e-05,0.000513044758677,0.00130637399441,0.00107820789521,0.000260085715206,0.000513044758677,4.61740282809e-05,0.000513044758677,0.213540092604,0.549504894693,0.232165818008
771,0.0654610441856,0.0283570657735,0.103873744235,0.00114231152825,0.0595349322575,0.315772457348,0.0936698453461,0.0816807331798,0.197476946412,0.03767830558,0.00530882656892,0.0100437875858,20,1,2,20,0.00330538113233,0.000297484301909,0.00330538113233,0.0151720941442,0.042615514359,0.00726912241954,0.00330538113233,0.000297484301909,0.00330538113233,0.257410303472,0.466584514919,0.197131957553
772,0.0887881864584,0.159065598894,0.139742337887,0.0205016276398,0.0379705885277,0.0513820904911,0.030656913504,0.00792860102894,0.0107546660818,0.16445234453,0.260645183929,0.0281118610283,20,1,2,20,0.119459903693,0.0107513913323,0.119459903693,0.127050928888,0.0827210466526,0.290885626833,0.119459903693,0.0107513913323,0.119459903693,4.26368257235e-11,1.04577371074e-10,4.41839392787e-11
773,0.00536666681946,0.0140842986841,0.108093030461,0.0658505668384,0.0911894144813,0.00786737104803,0.0374349342413,0.0514311104608,0.268860283356,0.0487871428775,0.282072977492,0.0189622032407,20,1,2,20,0.000337470659707,3.03723593736e-05,0.000337470659707,0.00708501826951,0.000367534309899,0.00464852982206,0.000337470659707,3.03723593736e-05,0.000337470659707,0.102409388126,0.621496591997,0.262582310119
774,0.0472019358558,0.0264742681107,0.0211853396448,0.0341225361615,0.0573068991892,0.124813907392,0.0160651388355,0.0712068670541,0.423825758545,0.0311978847548,0.0492883326881,0.0973111317685,20,1,2,20,6.20937808855e-05,5.5884402797e-06,6.20937808855e-05,1.62955243995e-06,4.19404577498e-05,7.76230291248e-06,6.20937808855e-05,5.5884402797e-06,6.20937808855e-05,0.279364670929,0.506379223025,0.213945221728
775,0.0680668406853,0.0630310246974,0.103526479156,0.0245410444884,0.191564977827,0.079402869582,0.0688492605296,0.173371498138,0.106664295201,0.0144797724741,0.101368012016,0.00513392520542,20,1,2,20,0.000710278182667,6.392503644e-05,0.000710278182667,0.00117236109931,0.000862787502971,0.000626203974695,0.000710278182667,6.392503644e-05,0.000710278182667,0.213358236784,0.549041439603,0.231970008232
776,0.0501353633964,0.0869112044359,0.165497533588,0.12102597084,0.0526686806455,0.0104292936962,0.0547948687655,0.00284100655636,0.0949828786926,0.140123010513,0.0404074155461,0.180182773324,20,1,2,20,4.85091400376e-05,4.36582260338e-06,4.85091400376e-05,0.000120607492998,6.4113217846e-05,0.000210427117362,4.85091400376e-05,4.36582260338e-06,4.85091400376e-05,0.279284458737,0.506233831445,0.213883793785
777,0.0652860841353,0.0232709209097,0.0485756785498,0.0106458000288,0.0537720806725,0.103358865749,0.0307502475421,0.273095905604,0.00525149474832,0.0816412452523,0.129654146341,0.174697530467,20,1,2,20,2.06879788391e-05,1.86191809552e-06,2.06879788391e-05,2.1770187105e-05,2.84434480587e-05,1.30403101672e-06,2.06879788391e-05,1.86191809552e-06,2.06879788391e-05,0.279412985434,0.506466798698,0.21398222245
778,0.209468395659,0.0177966110924,0.0663317542211,0.0305168327468,0.0132996296369,0.136079869697,0.0141636419196,0.23030451049,0.057320188713,0.0551920412502,0.0614086356153,0.108117888959,20,1,2,20,3.24251171545e-05,2.91826054391e-06,3.24251171545e-05,3.94713771592e-06,2.80149684229e-05,6.02986842319e-06,3.24251171545e-05,2.91826054391e-06,3.24251171545e-05,0.279403055095,0.506448798552,0.213974617388
779,0.00150925443678,0.0088594984624,0.00261394246527,0.0769857499016,0.0101168368644,0.0114752074518,0.15302806173,0.364584295831,0.189979298917,0.0575012936065,0.0997094213943,0.0236371389396,20,1,2,20,0.000288540237803,2.59686214022e-05,0.000288540237803,0.000566264534808,0.000416511314659,0.000480009489853,0.000288540237803,2.59686214022e-05,0.000288540237803,0.278705724397,0.505184809891,0.213440582179
780,0.0341634235285,0.197412210866,0.0321469043595,0.111526635454,0.139357088909,0.0309411318594,0.100311760863,0.270013698609,0.0366940426589,0.0070759907865,0.0200310673417,0.0203260447639,20,1,2,20,0.0274181940864,0.00246763746777,0.0274181940864,0.00532705310176,0.019298843072,0.00308221322907,0.0274181940864,0.00246763746777,0.0274181940864,0.23968107662,0.43444833933,0.183554423367
781,0.230188150311,0.0406584155316,0.0370177722203,0.0179538453404,0.13453400886,0.0347528167712,0.0210035173729,0.0091614155871,0.146904890189,0.0367464678818,0.168505598718,0.122573101217,20,1,2,20,8.62331863898e-05,7.76098677508e-06,8.62331863898e-05,0.000257736689346,0.000224778594928,0.000282519127613,8.62331863898e-05,7.76098677508e-06,8.62331863898e-05,0.279137028353,0.505966595793,0.213770886723
782,0.0286557700533,0.0684031493419,0.0484154576304,0.187511199527,0.0236030173107,0.0395343911243,0.0163801434827,0.0237313384983,0.0255533714798,0.140597943976,0.0490233222433,0.348590895333,20,1,2,20,8.69016279516e-06,7.82114651564e-07,8.69016279516e-06,4.7775839138e-06,0.000179096733452,2.56595901164e-06,8.69016279516e-06,7.82114651564e-07,8.69016279516e-06,0.279389295965,0.506423858614,0.213964080264
783,0.030169812577,0.0180159911197,0.163011206419,0.01370219968,0.0716982408117,0.231184163274,0.00945458647856,0.0693274255286,0.0828242807261,0.0192946649806,0.246076492618,0.0452409357868,20,1,2,20,8.30518330726e-05,7.47466497653e-06,8.30518330726e-05,0.00868061299573,0.0101519498495,5.00041162507e-05,8.30518330726e-05,7.47466497653e-06,8.30518330726e-05,0.101801189409,0.61790445481,0.261064632157
784,0.0585578137091,0.0288985847335,0.147682546111,0.00707619092199,0.0473812465423,0.0575039581183,0.306292999404,0.108925543349,0.00887314357012,0.0385928796387,0.00448551584131,0.185729578061,20,1,2,20,3.2854539996e-05,2.95690859964e-06,3.2854539996e-05,1.45431784814e-06,4.24041319085e-05,4.1479487321e-06,3.2854539996e-05,2.95690859964e-06,3.2854539996e-05,0.279399754937,0.506442816652,0.213972090035
785,0.0483139558733,0.300366210012,0.0339778948244,0.2084714982,0.0862444537483,0.133992949855,0.0245498412329,0.011449941024,0.0530528059478,0.0831732261464,0.00605478934637,0.010352433789,20,1,2,20,0.0015662967762,0.000140966709858,0.0015662967762,0.0953148034517,0.00265859396407,0.00436649956157,0.0015662967762,0.000140966709858,0.0015662967762,0.249022195305,0.451381924213,0.19070886298
786,0.140551140867,0.0192221249952,0.202672514192,0.0846363410774,0.0337703819429,0.00717533331922,0.153963059677,0.0135025337249,0.0143431643877,0.156836908647,0.0788436453466,0.0944828518234,20,1,2,20,1.99616461624e-05,1.79654815461e-06,1.99616461624e-05,8.92269015994e-06,0.000282712592229,4.23646922378e-05,1.99616461624e-05,1.79654815461e-06,1.99616461624e-05,0.279334893875,0.506325248836,0.213922417633
787,0.126540035636,0.0701400679258,0.0159304014954,0.115951993227,0.0602607768959,0.147166987621,0.0241596908696,0.0484248491938,0.269078373044,0.011243287119,0.0426470161786,0.068456520794,20,1,2,20,1.64664403757e-05,1.48197963381e-06,1.64664403757e-05,0.00419491327825,0.00139034442477,2.1631704336e-05,1.64664403757e-05,1.48197963381e-06,1.64664403757e-05,2.43642353052e-05,0.698980609235,0.295319307402
788,0.0416537540056,0.107359697532,0.0393271512393,0.00847528311052,0.0297533775619,0.062761846226,0.0483064003477,0.192231455443,0.186590913297,0.0274519564574,0.245752906646,0.0103352581336,20,1,2,20,2.28044067155e-05,2.0523966044e-06,2.28044067155e-05,1.57016973859e-06,4.19828153403e-06,0.000119131016184,2.28044067155e-05,2.0523966044e-06,2.28044067155e-05,0.279390006685,0.506425146873,0.213964624554
789,0.0592174979767,0.143464285116,0.0120075902355,0.0195333100883,0.0565033447444,0.210906055613,0.0196703756077,0.0591649606682,0.0863314231239,0.184585108438,0.131962755128,0.0166532932595,20,1,2,20,7.42951857518e-05,6.68656671767e-06,7.42951857518e-05,0.000237609395551,8.79076070474e-05,8.64047961524e-05,7.42951857518e-05,6.68656671767e-06,7.42951857518e-05,0.279249651087,0.506170736898,0.21385713634
790,0.0515897114486,0.0953500053262,0.089734534082,0.170896901879,0.0984767396642,0.288910289953,0.00754528114149,0.0158353795267,0.0493247871121,0.0439928961137,0.0338048918671,0.054538581885,20,1,2,20,0.000269236804648,2.42313124184e-05,0.000269236804648,0.106921615206,0.0115571501676,0.00189516094013,0.000269236804648,2.42313124184e-05,0.000269236804648,0.0911891827782,0.553470285458,0.233841195606
791,0.00051788035444,0.0636826028766,0.0912065485731,0.149695160872,0.097011896382,0.0306432129891,0.284832561636,0.0404018524841,0.0609250702068,0.0437590867915,0.0706358385772,0.0666882882569,20,1,2,20,0.000119254838907,1.07329355017e-05,0.000119254838907,0.000110143527775,9.54307495003e-05,0.00231231494366,0.000119254838907,1.07329355017e-05,0.000119254838907,0.278608617524,0.50500879299,0.213366215038
792,0.0710565477389,0.108952980041,0.235254648737,0.181317205634,0.070976378936,0.0105514514406,0.0240932829792,0.10588214346,0.0271572319742,0.0339498620728,0.0444860080316,0.0863222589543,20,1,2,20,0.00116539614823,0.00010488565334,0.00116539614823,0.0556781693952,0.0073194853573,0.00229187011082,0.00116539614823,0.00010488565334,0.00116539614823,0.259844981161,0.470997636609,0.198996501467
793,0.0297188523725,0.145278852067,0.140393057948,0.00413213417441,0.156248985678,0.0470482667669,0.237999557799,0.0266992665064,0.0158989432628,0.0513196021262,0.106586899844,0.0386755814535,20,1,2,20,0.000570080002465,5.13072002218e-05,0.000570080002465,0.00353907773871,0.00175850317902,0.000590651247685,0.000570080002465,5.13072002218e-05,0.000570080002465,0.277140157728,0.502347047941,0.212241627755
794,0.291222340849,0.00978776909275,0.100164758666,0.123196536112,0.148053526273,0.0384910432991,0.00877814125943,0.0805867749803,0.168833410404,0.000974964245702,0.0220031195167,0.00790761530191,20,1,2,20,0.0388226685416,0.00349404016874,0.0388226685416,0.0274630790384,0.111541309202,0.00373815396168,0.0388226685416,0.00349404016874,0.0388226685416,0.194212874485,0.352032217089,0.14873361172
795,0.186017780685,0.0992776969496,0.0902120652344,0.335013459522,0.0147490451341,0.0160100297816,0.00963905808438,0.0298112798494,0.147878062167,0.0173151771427,0.0351140289596,0.0189623164906,20,1,2,20,0.00596070507921,0.000536463457129,0.00596070507921,0.000357678434579,0.000445001422069,0.00236796732235,0.00596070507921,0.000536463457129,0.00596070507921,0.271602761636,0.492309907876,0.208000936078
796,0.00327648673522,0.0101069799638,0.032774937217,0.0448180880666,0.224226189259,0.0720340840284,0.18414648176,0.0805623971476,0.0675763956423,0.138092611127,0.132113004808,0.0102723442444,20,1,2,20,5.96564646036e-05,5.36908181433e-06,5.96564646036e-05,0.00483215405162,0.00592797509868,0.00012292916692,5.96564646036e-05,5.36908181433e-06,5.96564646036e-05,0.276340540701,0.500897741272,0.211629295688
797,0.0509321933846,0.0595667620274,0.0104284746224,0.00482778180432,0.0712428651604,0.110545143848,0.246748833079,0.0634542163881,0.244623184272,0.121769371474,0.00302787636663,0.0128332975746,20,1,2,20,0.0017769585897,0.000159926273073,0.0017769585897,0.03048268239,0.00167208593463,0.00458399372009,0.0017769585897,0.000159926273073,0.0017769585897,0.267109165429,0.484164770209,0.204559615413
798,0.0895214392488,0.0729679130635,0.037883297934,0.18348987013,0.0527310146997,0.189352996931,0.0159399810996,0.184978299714,0.00548035723375,0.0937991306012,0.0639517016825,0.00990399766239,20,1,2,20,0.000478524473124,4.30672025812e-05,0.000478524473124,0.000990388996126,0.000299151862503,0.00100900387816,0.000478524473124,4.30672025812e-05,0.000478524473124,0.213646771891,0.549774658049,0.232279793026
799,0.00803897318824,0.166393755405,0.069629164541,0.0635313677071,0.184397070294,0.0574515568042,0.0287083133287,0.0449519836706,0.0998860353226,0.104499316569,0.0506112803917,0.121901182779,20,1,2,20,4.45395844127e-05,4.00856259714e-06,4.45395844127e-05,1.80987613183e-05,6.81794604803e-05,9.36479333068e-05,4.45395844127e-05,4.00856259714e-06,4.45395844127e-05,0.279349240369,0.506351253436,0.213933404577
800,0.156338208533,0.0114124840146,0.0745041192879,0.0154731094733,0.0237687172898,0.0564181108383,0.178721458121,0.197492997101,0.134990017972,0.0893301240986,0.0384323360442,0.0231183172259,20,1,2,20,0.000609475082037,5.48527573834e-05,0.000609475082037,0.0679062446043,0.00214834898837,0.00197526847983,0.000609475082037,5.48527573834e-05,0.000609475082037,0.258610254824,0.4687608276,0.198051449661
801,0.0911594656924,0.0555724083727,0.162982148636,0.225040252483,0.183043506317,0.00598654548166,0.0673580622401,0.0964201049546,0.0599993297557,0.0206786562829,0.0218528559474,0.00990666383732,20,1,2,20,0.00367349578605,0.000330614620745,0.00367349578605,0.0082813866407,0.0249255968216,0.00683714757966,0.00367349578605,0.000330614620745,0.00367349578605,0.263970115752,0.478474896886,0.202155643934
802,0.0214141594925,0.0903912391777,0.0433381404654,0.0634310811999,0.00761270246551,0.011955869108,0.0683926900444,0.13994341746,0.0729947088512,0.155094028345,0.138489178709,0.186942784681,20,1,2,20,4.27128239765e-05,3.84415415788e-06,4.27128239765e-05,0.000146040881041,0.000136918305511,3.14983061954e-05,4.27128239765e-05,3.84415415788e-06,4.27128239765e-05,0.279313779231,0.50628697622,0.213906247453
803,0.017460879345,0.00599323090272,0.138249554449,0.0379324163259,0.233448166932,0.00146904814658,0.209339745423,0.0389218211359,0.00212222134693,0.165087314595,0.121645800518,0.0283298008794,20,1,2,20,2.64637012701e-05,2.38173311431e-06,2.64637012701e-05,5.55806745835e-06,0.000156220446215,1.36116472368e-06,2.64637012701e-05,2.38173311431e-06,2.64637012701e-05,0.279375045925,0.506398028911,0.213953167215
804,0.0672954158553,0.0110325701954,0.0154672926818,0.049699583848,0.117716214794,0.285484108915,0.0146652813496,0.0242467797349,0.0132395503703,0.00251025852341,0.349884688086,0.0487582556456,20,1,2,20,1.21805822073e-05,1.09625239866e-06,1.21805822073e-05,1.22331969533e-05,0.000879845075111,0.000135154890035,1.21805822073e-05,1.09625239866e-06,1.21805822073e-05,0.279150257906,0.505990575816,0.213781018282
805,0.0206675403519,0.168733719447,0.0461843993802,0.0575067477012,0.00563590611232,0.0797710072109,0.0503733876765,0.184118624241,0.0815635882567,0.140178322486,0.157741157598,0.00752559953906,20,1,2,20,0.000696133558664,6.26520202798e-05,0.000696133558664,0.00370737986992,0.00238046955058,0.000493662953838,0.000696133558664,6.26520202798e-05,0.000696133558664,0.102812453775,0.624039504798,0.263656690777
806,0.0306302631366,0.019603342527,0.165183107542,0.144467840511,0.0773804013769,0.0312085891009,0.115906284873,0.0200924468428,0.216799498555,0.0393370885703,0.00845216976821,0.130938967197,20,1,2,20,0.00116578051289,0.00010492024616,0.00116578051289,0.0093589596127,0.00120265029343,0.00522215995791,0.00116578051289,0.00010492024616,0.00116578051289,2.40319242064e-05,0.68844937481,0.290869860857
807,0.0625841990446,0.0464481441876,0.00101290986522,0.259157019932,0.0354651332265,0.114547072397,0.0607451089658,0.138530653706,0.0769276871152,0.00148627051991,0.0316309632538,0.171464837786,20,1,2,20,8.15161358578e-05,7.3364522272e-06,8.15161358578e-05,0.000101277552606,0.000337489271414,0.00211293151501,8.15161358578e-05,7.3364522272e-06,8.15161358578e-05,0.278643252375,0.50507157247,0.213392739369
808,0.0561841265003,0.0121551537145,0.0805646883384,0.116520085833,0.243821662869,0.101529563285,0.179625478453,0.0482724719473,0.101027196558,0.0347158725153,0.00909397795305,0.0164897220332,20,1,2,20,0.00393357399979,0.000354021659981,0.00393357399979,0.0432219201223,0.00515919763211,0.0212784873692,0.00393357399979,0.000354021659981,0.00393357399979,0.255390192841,0.462922926338,0.195584936378
809,0.141306415028,0.0636295693157,0.0341941799255,0.081639960439,0.0480991475235,0.0254160048889,0.0103021142933,0.145464176917,0.0812476148604,0.172796557686,0.15747328845,0.0384309706726,20,1,2,20,4.89792763746e-05,4.40813487372e-06,4.89792763746e-05,0.000149984956899,0.000212607933819,8.91995597974e-05,4.89792763746e-05,4.40813487372e-06,4.89792763746e-05,0.279268080874,0.506204142917,0.213871250383
810,0.0518897455662,0.0739152829218,0.020163892675,0.257179112829,0.0813540121758,0.00483102169779,0.119327242474,0.108378611845,0.0377050005518,0.0258748602878,0.089707373049,0.129673843926,20,1,2,20,0.000121699012801,1.09529111521e-05,0.000121699012801,0.0128519214246,0.000241033782713,0.000119218752017,0.000121699012801,1.09529111521e-05,0.000121699012801,0.211396869012,0.544732692552,0.230149562603
811,0.0074379402149,0.0209518733186,0.00658130215015,0.00882935819035,0.0680364798112,0.194839577564,0.0210684558767,0.00334905273302,0.387752703028,0.0125092142469,0.212903513627,0.0557405292387,20,1,2,20,7.42903757362e-06,6.68613381626e-07,7.42903757362e-06,1.30633794023e-06,1.14621228973e-06,1.2804428191e-06,7.42903757362e-06,6.68613381626e-07,7.42903757362e-06,0.279441826928,0.506519076768,0.214004309934
812,0.108383768405,0.100500803711,0.0135142216344,0.176430990787,0.193645575933,0.0754928106115,0.119822644543,0.1167593507,0.00121065266837,0.0671022686717,0.00372550533195,0.0234114070032,20,1,2,20,0.00156411761072,0.000140770584965,0.00156411761072,0.00106721339153,0.000451499184229,0.000355395711573,0.00156411761072,0.000140770584965,0.00156411761072,0.212779113391,0.547492981869,0.23131578484
813,0.0592369203488,0.0824958498142,0.0817380221841,0.0183193497537,0.171357924755,0.0239063040198,0.0159605102261,0.158205860616,0.261172306166,0.0614708335935,0.0196481863834,0.0464879321396,20,1,2,20,0.000463784739105,4.17406265195e-05,0.000463784739105,0.000290240835346,0.00360822359411,4.20147850251e-05,0.000463784739105,4.17406265195e-05,0.000463784739105,0.277808624598,0.503558717735,0.212753558243
814,0.215370233445,0.0877631434676,0.0181410368631,0.031057683881,0.0332958146651,0.0011423804112,0.245858253322,0.00459450376514,0.102270542562,0.139195802948,0.0756165453361,0.0456940593342,20,1,2,20,2.6776792759e-05,2.40991134831e-06,2.6776792759e-05,1.81324227972e-05,7.04933222043e-05,6.32412032098e-06,2.6776792759e-05,2.40991134831e-06,2.6776792759e-05,0.279393735974,0.50643190662,0.213967480547
815,0.0267970492221,0.0711133667261,0.143590418456,0.193190790133,0.013029844696,0.0551659693371,0.0433966418092,0.0540312631955,0.103497878099,0.104875347512,0.181881533122,0.00942989769131,20,1,2,20,7.21653565735e-05,6.49488209162e-06,7.21653565735e-05,0.000126343966061,0.000223668952348,0.00010715388839,7.21653565735e-05,6.49488209162e-06,7.21653565735e-05,0.279239495169,0.506152328178,0.213849358655
816,0.318071213389,0.0499822862177,0.0735477966687,0.0367361215798,0.0609442072825,0.0811442472751,0.0508134771644,0.142542874143,0.00285356552952,0.0352546051668,0.0990422345888,0.0490673709945,20,1,2,20,0.000573180365719,5.15862329147e-05,0.000573180365719,0.00524735064516,0.00507495078372,0.000902680901536,0.000573180365719,5.15862329147e-05,0.000573180365719,0.275645173067,0.499637223673,0.211096727002
817,0.0529821391034,0.0960120466003,0.0459154258373,0.0549237937946,0.0656774210238,0.00450522558855,0.19916734826,0.00838826488012,0.109971373686,0.0555508397154,0.227709098404,0.0791970231071,20,1,2,20,4.78837392303e-05,4.30953653073e-06,4.78837392303e-05,0.000310469082788,7.95454838139e-05,5.48006085207e-06,4.78837392303e-05,4.30953653073e-06,4.78837392303e-05,0.279285093093,0.506234979438,0.213884278812
818,0.0539095872822,0.09105153031,0.0778219032343,0.129177134978,0.0656823562849,0.0157019967509,0.0291271702484,0.29745020475,0.014139437812,0.0193063908688,0.0612953574987,0.145336929982,20,1,2,20,3.28565572095e-05,2.95709014885e-06,3.28565572095e-05,2.73185662789e-06,3.85585282621e-06,0.000158362610458,3.28565572095e-05,2.95709014885e-06,3.28565572095e-05,0.279367072421,0.506383575993,0.213947060857
819,0.0755942801505,0.0383055105028,0.00607119326304,0.0649165568392,0.00821497975154,0.122227811059,0.00448943499598,0.0743798928553,0.0971824554867,0.168094938029,0.0894853732579,0.251037573809,20,1,2,20,3.18778861427e-05,2.86900975284e-06,3.18778861427e-05,0.000131994283175,0.000109309067035,0.000138366054425,3.18778861427e-05,2.86900975284e-06,3.18778861427e-05,0.279308212033,0.50627688506,0.213901983938
820,0.0395612928846,0.121198337504,0.224460719275,0.0397478673535,0.226202591293,0.130307140354,0.00483986843822,0.0150550984314,0.0638790868079,0.0282897983219,0.0305092074409,0.0759489918957,20,1,2,20,0.000293564044867,2.6420764038e-05,0.000293564044867,0.037375331962,0.00650598836465,0.00058819343893,0.000293564044867,2.6420764038e-05,0.000293564044867,0.2666812797,0.483389883182,0.204232225644
821,0.00101637258,0.0465499816653,0.0093374785946,0.348958782712,0.0503840203553,0.026498070143,0.0697758641415,0.1011584173,0.170170099382,0.0272165048273,0.0525272871615,0.0964071211374,20,1,2,20,0.000198125539154,1.78312985239e-05,0.000198125539154,0.00154022033151,0.00767734989899,0.000193018425632,0.000198125539154,1.78312985239e-05,0.000198125539154,0.276590312543,0.501350393004,0.211820541044
822,0.0303396625503,0.241929181922,0.0373492103193,0.0530660188747,0.111023044207,0.135309484153,0.0649682621421,0.121980321236,0.0106814175906,0.0319509374378,0.144851839571,0.0165506199964,20,1,2,20,7.29291850301e-05,6.56362665271e-06,7.29291850301e-05,3.67473968024e-06,0.000166964671805,1.04469283104e-05,7.29291850301e-05,6.56362665271e-06,7.29291850301e-05,0.279315754049,0.506290555795,0.213907759823
823,0.010025675799,0.0119558516413,0.0538514540267,0.0862848261245,0.370052159162,0.0231627149329,0.0513238694602,0.180605471787,0.0189762590589,0.0581448147356,0.0563429618924,0.0792739413801,20,1,2,20,0.000287291639132,2.58562475219e-05,0.000287291639132,0.00155542606549,0.000868656634802,3.99631749961e-05,0.000287291639132,2.58562475219e-05,0.000287291639132,0.213779929647,0.550126640018,0.232428505408
824,0.125674173479,0.1375451007,0.0569990854063,0.155139166461,0.0337593568167,0.0114722896786,0.0609375263957,0.109403695718,0.0647442760765,0.133998410922,0.0485883075031,0.0617386108434,20,1,2,20,3.02955363601e-05,2.72659827241e-06,3.02955363601e-05,2.93337312801e-06,4.62690110266e-05,3.30566031479e-06,3.02955363601e-05,2.72659827241e-06,3.02955363601e-05,0.279401486136,0.506445954641,0.213973415836
825,0.400750851664,0.0108775243373,0.0496273839162,0.07637077339,0.130090778301,0.0787169138502,0.000549242464667,0.0127273440826,0.0247480247691,0.12790947032,0.0685714471854,0.019060245719,20,1,2,20,0.00013705005956,1.23345053604e-05,0.00013705005956,0.000289265533754,0.000489593323885,4.82516736784e-05,0.00013705005956,1.23345053604e-05,0.00013705005956,0.279060321516,0.505827556206,0.213712142497
826,0.000872067979616,0.0132573179421,0.0129742338091,0.080150770564,0.0176158042831,0.117412670557,0.129035394744,0.103669791691,0.107471338799,0.125989554556,0.225478168446,0.0660728866288,20,1,2,20,2.09718818222e-05,1.887469364e-06,2.09718818222e-05,9.6439919064e-05,0.00070571864832,6.79934464951e-05,2.09718818222e-05,1.887469364e-06,2.09718818222e-05,0.279183885294,0.506051529158,0.213806771069
827,0.190214488529,0.00616090419524,0.00825619112054,0.0412897534714,0.122300917827,0.0462970231491,0.125841277986,0.232710991172,0.002028144436,0.0591135676451,0.0857521685377,0.0800345719296,20,1,2,20,0.000338799203353,3.04919283018e-05,0.000338799203353,0.0014776008789,0.000245636820136,0.00069136942365,0.000338799203353,3.04919283018e-05,0.000338799203353,0.213744327529,0.550035068315,0.232389816363
828,0.06454071182,0.0437272689761,0.0143105896134,0.0175797261494,0.0770063817469,0.0209410982166,0.257592022424,0.0116072718609,0.0712426425913,0.130354917043,0.0711841986906,0.219913170867,20,1,2,20,4.78309306732e-06,4.30478376059e-07,4.78309306732e-06,1.20808806408e-06,1.49152044974e-05,2.22692468325e-06,4.78309306732e-06,4.30478376059e-07,4.78309306732e-06,0.279440832869,0.506517274927,0.214003548657
829,0.0081912631814,0.044207493987,0.253798380391,0.0271167575696,0.0432775490088,0.012398404397,0.0049732771338,0.217235740557,0.030909889706,0.0506038365931,0.116918761069,0.190368646407,20,1,2,20,0.000131509042156,1.18358137941e-05,0.000131509042156,0.00176674529058,0.00240895407431,2.88668809206e-05,0.000131509042156,1.18358137941e-05,0.000131509042156,0.213549488894,0.549522838006,0.232173399058
830,0.0806263236006,0.298603310989,0.0896909052652,0.0988632611828,0.0278687325001,0.0507869546461,0.0140608370772,0.0966993826307,0.0352462596921,0.0835962455518,0.122191420765,0.00176636609892,20,1,2,20,0.000121407187639,1.09266468875e-05,0.000121407187639,0.0419871260442,0.0111913067801,0.000224954793908,0.000121407187639,1.09266468875e-05,0.000121407187639,0.0982015353301,0.596054548336,0.251833046672
831,0.0686150406523,0.0466200917847,0.0115062873279,0.0549891485637,0.168040161357,0.109418438474,0.0320670047388,0.00460475260344,0.0798130309671,0.0761755370107,0.0450234356579,0.303127070862,20,1,2,20,3.53901833874e-05,3.18511650487e-06,3.53901833874e-05,6.70853950598e-05,5.17268078886e-05,4.2481439001e-05,3.53901833874e-05,3.18511650487e-06,3.53901833874e-05,0.279365134737,0.506380063729,0.213945576925
832,0.157519011249,0.0143608281147,0.0120052521976,0.128148797029,0.0734895328171,0.0696266966306,0.0298593679435,0.134118012026,0.0728253381649,0.0225087625281,0.220040768691,0.0654976326088,20,1,2,20,0.000320462363055,2.88416126749e-05,0.000320462363055,0.00259229205043,0.000754087951248,0.000448966472852,0.000320462363055,2.88416126749e-05,0.000320462363055,0.278016598104,0.503935692614,0.21291283013
833,0.0974467440773,0.00192425681013,0.0411637585907,0.055545229783,0.0684535492043,0.0365569906113,0.0132925901135,0.104803683218,0.344299686519,0.0017333220271,0.025082225345,0.209697963701,20,1,2,20,0.000384812678426,3.46331410584e-05,0.000384812678426,0.00101363711093,0.000253728043952,0.000111234064874,0.000384812678426,3.46331410584e-05,0.000384812678426,0.213927117073,0.550499660254,0.232586106457
834,0.0400710542198,0.0951554478855,0.0256960834083,0.180755379054,0.130403843371,0.0281370553329,0.00863151887244,0.128142435073,0.145874275437,0.10731359495,0.0304594341042,0.0793598782909,20,1,2,20,0.000145015094655,1.30513585189e-05,0.000145015094655,0.0729083047927,0.000374987403249,0.00583065092075,0.000145015094655,1.30513585189e-05,0.000145015094655,0.257173116058,0.466155907016,0.196950870714
835,0.196731677387,0.00187038554655,0.00889059333877,0.102930986865,0.040244563848,0.065293731298,0.062700077924,0.0600131174206,0.088803901073,0.24811970363,0.0614491572869,0.0629521043816,20,1,2,20,8.95591081506e-05,8.06031973355e-06,8.95591081506e-05,0.0351475843773,0.00157860766787,0.000230936384315,8.95591081506e-05,8.06031973355e-06,8.95591081506e-05,0.269018950849,0.487627109771,0.206022453878
836,0.0316661029604,0.0559340819333,0.0308342053764,0.188003794992,0.108265850008,0.0854146487313,0.127490213265,0.0202197675143,0.276272317757,0.00840231416288,0.0424684556178,0.0250282476809,20,1,2,20,0.00213797677682,0.000192417909913,0.00213797677682,0.00583335831883,0.00330441188545,0.00653638235057,0.00213797677682,0.000192417909913,0.00213797677682,0.272573995192,0.494070375625,0.208744733701
837,0.0257358689481,0.0632528462068,0.0338879454315,0.0969214773828,0.104630884534,0.180169851143,0.0313267094343,0.0502520940108,0.062758484754,0.309878914728,0.0163537912298,0.0248311321975,20,1,2,20,6.98519671771e-05,6.28667704594e-06,6.98519671771e-05,0.00203402596875,2.35554580967e-05,0.000149761554035,6.98519671771e-05,6.28667704594e-06,6.98519671771e-05,0.278707728472,0.505302599173,0.213490348151
838,0.050961696704,0.0647921863253,0.000584094312005,0.25958293821,0.0737558343454,0.121964507577,0.171207674819,0.0545087233099,0.0439143837921,0.0166375762806,0.0320762753812,0.110014108944,20,1,2,20,0.000315699187981,2.84129269183e-05,0.000315699187981,0.0550119569287,0.00984790566647,0.0049891638592,0.000315699187981,2.84129269183e-05,0.000315699187981,0.25956335875,0.470487164984,0.198780827206
839,0.196390068056,0.0923392153119,0.0778975588044,0.00530379759241,0.0197870210119,0.262099641885,0.0350566464841,0.119267998951,0.0114563797555,0.0984792817951,0.0537917889399,0.0281306014137,20,1,2,20,0.000126998682946,1.14298814651e-05,0.000126998682946,0.00747001742632,0.00389777305555,0.000163802275335,0.000126998682946,1.14298814651e-05,0.000126998682946,0.27608067846,0.500426625159,0.21143024913
840,0.000822475231082,0.151541248188,0.0546373725131,0.139966921228,0.0567021329974,0.0158992981715,0.152025932115,0.153344463708,0.0960420021488,0.159124797645,0.00165920697529,0.0182341490777,20,1,2,20,0.0003717101813,3.3453916317e-05,0.0003717101813,0.00179855901525,0.00381997458372,0.000285681346505,0.0003717101813,3.3453916317e-05,0.0003717101813,0.277367408586,0.502758965139,0.212415662771
841,0.0339374482139,0.162806072545,0.111169347853,0.0989481219339,0.137342803992,0.024352176883,0.00125034041348,0.0589586545815,0.085225091567,0.0516595532989,0.025675891862,0.208674496856,20,1,2,20,5.81449273185e-05,5.23304345866e-06,5.81449273185e-05,8.62046460425e-05,0.000101517357618,5.94986224505e-05,5.81449273185e-05,5.23304345866e-06,5.81449273185e-05,0.279313455854,0.50628912318,0.213907154544
842,0.013981473432,0.247737983954,0.000883837562683,0.00616097044068,0.134139716396,0.0523211944562,0.140153101604,0.0723980379213,0.0545701477558,0.158700379433,0.0932064929874,0.025746664057,20,1,2,20,0.000158901768513,1.43011591662e-05,0.000158901768513,0.00150489526261,8.30556319881e-05,0.00195008286162,0.000158901768513,1.43011591662e-05,0.000158901768513,0.213664619116,0.549829973804,0.232303163932
843,0.0707312933008,0.0106164483944,0.15977826094,0.0574592260748,0.0979552126392,0.000583673918206,0.0201677611265,0.23728581598,0.0559824565569,0.0193270456302,0.0802313621575,0.189881443282,20,1,2,20,0.000132611955371,1.19350759834e-05,0.000132611955371,0.00228323757915,0.00148194979795,0.000785045510215,0.000132611955371,1.19350759834e-05,0.000132611955371,0.278025073393,0.503951055006,0.21291932074
844,0.0894537717062,0.0291019169955,0.0217259441229,0.054456527766,0.0698762738585,0.156323715957,0.205420937432,0.02819986956,0.0547426189284,0.255181752745,0.00722656052525,0.0282901104035,20,1,2,20,5.18411456785e-05,4.66570311106e-06,5.18411456785e-05,7.00212418278e-05,1.74481252111e-05,4.29217963639e-05,5.18411456785e-05,4.66570311106e-06,5.18411456785e-05,0.279354553991,0.506360884961,0.213937473896
845,0.0555142027721,0.0318696432777,0.100069377254,0.058128717126,0.0128985958623,0.0615773700128,0.134609712988,0.180333219772,0.19038164461,0.0678273092925,0.0861506439844,0.0206395630486,20,1,2,20,0.000348325304414,3.13492773973e-05,0.000348325304414,0.00171738815339,0.00281426824377,0.000904089929364,0.000348325304414,3.13492773973e-05,0.000348325304414,0.213087538728,0.54834496673,0.231675748443
846,0.145731083115,0.173697401413,0.269935681992,0.0123330893437,0.0690807210239,0.00663020270742,0.0130105721534,0.162451389931,0.000468498872009,0.0153418949258,0.048434149474,0.0828853150492,20,1,2,20,0.000324323929051,2.91891536146e-05,0.000324323929051,0.000189321387185,0.00418498362097,0.000176970786219,0.000324323929051,2.91891536146e-05,0.000324323929051,0.277800841762,0.503544610489,0.212747597931
847,0.149453967149,0.0961326450938,0.0250957950076,0.134400805349,0.00173466658746,0.246259691512,0.178072515981,0.0433645086732,0.0773082717132,0.024013181465,0.023769678502,0.000394272967508,20,1,2,20,0.00481255170179,0.000433129653161,0.00481255170179,0.00552045304372,0.0432982069255,0.00165322710211,0.00481255170179,0.000433129653161,0.00481255170179,0.259725523462,0.470781106048,0.198905017305
848,0.123149608312,0.108808867775,0.0238035796437,0.0147296796646,0.0228065798954,0.135518582403,0.213560007299,0.0798167045284,0.0918657753603,0.0643384983334,0.0831324014884,0.0384697152965,20,1,2,20,9.14757860399e-05,8.23282074359e-06,9.14757860399e-05,3.37432352608e-06,7.37982614729e-05,0.000264335401295,9.14757860399e-05,8.23282074359e-06,9.14757860399e-05,0.279249259548,0.506170027191,0.213856836488
849,0.207122697337,0.0149683695461,0.214360065732,0.00445956912437,0.0048976897435,0.0484868027387,0.224543483047,0.0167958970649,0.0147550249428,0.117312833236,0.132068702163,0.000228865325876,20,1,2,20,5.83713227485e-05,5.25341904737e-06,5.83713227485e-05,2.24426198662e-05,0.000409537844358,3.38001223324e-05,5.83713227485e-05,5.25341904737e-06,5.83713227485e-05,0.279253200949,0.506177171413,0.213859854922
850,0.269429800471,0.00523420867962,0.155205636016,0.0575570822181,0.0171984099507,0.0497587622472,0.0236340738463,0.0483166417902,0.0752197761228,0.236217930595,0.0032448109034,0.0589828671597,20,1,2,20,9.97098558015e-05,8.97388702213e-06,9.97098558015e-05,0.00301510969801,0.00291629249638,0.000198076860882,9.97098558015e-05,8.97388702213e-06,9.97098558015e-05,0.277622183795,0.503220773253,0.212610776699
851,0.0244007516255,0.11401571289,0.0606374879773,0.0144368076262,0.197946000953,0.11834891049,0.0763094753628,0.197909447236,0.0357889460039,0.00144847029299,0.128801455123,0.0299565344187,20,1,2,20,0.000953449072177,8.58104164959e-05,0.000953449072177,0.0836880204357,0.00104663241296,0.0025445285029,0.000953449072177,8.58104164959e-05,0.000953449072177,0.253946886425,0.460308270722,0.19448024438
852,0.236496307478,0.0320307964103,0.0218031497589,0.0162966861985,0.0297934364665,0.0583897974171,0.00653391205701,0.290575414718,0.0432142545506,0.222860342504,0.0185391352714,0.0234667671697,20,1,2,20,7.70881552254e-05,6.93793397029e-06,7.70881552254e-05,0.0181052917531,0.000285722534596,0.00013852255903,7.70881552254e-05,6.93793397029e-06,7.70881552254e-05,0.101680723458,0.618254840918,0.261212670288
853,0.0399152912789,0.102058067066,0.139099977294,0.000468399214473,0.157316715131,0.026413843859,0.304474003159,0.0370358959805,0.141455414684,0.000739170366032,0.0483183997307,0.00270482223795,20,1,2,20,0.00457478468006,0.000411730621205,0.00457478468006,0.0308890657535,0.0237163352013,0.0318671199675,0.00457478468006,0.000411730621205,0.00457478468006,0.249942828037,0.453048893552,0.191413157526
854,0.0358222785446,0.0345930294965,0.0948216156674,0.166573807793,0.205642483629,0.0192497063111,0.168777570957,0.0436850969092,0.0341676084182,0.0372262182258,0.129543951916,0.0298966321322,20,1,2,20,0.000114273754693,1.02846379224e-05,0.000114273754693,2.95496196367e-05,0.00252223951118,1.57057503296e-05,0.000114273754693,1.02846379224e-05,0.000114273754693,0.278600573587,0.504994212469,0.213360054768
855,0.0195374632356,0.0831606200367,0.0671649966172,0.0567289514122,0.0115812059461,0.118391254914,0.151508412236,0.0531005811703,0.0129009168476,0.10170615944,0.271046937348,0.0531725007958,20,1,2,20,0.000115435891405,1.03892302264e-05,0.000115435891405,0.00168526844893,0.000726546096163,0.0005783405938,0.000115435891405,1.03892302264e-05,0.000115435891405,0.278481103023,0.504777658919,0.213268560893
856,0.148665391473,0.0448371507296,0.164389479556,0.0527987271116,0.0243388160242,0.104743457489,0.202918830667,0.138732521446,0.0129645025856,0.0858359221295,0.00508281976781,0.0146923810212,20,1,2,20,0.00136570748252,0.000122913673427,0.00136570748252,0.00921400255436,0.000821139552829,0.0105493245311,0.00136570748252,0.000122913673427,0.00136570748252,0.101068596686,0.613453974972,0.259184304426
857,0.0203869086552,0.0764072682304,0.0587621585865,0.00258834892612,0.200508503404,0.041316934631,0.0951542981891,0.0277332528957,0.38342493581,0.0570949529485,0.0175412094311,0.0190812282928,20,1,2,20,0.00018893447865,1.70041030785e-05,0.00018893447865,0.0428855637916,0.0160173863506,0.0149907894425,0.00018893447865,1.70041030785e-05,0.00018893447865,0.258581132237,0.468706771218,0.19802861084
858,0.210228693831,0.0357145276977,0.0639790254998,0.0932405089111,0.0474549300213,0.0178057093841,0.146645214621,0.105635663391,0.114550921831,0.0612701307468,0.035264971773,0.0682097022919,20,1,2,20,0.000305777498742,2.75199748868e-05,0.000305777498742,0.00044082414804,0.00202072773015,0.000133323467993,0.000305777498742,2.75199748868e-05,0.000305777498742,0.278369222285,0.504574869894,0.21318288253
859,0.00710391506485,0.00964002351212,0.15581338001,0.0377895380634,0.0432155567554,0.000544575686271,0.0835983982865,0.217940120043,0.0151481500184,0.099276454898,0.30293020194,0.0269996857225,20,1,2,20,0.00064189943821,5.77709494389e-05,0.00064189943821,0.00495479608203,0.00214326706753,0.000545383070942,0.00064189943821,5.77709494389e-05,0.00064189943821,0.102741855195,0.623501974645,0.263429584288
860,0.0478561809924,0.0581300012593,0.2309502376,0.0622893690947,0.0696440614067,0.143001452193,0.0635610531898,0.110140963728,0.0728066925207,0.101781788084,0.00394075595699,0.0358974439746,20,1,2,20,0.000178035538057,1.60231984252e-05,0.000178035538057,0.000266339034268,0.00781369814793,5.55275244561e-06,0.000178035538057,1.60231984252e-05,0.000178035538057,0.276984052767,0.502064090509,0.21212207824
861,0.00080366345631,0.034375977331,0.134921094319,0.00400468038995,0.096879070555,0.0853170956415,0.176942311236,0.0126648683965,0.070539699378,0.0466603086042,0.334048376973,0.00284285371964,20,1,2,20,1.60863988755e-05,1.44777589879e-06,1.60863988755e-05,1.01399545933e-05,6.39277163249e-06,2.7410864279e-05,1.60863988755e-05,1.44777589879e-06,1.60863988755e-05,0.279420477286,0.506480378191,0.213987959786
862,0.0729380711168,0.00937170272094,0.0885198886534,0.0158776302101,0.0601533148107,0.370409880192,0.0689483666021,0.211362312818,0.00582265299516,0.0220310035507,0.0229243265748,0.051640849755,20,1,2,20,0.00140398797418,0.000126358917676,0.00140398797418,0.0757541712313,0.00132771968374,0.0283513480097,0.00140398797418,0.000126358917676,0.00140398797418,0.0922412904447,0.559899332793,0.236557468105
863,0.0893930405388,0.0978995646321,0.0262467996561,0.145233328507,0.0179349282073,0.012614339866,0.0520831908595,0.0168195705707,0.108959649036,0.205840943191,0.055217043603,0.171757601333,20,1,2,20,6.81140015954e-05,6.13026014359e-06,6.81140015954e-05,0.000669779528748,0.000907070704605,6.31559267233e-05,6.81140015954e-05,6.13026014359e-06,6.81140015954e-05,0.278913681298,0.505561754668,0.213599841347
864,0.00665098421204,0.115688314619,0.0302865973787,0.0635162886867,0.0141873143406,0.0369105670204,0.279814488733,0.0260140085768,0.223727676733,0.0743191129393,0.113882494308,0.0150021524519,20,1,2,20,9.6767019047e-05,8.70903171423e-06,9.6767019047e-05,0.000967163820232,0.000955731954198,0.00186863622208,9.6767019047e-05,8.70903171423e-06,9.6767019047e-05,0.278278964269,0.504411260172,0.213113757423
865,0.0957488992365,0.21127081809,0.0145573396623,0.211227540726,0.195910382671,0.00207889271519,0.00536049559142,0.13115921068,0.0118222407131,0.0233126795424,0.00364568744733,0.0939058129244,20,1,2,20,0.00127231543216,0.000114508388895,0.00127231543216,0.0671179180296,0.000634699933229,0.00453752299158,0.00127231543216,0.000114508388895,0.00127231543216,0.257763251978,0.467225538532,0.19740279003
866,0.320167235393,0.0567069068957,0.0427076686933,0.0306374768246,0.00255181307473,0.0415012444035,0.0528578194026,0.0830492698424,0.170328650846,0.11972606849,0.0328378047726,0.0469280413626,20,1,2,20,0.00043796138148,3.94165243332e-05,0.00043796138148,0.0103173783802,0.00542573193926,0.00460700250029,0.00043796138148,3.94165243332e-05,0.00043796138148,0.273253091541,0.495301312523,0.209264804541
867,0.176131941055,0.058420276389,0.00239129771615,0.00669241860588,0.0171993270015,0.127685963775,0.246790301393,0.0887982869757,0.0884656052487,0.100439625096,0.0137588474634,0.0732261092814,20,1,2,20,0.000100428490203,9.03856411825e-06,0.000100428490203,0.00132783134161,0.00254748020604,0.00338355489191,0.000100428490203,9.03856411825e-06,0.000100428490203,0.2773057353,0.502647175516,0.212368431656
868,0.0564715712286,0.204168502518,0.101096595496,0.0105308781912,0.391942379475,0.049906879551,0.0171671480276,0.0435352286227,0.0314994299276,0.0422395217083,0.0121998729488,0.0392419923051,20,1,2,20,0.00153955311979,0.000138559780781,0.00153955311979,0.0331940656646,0.000933178119598,0.0247997936637,0.00153955311979,0.000138559780781,0.00153955311979,0.261185932613,0.473428258628,0.20002343927
869,0.04013786269,0.1037361293,0.0151516103593,0.0877912550434,0.0866028466519,0.0603938589405,0.114553439537,0.117724463894,0.211465097093,0.0249173884865,0.0493515453974,0.0881745026069,20,1,2,20,0.000125674274339,1.13106846905e-05,0.000125674274339,2.86962652203e-05,5.29769807345e-05,0.000132938653613,0.000125674274339,1.13106846905e-05,0.000125674274339,0.279244773347,0.506161895457,0.21385340083
870,0.0235732866856,0.067834051699,0.0652262729115,0.029767370163,0.0388352040719,0.136234834601,0.0895242080678,0.190009340236,0.0462034496904,0.147874628976,0.153493953213,0.0114233996839,20,1,2,20,0.000271743607559,2.44569246803e-05,0.000271743607559,0.00126222303986,0.000166532212112,0.000720586783222,0.000271743607559,2.44569246803e-05,0.000271743607559,0.213862548808,0.550335480406,0.232516740472
871,0.0314486576736,0.025222210259,0.151593548073,0.206837163967,0.0527407129177,0.0270195188633,0.0658538741067,0.1658195313,0.0896245042532,0.00536573054309,0.130396868565,0.0480776794787,20,1,2,20,0.000110889631054,9.98006679483e-06,0.000110889631054,7.24483205715e-05,0.00385832714514,2.11656371258e-05,0.000110889631054,9.98006679483e-06,0.000110889631054,0.278217640967,0.504300104936,0.213066794336
872,0.0320146723796,0.0354576065005,0.128947416663,0.0155990005701,0.0719814007469,0.0435556270475,0.0465560295712,0.168258933357,0.0479549264633,0.0516792147255,0.11531157804,0.242683593936,20,1,2,20,3.93430513302e-05,3.54087461972e-06,3.93430513302e-05,0.00137316058485,0.00132510719057,0.000331070463244,3.93430513302e-05,3.54087461972e-06,3.93430513302e-05,0.278559035985,0.50491892571,0.213328246112
873,0.0163188801946,0.0488538361102,0.18193752561,0.0149022443383,0.0167336698434,0.156872051646,0.0390786414399,0.0124952430809,0.108247473053,0.0269083824085,0.259545325312,0.118106726963,20,1,2,20,0.000184228734748,1.65805861273e-05,0.000184228734748,0.00461261129706,0.00150629899253,0.00020900762402,0.000184228734748,1.65805861273e-05,0.000184228734748,0.277468001778,0.502941303478,0.212492700719
874,0.0654073516941,0.0623830828837,0.162999118705,0.0247711370062,0.122919761198,0.0945246507363,0.127726262583,0.0609588388215,0.0139017995635,0.117786528732,0.0209271361989,0.125694331878,20,1,2,20,0.000397158014469,3.57442213022e-05,0.000397158014469,0.00291932931267,0.00739757357387,0.000235283777798,0.000397158014469,3.57442213022e-05,0.000397158014469,0.102532122549,0.622323775245,0.262931795041
875,0.21965081315,0.042515003186,0.0334282318433,0.197295209474,0.0029981730473,0.0157627030147,0.0356485281843,0.0577328661838,0.0397412951586,0.128609862389,0.125437205257,0.101180109111,20,1,2,20,2.94690853652e-05,2.65221768287e-06,2.94690853652e-05,1.29918830014e-05,2.32491120221e-05,0.000224564022312,2.94690853652e-05,2.65221768287e-06,2.94690853652e-05,0.279344242608,0.506342194445,0.213929577153
876,0.252992708421,0.164194925192,0.187770043956,0.0168859019443,0.0227129393762,0.0281896097496,0.00262073136308,0.250516929604,0.0517643955558,0.0212398270153,0.000825283520745,0.000286704302229,20,1,2,20,0.0136075243402,0.00122467719062,0.0136075243402,0.541637555447,0.257312840618,0.0942634589633,0.0136075243402,0.00122467719062,0.0136075243402,1.12671631807e-06,0.0350829993063,0.0148225672069
877,0.198965160142,0.317345870766,0.06374068741,0.102419148869,0.0148231665622,0.0970753360434,0.0248713812756,0.108651553506,0.0206994711274,0.039796912653,0.00751611275718,0.00409519888812,20,1,2,20,1.10819297808e-05,9.97373680268e-07,1.10819297808e-05,7.53418289824e-05,0.00118027014351,0.000229828963086,1.10819297808e-05,9.97373680268e-07,1.10819297808e-05,0.278995625132,0.505780394704,0.213692216762
878,0.120985393354,0.0102027088788,0.00131357409623,0.230774955645,0.0838568524226,0.0445172193527,0.171686760147,0.00135754976164,0.182043169705,0.0519749523454,0.0339941232028,0.0672927410887,20,1,2,20,0.000968308107509,8.71477296758e-05,0.000968308107509,0.00299169229386,0.0052641418543,0.000550098594574,0.000968308107509,8.71477296758e-05,0.000968308107509,0.102462797676,0.621921786778,0.262761954914
879,0.001898619058,0.389947645383,0.0408438130656,0.0535823563893,0.0244848985663,0.0638765071228,0.0075346261555,0.00352833085826,0.158668207479,0.0408754927086,0.0576197333786,0.157139769835,20,1,2,20,2.99818813095e-05,2.69836931786e-06,2.99818813095e-05,4.6837015052e-06,4.74101136665e-05,6.77368894871e-06,2.99818813095e-05,2.69836931786e-06,2.99818813095e-05,0.279400075358,0.506443397451,0.213972335423
880,0.0185357452883,0.133450941835,0.0150203951539,0.0629038496708,0.0106876846808,0.195568523216,0.115348923314,0.202540589492,0.0816554406652,0.0254258679724,0.105985766476,0.0328762722362,20,1,2,20,0.000143151659927,1.28836493934e-05,0.000143151659927,0.0201698783958,9.67569629313e-05,0.000278340894341,0.000143151659927,1.28836493934e-05,0.000143151659927,0.101415751415,0.616830157043,0.260610741351
881,0.0754640030085,0.0597061491189,0.092954119044,0.0250345389785,0.102140423203,0.0709429223629,0.0307359984732,0.195128105246,0.134906550043,0.110405707698,0.0940005018365,0.0085809809882,20,1,2,20,4.66412104805e-05,4.19770894324e-06,4.66412104805e-05,7.29415098951e-06,5.50820856568e-05,6.30441811801e-06,4.66412104805e-05,4.19770894324e-06,4.66412104805e-05,0.279377873171,0.506403153543,0.213955332372
882,0.0451445201891,0.00673656463118,0.103574481415,0.0545149116525,0.101009085988,0.0215232330386,0.416914143973,0.0255602941457,0.0252094946928,0.0159236985535,0.152891657012,0.0309979147092,20,1,2,20,6.59330428964e-05,5.93397386068e-06,6.59330428964e-05,9.13071593924e-06,9.47450011453e-05,2.04906232621e-05,6.59330428964e-05,5.93397386068e-06,6.59330428964e-05,0.279339776787,0.506334099651,0.213926157103
883,0.138718395518,0.147743305538,0.141430868904,0.0654019780338,0.052371973039,0.0300109707636,0.120137374801,0.130654606803,0.0870483202757,0.0167096313657,0.0681943919022,0.00157818305449,20,1,2,20,0.0022073721688,0.000198663495192,0.0022073721688,0.0332509544111,0.0133040673223,0.00868672315739,0.0022073721688,0.000198663495192,0.0022073721688,0.261435708904,0.473881005652,0.200214724888
884,0.159745104701,0.0593418789304,0.0593980083669,0.0573408786003,0.0098393326087,0.00548079236994,0.0699650670205,0.134835882516,0.292509966497,0.0393251913159,0.0735666336298,0.0386512634439,20,1,2,20,0.00122928248546,0.000110635423691,0.00122928248546,0.00302068675421,0.000296450237387,0.00224528312449,0.00122928248546,0.000110635423691,0.00122928248546,0.102686320784,0.623277932029,0.263334926282
885,0.0016546163058,0.0316521896438,0.0610048682769,0.0739988738693,0.195064395235,0.0167180673605,0.118836666977,0.134674106575,0.0857829609994,0.0762890715501,0.0315072515426,0.172816931664,20,1,2,20,3.69725864693e-05,3.32753278223e-06,3.69725864693e-05,0.000149045105076,4.58420840771e-05,0.00184438534575,3.69725864693e-05,3.32753278223e-06,3.69725864693e-05,0.278838482212,0.505425448044,0.213542251798
886,0.0472868019569,0.000530128954843,0.028852904395,0.00764106261176,0.485252528894,0.00977885609475,0.062293579237,0.00517176044419,0.00990323437656,0.0829394025642,0.179998031403,0.0803517090679,20,1,2,20,7.17706909197e-05,6.45936218277e-06,7.17706909197e-05,0.0160595437695,0.00107054729785,0.0032948167249,7.17706909197e-05,6.45936218277e-06,7.17706909197e-05,0.273659940015,0.496038770267,0.209576380438
887,0.100872090097,0.0150089907729,0.0988290155778,0.192852053108,0.00505687044798,0.0200188259309,0.0206816029428,0.14035550096,0.0478366319074,0.0482962490094,0.14895814851,0.161234020736,20,1,2,20,9.15764186096e-05,8.24187767486e-06,9.15764186096e-05,0.00848765112671,3.92537247963e-05,0.005760667072,9.15764186096e-05,8.24187767486e-06,9.15764186096e-05,0.211419705049,0.544049162459,0.229860771139
888,0.0202115518404,0.00286549082055,0.102228189907,0.0193471584228,0.178200414767,0.0259814435019,0.143823353885,0.15980045285,0.0758149086773,0.101401561324,0.0290862765693,0.141239197436,20,1,2,20,0.000587167326509,5.28450593858e-05,0.000587167326509,0.0413034870745,0.00237832065571,0.00182405508172,0.000587167326509,5.28450593858e-05,0.000587167326509,0.266048975789,0.482243094534,0.20374770744
889,0.0139177860811,0.143101848418,0.0306871666078,0.148180709398,0.0346136042907,0.262292846383,0.0700537888514,0.117936001228,0.0824851763496,0.0334438054263,0.0364359472257,0.0268513197406,20,1,2,20,0.000189589250978,1.70630325881e-05,0.000189589250978,4.28181641411e-05,0.0204492738359,3.6373278809e-05,0.000189589250978,1.70630325881e-05,0.000189589250978,0.273493376011,0.49573685458,0.20944882106
890,0.0695426986249,0.124727134996,0.00610621042203,0.0560478862726,0.0575264678659,0.173291971621,0.238842048911,0.0256765412581,0.14368042993,0.0157226109531,0.0554019355616,0.0334340635837,20,1,2,20,0.00109140157558,9.8226141802e-05,0.00109140157558,0.019194695745,0.0140669983478,0.00670755883157,0.00109140157558,9.8226141802e-05,0.00109140157558,0.267007204095,0.48397995388,0.204481530514
891,0.0336313768032,0.152442030008,0.0967067728974,0.0262906554524,0.0308266709844,0.085758723081,0.00330671012995,0.045594776512,0.0348234000167,0.327477516968,0.111110415152,0.0520309519946,20,1,2,20,5.89710484243e-06,5.30739435819e-07,5.89710484243e-06,3.04416625164e-06,9.29497924131e-06,5.06683043054e-06,5.89710484243e-06,5.30739435819e-07,5.89710484243e-06,0.279439795454,0.506515394497,0.214002754175
892,0.00515482535916,0.164112686985,0.0394190584364,0.215206106434,0.0280011550035,0.0071108343483,0.0811476298132,0.0125995538775,0.0762165566894,0.0165839504716,0.342538819056,0.0119088235267,20,1,2,20,0.000232373213993,2.09135892594e-05,0.000232373213993,0.00236433589328,0.000716673267968,0.000100105643727,0.000232373213993,2.09135892594e-05,0.000232373213993,0.213675339698,0.549857451995,0.232314773468
893,0.00353773934766,0.030650845765,0.0402786752343,0.0915971058674,0.160516340419,0.171901149308,0.149901021623,0.236450440304,0.0217356212235,0.0332084504508,0.0251097013098,0.0351129091472,20,1,2,20,0.000122159808554,1.09943827699e-05,0.000122159808554,0.000129590151595,0.0223327292621,7.06166706864e-05,0.000122159808554,1.09943827699e-05,0.000122159808554,0.273011988377,0.494864286495,0.209080161044
894,0.00279799582506,0.0485494380498,0.0137848644519,0.00943607425295,0.235003774718,0.0010248792467,0.0213875989924,0.168153667002,0.101834023306,0.230991869261,0.152948803119,0.0140870117745,20,1,2,20,7.45635686322e-05,6.7107211769e-06,7.45635686322e-05,0.000405386050441,0.000377864662907,0.00056400415536,7.45635686322e-05,6.7107211769e-06,7.45635686322e-05,0.278987957313,0.505696388121,0.213656723981
895,0.146478443909,0.131034108354,0.0668804921713,0.00569565507652,0.0434650986811,0.0663224979662,0.00304434244538,0.0633810763997,0.0283142058286,0.0507743666481,0.0776847137889,0.316924998731,20,1,2,20,9.20359489503e-05,8.28323540553e-06,9.20359489503e-05,0.00404804956838,0.00116268033011,9.46114141401e-05,9.20359489503e-05,8.28323540553e-06,9.20359489503e-05,0.213348322523,0.549006415394,0.231955210504
896,0.286595685724,0.0281846648897,0.0599121822404,0.00162164986121,0.0635689582151,0.0511499049287,0.0439635158068,0.0756749426357,0.184375105796,0.178690343388,0.00287812207876,0.0233849244355,20,1,2,20,0.000280805625674,2.52725063106e-05,0.000280805625674,0.00188526343152,0.00224453994316,0.00210857400758,0.000280805625674,2.52725063106e-05,0.000280805625674,0.277380212667,0.502782173944,0.212425468491
897,0.336668132836,0.0557595884236,0.0254002112894,0.0167516105865,0.134838760864,0.00593047158847,0.0467029067852,0.0414748357015,0.119067298743,0.0504190434302,0.0180262262909,0.148960913461,20,1,2,20,1.28456827777e-05,1.15611144999e-06,1.28456827777e-05,0.000992762553366,0.000193647012904,3.10311892012e-05,1.28456827777e-05,1.15611144999e-06,1.28456827777e-05,0.214089786349,0.55159161894,0.233047459002
898,0.152890022783,0.204121915855,0.000748698444258,0.0230249573179,0.254881197392,0.0501485586642,0.054594444907,0.0605507683179,0.0861238673668,0.0738816333258,0.0321709723396,0.00686296328648,20,1,2,20,0.000513989359775,4.62590423798e-05,0.000513989359775,0.000430943216332,0.00663228260467,0.000418451389384,0.000513989359775,4.62590423798e-05,0.000513989359775,0.276760386943,0.50165867158,0.211950788742
899,0.0236066474389,0.114095016944,0.0185574815836,0.0737878661991,0.02289131702,0.193835487577,0.0593599945389,0.131183506143,0.00788215806927,0.0201640033161,0.148192100027,0.186444421142,20,1,2,20,0.000992316930474,8.93085237427e-05,0.000992316930474,0.00315426580911,0.000593695781828,0.00015691818821,0.000992316930474,8.93085237427e-05,0.000992316930474,0.102961717641,0.624945882468,0.264039635343
900,0.0384441230914,0.27461552051,0.0173645697601,0.0200148523168,0.15565176329,0.0571953582896,0.011506104,0.0562295994748,0.01489729637,0.172227247549,0.0690648367258,0.112788728623,20,1,2,20,4.05334526697e-06,3.64801074028e-07,4.05334526697e-06,2.23959598984e-06,1.16824162306e-06,7.1887925744e-07,4.05334526697e-06,3.64801074028e-07,4.05334526697e-06,0.279445660073,0.506526024764,0.214007245463
901,0.14173060439,0.0316528829293,0.157839209699,0.00482375956643,0.0356040829636,0.235270999329,0.0354912574102,0.0152120661348,0.149492359596,0.122285335865,0.0563630402319,0.0142344018851,20,1,2,20,7.35077692158e-06,6.61569922942e-07,7.35077692158e-06,0.00574014792123,0.0036807590998,4.5131724382e-06,7.35077692158e-06,6.61569922942e-07,7.35077692158e-06,0.276682677135,0.501835624903,0.212025551521
902,0.00137108082778,0.0341871242497,0.175309013472,0.0828534679765,0.075020492578,0.109068342478,0.253779957585,0.0352442146272,0.202152663849,0.0055804007176,0.0108167048115,0.0146165368278,20,1,2,20,0.015185128634,0.00136666157706,0.015185128634,0.143317746557,0.0237811018217,0.0235023577052,0.015185128634,0.00136666157706,0.015185128634,0.208449883733,0.377838363791,0.159636708702
903,0.161850251151,0.160164277438,0.0900079344244,0.102380772698,0.143593743777,0.011668679306,0.0752868629195,0.0236392327268,0.0040979964204,0.0703872595746,0.149821645022,0.00710134454391,20,1,2,20,0.000432927889999,3.89635100999e-05,0.000432927889999,0.00117962582441,0.00107786726022,0.000319727867266,0.000432927889999,3.89635100999e-05,0.000432927889999,0.213626094584,0.549727273029,0.232259772855
904,0.0849428627832,0.0292875542963,0.0103065009176,0.176053188181,0.200428498882,0.00102009125391,0.0437750105824,0.0728595190966,0.102449499654,0.0555877254805,0.0278558413214,0.195433707552,20,1,2,20,4.5772382324e-05,4.11951440916e-06,4.5772382324e-05,3.89673437216e-05,5.49276831793e-05,0.000421621423278,4.5772382324e-05,4.11951440916e-06,4.5772382324e-05,0.279254019101,0.506178654405,0.213860481486
905,0.282338767377,0.167294810114,0.0387250029945,0.130920506,0.0183940684551,0.0154399217387,0.0144088881355,0.0571176838715,0.0202929704516,0.0384278774431,0.11572551493,0.100913988489,20,1,2,20,0.000436673560275,3.93006204247e-05,0.000436673560275,0.0466229829657,0.0032249175651,0.00309422012569,0.000436673560275,3.93006204247e-05,0.000436673560275,0.264146692793,0.478795002509,0.20229088856
906,0.0619284009331,0.0342230731473,0.0103782401541,0.0412360424237,0.0657704659891,0.140015297916,0.00178041040142,0.153370370958,0.114218523226,0.129899005512,0.240148117771,0.00703205156849,20,1,2,20,5.94981548923e-06,5.35483394031e-07,5.94981548923e-06,1.48418098503e-06,4.62045520568e-06,2.5073824758e-06,5.94981548923e-06,5.35483394031e-07,5.94981548923e-06,0.279442191367,0.506519737354,0.214004589032
907,0.218689232158,0.00889157174375,0.143142859988,0.0202249590018,0.316850526442,0.00390160811454,0.0124219741811,0.108206460318,0.0786207116647,0.0302787349181,0.0506026851869,0.00816867628402,20,1,2,20,0.00182437936089,0.00016419414248,0.00182437936089,0.027342963135,0.0248801634448,0.0017167787413,0.00182437936089,0.00016419414248,0.00182437936089,0.262246886776,0.47535135478,0.200835947394
908,0.0503238817056,0.191677701092,0.173517467278,0.0728505291632,0.231186097949,0.00345373391285,0.0230280186362,0.0203453252641,0.0338032472728,0.100782439272,0.0924659555072,0.00656560294711,20,1,2,20,0.00100607261305,9.05465351742e-05,0.00100607261305,0.00315440037974,0.000818356096145,0.00108483168705,0.00100607261305,9.05465351742e-05,0.00100607261305,0.102840122652,0.62418060152,0.263716304142
909,0.00847088379328,0.0395249163498,0.0630162437113,0.0183819449374,0.0136746116211,0.107467118572,0.00912271153183,0.172216524587,0.0565747223546,0.0232276473652,0.464161580319,0.0241610948566,20,1,2,20,7.48059553708e-06,6.73253598338e-07,7.48059553708e-06,3.03129219424e-05,0.000246256911858,6.04817489361e-05,7.48059553708e-06,6.73253598338e-07,7.48059553708e-06,0.279348620307,0.506350129505,0.213932929716
910,0.14111088951,0.0184867468124,0.0708970360128,0.0664367276627,0.0588785704212,0.00754081153411,0.124850272405,0.163422132329,0.118569893938,0.0964458589127,0.0689105474302,0.0644505130316,20,1,2,20,0.000312779767892,2.81501791103e-05,0.000312779767892,0.00135299753284,0.000501202450401,0.000505374351144,0.000312779767892,2.81501791103e-05,0.000312779767892,0.278426800948,0.504679230431,0.213226974857
911,0.0104691751787,0.154184528275,0.136210060481,0.0908148772695,0.0351857415457,0.0877257279011,0.127951725115,0.135440060667,0.0133900183549,0.165294850205,0.0361627202537,0.00717051475282,20,1,2,20,0.000165293398294,1.48764058465e-05,0.000165293398294,0.0713093898491,0.0010957013823,0.00742376821482,0.000165293398294,1.48764058465e-05,0.000165293398294,0.197288105003,0.507692168117,0.214499941029
912,0.0288877954927,0.0144188223278,0.0571433811639,0.0365458574479,0.120108188819,0.127471721163,0.0799214695476,0.0890639324064,0.133552684779,0.132546442831,0.128538457456,0.0518012465649,20,1,2,20,0.000166295999315,1.49666399384e-05,0.000166295999315,0.00485063987955,0.00300660995265,0.000183250905907,0.000166295999315,1.49666399384e-05,0.000166295999315,0.277010366044,0.50211178625,0.212142229691
913,0.209724570608,0.0914851845346,0.00406394844584,0.141706254716,0.0281142042052,0.177090169469,0.0161728801806,0.0857216522522,0.00746583228149,0.0458054152574,0.121070562103,0.0715793259466,20,1,2,20,5.88606638304e-05,5.29745974474e-06,5.88606638304e-05,0.0061601426825,4.65328905603e-05,8.99427021961e-05,5.88606638304e-05,5.29745974474e-06,5.88606638304e-05,0.277485291128,0.503319545182,0.212652507839
914,0.178800338656,0.0506800042396,0.0831141575393,0.0130466144419,0.0319136118725,0.0438816836388,0.00144744941769,0.038501618617,0.219750065351,0.183730543998,0.0204793252691,0.134654586959,20,1,2,20,9.79952714081e-05,8.81957442673e-06,9.79952714081e-05,0.00402750743097,0.00356832555085,0.000283692581351,9.79952714081e-05,8.81957442673e-06,9.79952714081e-05,0.277135133403,0.502337940808,0.212237779991
915,0.028212717697,0.0133970701198,0.0552204401743,0.546768081329,0.0827940012277,0.00307968105558,0.0198531796204,0.0475750716373,0.0275036260876,0.00987395899652,0.0425880241673,0.123134147887,20,1,2,20,0.000779904585239,7.01914126715e-05,0.000779904585239,0.00328909793504,0.000790971693121,0.00210511280977,0.000779904585239,7.01914126715e-05,0.000779904585239,0.102817105984,0.624068689217,0.263669021194
916,0.090863929315,0.148535608501,0.0243139146846,0.134573759217,0.0379766561928,0.105388170999,0.0457047587171,0.0477243592497,0.106630390457,0.160702533253,0.00865981274753,0.0889261066652,20,1,2,20,0.000125442808106,1.12898527296e-05,0.000125442808106,0.000409400453831,0.000914770299625,8.16206786039e-05,0.000125442808106,1.12898527296e-05,0.000125442808106,0.27891216676,0.505559009399,0.213598681471
917,0.254726631017,0.119631045991,0.0916419060138,0.134560808333,0.00954923721304,0.0771878592959,0.0292081934659,0.108617234527,0.0270101097247,0.0375461532292,0.0645349885818,0.0457858326082,20,1,2,20,0.000595441456967,5.3589731127e-05,0.000595441456967,0.0760680526582,0.00430993267885,0.00173638908404,0.000595441456967,5.3589731127e-05,0.000595441456967,0.255808452292,0.463682409839,0.195905818157
918,0.132514227108,0.0325205540861,0.00909429090268,0.0497324562462,0.196666154658,0.00990066080667,0.100697535345,0.00598863279117,0.27765886305,0.0760100047224,0.00880371429872,0.100412905986,20,1,2,20,0.000145931846892,1.31338662203e-05,0.000145931846892,0.000169244305244,0.000186440096162,0.000148428479856,0.000145931846892,1.31338662203e-05,0.000145931846892,0.279140208827,0.505972360753,0.213773322418
919,0.0155679689417,0.186036391062,0.0702617809498,0.00669310991231,0.188118657099,0.0388801704651,0.0770198551008,0.0228801162589,0.0762690465843,0.157528476497,0.154945016504,0.00579941062433,20,1,2,20,4.13678329315e-05,3.72310496383e-06,4.13678329315e-05,4.31033368185e-05,0.000100015547902,8.66689615018e-06,4.13678329315e-05,3.72310496383e-06,4.13678329315e-05,0.279360809187,0.506372223192,0.213942264299
920,0.0263774148748,0.0528669300752,0.205776616627,0.0929212032081,0.0568797452516,0.064798848806,0.080200303943,0.261313690064,0.0455175168512,0.00795969653739,0.0349638986022,0.0704241351591,20,1,2,20,0.00136339787658,0.000122705808892,0.00136339787658,0.00415297427229,0.00713315157854,0.00146443047132,0.00136339787658,0.000122705808892,0.00136339787658,0.101882102647,0.618396019618,0.261272318289
921,0.022128895668,0.146291395443,0.134711975952,0.0572346795329,0.00264339073214,0.0911686641688,0.340504966876,0.0521011859454,0.0599076696797,0.0143533654725,0.000509949536821,0.0784438609935,20,1,2,20,0.00249832003203,0.000224848802882,0.00249832003203,0.0740726781,0.00439565059386,0.00411668670492,0.00249832003203,0.000224848802882,0.00249832003203,0.25345473116,0.459414605067,0.194102670641
922,0.0152332795326,0.105647529748,0.0140655789038,0.109006375413,0.0395564432532,0.0171608296301,0.0727213906509,0.00457309351933,0.0111431833589,0.374596128361,0.0783834580528,0.157912709577,20,1,2,20,2.57542019925e-06,2.31787817932e-07,2.57542019925e-06,2.89653834053e-06,1.38315010545e-06,8.70890773227e-07,2.57542019925e-06,2.31787817932e-07,2.57542019925e-06,0.279447100328,0.506528635386,0.214008348451
923,0.083743179254,0.152115746595,0.273927980534,0.0259731809133,0.0657533874644,0.00909994408145,0.17010687746,0.0599310780632,0.0250064302162,0.106068808566,0.0184882796316,0.00978510721998,20,1,2,20,0.000588077431792,5.29269688613e-05,0.000588077431792,0.00472821758296,0.000140263876788,0.0180179767674,0.000588077431792,5.29269688613e-05,0.000588077431792,2.39164283985e-05,0.685153927367,0.289477534313
924,0.0142401133503,0.173750042634,0.00642017900649,0.268003195915,0.0698029262055,0.0473474110572,0.0879154335765,0.0385520402163,0.0517235124239,0.102218085466,0.0588994750094,0.0811275851394,20,1,2,20,0.0191703307706,0.00172532976935,0.0191703307706,0.773881381485,0.116327427918,0.029626864577,0.0191703307706,0.00172532976935,0.0191703307706,8.3754473487e-06,1.68491750737e-05,7.11877646862e-06
925,0.00833228743151,0.0373134891823,0.0372236840612,0.0783135127496,0.0118176273742,0.316783258865,0.113921997568,0.20258903816,0.0261312224447,0.00106645098047,0.0952137790589,0.0712936521245,20,1,2,20,9.06175615248e-05,8.15558053723e-06,9.06175615248e-05,1.33302539833e-05,9.14423167659e-05,8.45841410875e-06,9.06175615248e-05,8.15558053723e-06,9.06175615248e-05,0.279314054408,0.506287475009,0.213906458191
926,0.0315474905757,0.0581593692293,0.00252484857037,0.183758018568,0.0635867361715,0.0102248739135,0.316522661392,0.0924491839722,0.0123796287811,0.101154811688,0.0683466026861,0.0593457744525,20,1,2,20,0.000349281093897,3.14352984507e-05,0.000349281093897,0.00121879084218,0.000429343956498,0.00135246187594,0.000349281093897,3.14352984507e-05,0.000349281093897,0.213610102109,0.549686682772,0.232242623471
927,0.134664714146,0.0997756133192,0.0436300518055,0.0568288964372,0.0127519476679,0.0587867669452,0.294060852302,0.0515690176158,0.0276501031862,0.0897871393523,0.060807001015,0.0696878962077,20,1,2,20,6.05449732746e-05,5.44904759471e-06,6.05449732746e-05,2.96903361908e-05,7.50575090966e-05,1.87269405668e-05,6.05449732746e-05,5.44904759471e-06,6.05449732746e-05,0.279346319777,0.506345959542,0.213931167907
928,0.0828780152413,0.280040229813,0.0974128254498,0.0256764214166,0.0301715755592,0.15284652662,0.0175363611908,0.0411053066707,0.102048592705,0.0200985516161,0.0319294080972,0.118256185621,20,1,2,20,0.000439642008273,3.95677807446e-05,0.000439642008273,0.00141149273187,0.000404605852876,0.00248800232968,0.000439642008273,3.95677807446e-05,0.000439642008273,0.277735211255,0.503425647969,0.212697336267
929,0.0755607364006,0.0689751690503,0.0169829322199,0.0648562193928,0.00249000902793,0.198800397119,0.240279055574,0.00970340356786,0.0336292045568,0.201995183622,0.0303608888396,0.0563668006286,20,1,2,20,0.000363087558074,3.26778802266e-05,0.000363087558074,0.0229432596433,0.00640941982308,0.00271986858378,0.000363087558074,3.26778802266e-05,0.000363087558074,0.100309996727,0.608857468703,0.257242280527
930,0.294934594448,0.0602720907814,0.0312285172649,0.144555832993,0.113427641623,0.0624009574583,0.0249287789344,0.0826674161548,0.00565112788509,0.0338114288453,0.0706145485648,0.0755070650462,20,1,2,20,0.000554764008278,4.9928760745e-05,0.000554764008278,0.00368322013005,0.00106721850912,0.000518197983505,0.000554764008278,4.9928760745e-05,0.000554764008278,0.27733119539,0.502693324733,0.2123879297
931,0.00272507798558,0.0840525988148,0.0633762478094,0.0423050309863,0.0395843541068,0.102060953146,0.173626823674,0.280600775978,0.0384915266782,0.0450775225502,0.0741945745345,0.0539045137372,20,1,2,20,0.000183898512679,1.65508661411e-05,0.000183898512679,0.000140364934582,0.000209801599811,0.00146160832294,0.000183898512679,1.65508661411e-05,0.000183898512679,0.278730431518,0.505229594265,0.213459503577
932,0.208894083842,0.0673592035875,0.0198258137803,0.105754902788,0.0383294283597,0.0118978732332,0.0883173974283,0.0701091347565,0.0221341325702,0.196820886159,0.141630121935,0.0289270215602,20,1,2,20,1.01222272326e-05,9.1100045093e-07,1.01222272326e-05,2.41175754152e-05,0.00120542319095,1.83799280682e-06,1.01222272326e-05,9.1100045093e-07,1.01222272326e-05,0.279095613483,0.505891526782,0.213739170066
933,0.0859493759965,0.0145444155188,0.00313484780539,0.150569109278,0.0117448219335,0.135880818434,0.166551079932,0.137360517201,0.128976571853,0.0356200009226,0.0925844020707,0.0370840390547,20,1,2,20,0.000216000832015,1.94400748813e-05,0.000216000832015,0.000232004697752,0.00288065608227,4.20619794013e-05,0.000216000832015,1.94400748813e-05,0.000216000832015,0.278317643369,0.504481371103,0.213143379291
934,0.0460849646142,0.34233941859,0.111987520198,0.0259280041683,0.0873070002555,0.0303025760178,0.0791623892958,0.0643412986205,0.0610318555579,0.0418795765049,0.0623636485247,0.0472717476528,20,1,2,20,0.00050420020205,4.53780181845e-05,0.00050420020205,0.00269829976382,0.00603847633074,0.000218714140527,0.00050420020205,4.53780181845e-05,0.00050420020205,0.2763599624,0.50093285801,0.211644132509
935,0.0107794691777,0.078359925019,0.0594876340455,0.0119436898661,0.064190414119,0.138930007171,0.10843460402,0.0931257585114,0.051492037405,0.0588240234398,0.245580288052,0.0788521491733,20,1,2,20,7.54302872165e-05,6.78872584949e-06,7.54302872165e-05,0.0119001890725,0.00177192865732,0.000165125394269,7.54302872165e-05,6.78872584949e-06,7.54302872165e-05,0.275496509327,0.499367978171,0.210982970777
936,0.124100157405,0.0857246084216,0.0998073869204,0.103065137728,0.0243351431763,0.0613254260639,0.0306795365486,0.00221441947203,0.126413338686,0.236994290794,0.0343808904878,0.0709596642968,20,1,2,20,2.94536750147e-05,2.65083075133e-06,2.94536750147e-05,7.37826114494e-06,0.000192877626949,0.000187969825415,2.94536750147e-05,2.65083075133e-06,2.94536750147e-05,0.279308652698,0.506277683815,0.213902321412
937,0.00385467336722,0.14204687272,0.0469102314158,0.140020084956,0.129284994255,0.0854741101356,0.109884452276,0.0230819843463,0.0504606534638,0.0863688523783,0.137253669107,0.0453594215795,20,1,2,20,2.9238867356e-05,2.63149806204e-06,2.9238867356e-05,4.95987548831e-06,8.67904976232e-06,5.89963860664e-05,2.9238867356e-05,2.63149806204e-06,2.9238867356e-05,0.279397095843,0.506437996752,0.213970053628
938,0.0268064501746,0.413380916429,0.0350989927646,0.122277513547,0.130843030609,0.00642553271039,0.0551279793381,0.0987926437902,0.0200660248119,0.0490981182033,0.0287978833144,0.0132849143065,20,1,2,20,0.00186325853524,0.000167693268171,0.00186325853524,0.0224439619235,0.010961231365,0.001062130681,0.00186325853524,0.000167693268171,0.00186325853524,0.267643114722,0.485132612043,0.204968528588
939,0.0653205023065,0.0127238743543,0.0509497620783,0.00845725980043,0.190199408112,0.116432596649,0.0489364767609,0.02997354587,0.335031184083,0.12007812291,0.0117989449274,0.0100983221484,20,1,2,20,0.0610212339615,0.00549191105654,0.0610212339615,0.0693944158854,0.666285373004,0.00923401578136,0.0610212339615,0.00549191105654,0.0610212339615,4.52241022615e-06,9.0790579078e-06,3.83590196604e-06
940,0.0426257492844,0.13101874242,0.0479682409613,0.0394196460235,0.00523027632888,0.00114199884549,0.152252487445,0.0301919192311,0.175828218665,0.212130073573,0.0469050426033,0.115287604618,20,1,2,20,3.34971705283e-05,3.01474534755e-06,3.34971705283e-05,0.00014725153034,3.6770011963e-05,1.29218682641e-05,3.34971705283e-05,3.01474534755e-06,3.34971705283e-05,0.279357383597,0.506366013933,0.213939640887
941,0.0363334219947,0.0357481830531,0.0199921499885,0.0657175783535,0.0581700371725,0.0246941580212,0.111318112774,0.300125636669,0.142448716527,0.0844239484598,0.0844041993175,0.0366238576687,20,1,2,20,0.000406621024709,3.65958922238e-05,0.000406621024709,0.0221128623229,0.00685327316557,0.000524807665006,0.000406621024709,3.65958922238e-05,0.000406621024709,0.100565208424,0.610364971908,0.257879200631
942,0.0341187794874,0.0223695300126,0.30158162456,0.129374057724,0.0459087819694,0.0381290603806,0.0894103543789,0.10507738687,0.033755905445,0.0310256020157,0.115058821416,0.0541900957395,20,1,2,20,0.000846872897038,7.62185607334e-05,0.000846872897038,0.0290155499475,0.0025375006391,0.000319665428298,0.000846872897038,7.62185607334e-05,0.000846872897038,0.206970322339,0.532595453734,0.225021579203
943,0.116569761724,0.0770357998637,0.286930788913,0.0509738401928,0.018305861337,0.00371754930584,0.00232903770446,0.0227293056792,0.0329366167712,0.063330603894,0.215366151744,0.109774682871,20,1,2,20,0.000105369815575,9.48328340173e-06,0.000105369815575,0.00482165263504,0.00237668689464,0.000149442500273,0.000105369815575,9.48328340173e-06,0.000105369815575,0.277275115693,0.502591674129,0.212344982319
944,0.105973528068,0.015468972491,0.034199669161,0.0854159360166,0.0223779001742,0.0122879242912,0.375376223444,0.0470186797146,0.0279931146611,0.166386973235,0.0244179974191,0.0830830813242,20,1,2,20,1.16000082817e-05,1.04400074535e-06,1.16000082817e-05,2.21250814951e-06,5.02969851868e-06,1.36926910137e-06,1.16000082817e-05,1.04400074535e-06,1.16000082817e-05,0.279435591485,0.506507774344,0.21399953466
945,0.0599122544343,0.143046837335,0.169143267656,0.118794014578,0.0200434754104,0.0627960065157,0.0598592124758,0.0272467016519,0.00455137872371,0.251438010506,0.0627628305626,0.0204060101511,20,1,2,20,0.000196645917048,1.76981325343e-05,0.000196645917048,0.00137169820228,0.00135710029554,0.000432302561183,0.000196645917048,1.76981325343e-05,0.000196645917048,0.213711865508,0.54995082847,0.232354225029
946,0.0403396188335,0.059612622505,0.075867541881,0.0669242686823,0.095772278727,0.0420560247576,0.04345064328,0.185866509378,0.0378089959068,0.00473654823438,0.291853014297,0.0557119335168,20,1,2,20,4.70811225305e-05,4.23730102775e-06,4.70811225305e-05,7.72000100666e-05,0.000237833982934,0.000102974590001,4.70811225305e-05,4.23730102775e-06,4.70811225305e-05,0.279279739076,0.506225274692,0.213880178557
947,0.244766064669,0.0022574666225,0.106494246406,0.16026517361,0.0544363176845,0.147139815058,0.0251725530048,0.0106349288773,0.0459936159422,0.110693242281,0.00395832644886,0.0881882493959,20,1,2,20,6.93649797223e-05,6.24284817501e-06,6.93649797223e-05,1.49740102589e-06,0.00055706157172,1.72331508189e-06,6.93649797223e-05,6.24284817501e-06,6.93649797223e-05,0.279213950529,0.506106025707,0.213829795861
948,0.0566326282038,0.052482789471,0.153808474188,0.127284789131,0.148314621345,0.0395829538086,0.0259114273763,0.058236698177,0.150459255669,0.152748206017,0.00284971132376,0.03168844529,20,1,2,20,8.8625761005e-05,7.97631849045e-06,8.8625761005e-05,5.07630284845e-06,0.000220917140971,1.68584120205e-05,8.8625761005e-05,7.97631849045e-06,8.8625761005e-05,0.279280158292,0.506226034567,0.213880499604
949,0.178618282617,0.0745330742899,0.00868488723441,0.0748919091874,0.0398301646813,0.208474924066,0.0253183321657,0.0660587862532,0.145935492377,0.0641789068461,0.0508850280834,0.062590212199,20,1,2,20,0.000216359952621,1.94723957359e-05,0.000216359952621,0.00268288767188,0.00732449941204,0.000571178401927,0.000216359952621,1.94723957359e-05,0.000216359952621,0.276242619855,0.500720161728,0.21155426833
950,0.0497295757915,0.157177055987,0.093183332155,0.102505907664,0.0985144041961,0.175494607126,0.0310483070574,0.126277605857,0.00844216358176,0.0524616450788,0.0423809808652,0.0627844146403,20,1,2,20,0.000178601162623,1.60741046361e-05,0.000178601162623,0.000193961519752,0.000190989388781,6.66989500139e-05,0.000178601162623,1.60741046361e-05,0.000178601162623,0.279116708428,0.505929763693,0.21375532516
951,0.024412540153,0.0354410820447,0.0222504405253,0.0390637862078,0.308117161765,0.111435156961,0.022925189162,0.17247453957,0.118876193103,0.0708463105788,0.00873362254078,0.0654239773883,20,1,2,20,0.00049459488609,4.45135397481e-05,0.00049459488609,0.0405875610796,0.00144448041361,0.021846014641,0.00049459488609,4.45135397481e-05,0.00049459488609,0.200421762416,0.515734815343,0.217897959482
952,0.500813005135,0.0839317318332,0.0652881583769,0.0282774617876,0.00912767272461,0.0856020677207,0.0091323138628,0.0405524438116,0.0468373584732,0.085533385499,0.0301566761145,0.0147477246608,20,1,2,20,0.000641891533251,5.77702379926e-05,0.000641891533251,0.00388288397043,6.59483543887e-05,0.00415603105738,0.000641891533251,5.77702379926e-05,0.000641891533251,0.276436833109,0.501072194657,0.211703002243
953,0.0808093327384,0.229587835931,0.108965330961,0.0721774841573,0.171402371696,0.013152311757,0.0907670461183,0.034761385246,0.0626450724077,0.0288771416555,0.0784539201782,0.0284007671536,20,1,2,20,0.00089756450742,8.07808056678e-05,0.00089756450742,0.00372688564439,0.00069910834406,0.0031350687934,0.00089756450742,8.07808056678e-05,0.00089756450742,0.102629796246,0.622887396367,0.263169924965
954,0.0738348195718,0.205965729263,0.0626149503101,0.00669407720887,0.0632205929821,0.00283466461858,0.202485694482,0.266905288085,0.0164797589334,0.00388301759134,0.0527859850184,0.0422954219363,20,1,2,20,0.00191740925279,0.000172566832751,0.00191740925279,0.000800250446676,0.000231563772371,0.000351073628964,0.00191740925279,0.000172566832751,0.00191740925279,0.276825357808,0.50177643843,0.212000545237
955,0.0304297942152,0.0603179883859,0.00217161650504,0.0989835363905,0.223777897311,0.0643070671232,0.00324150284139,0.15678214284,0.136958197778,0.104423227597,0.039340397525,0.0792666314878,20,1,2,20,0.000109899568936,9.89096120424e-06,0.000109899568936,0.00018773359322,0.000277541000794,1.46847242837e-05,0.000109899568936,9.89096120424e-06,0.000109899568936,0.279189048151,0.506060887404,0.213810724928
956,0.0524163697734,0.0772825310914,0.00646689459706,0.250076176251,0.0208622306019,0.0144468598123,0.221470285703,0.0786138373437,0.0449145065878,0.0808555209723,0.00310326405243,0.149491523214,20,1,2,20,0.0017358013861,0.000156222124749,0.0017358013861,0.00425420546604,0.000768047881874,0.000315281153207,0.0017358013861,0.000156222124749,0.0017358013861,2.42299080889e-05,0.694117810754,0.293264775043
957,0.0756471780152,0.034707285825,0.00935783857216,0.00440009396602,0.00607350054229,0.00664677276527,0.236691386822,0.186349386031,0.0164524443502,0.0159150845317,0.113897624508,0.293861404071,20,1,2,20,6.49663574648e-06,5.84697217183e-07,6.49663574648e-06,1.99275725017e-06,1.06992114424e-05,2.32110589755e-06,6.49663574648e-06,5.84697217183e-07,6.49663574648e-06,0.279439763837,0.506515337189,0.214002729962
958,0.103129724203,0.00836633294303,0.0968306265857,0.0883400204668,0.0317519236746,0.236647314102,0.0177588025245,0.291624271467,0.0195016061664,0.0242856047705,0.0403737587513,0.0413900143447,20,1,2,20,0.00024098282183,2.16884539647e-05,0.00024098282183,4.63960988095e-05,0.0162705045164,6.17402163785e-05,0.00024098282183,2.16884539647e-05,0.00024098282183,0.274593017663,0.497730076141,0.210290957169
959,0.0189073090903,0.0281835197535,0.309761548083,0.175146049065,0.0591508845949,0.0779334774876,0.0219531644199,0.217194379803,0.00531350750977,0.0181074781365,0.0170400965674,0.0513085854894,20,1,2,20,0.000160908505783,1.44817655205e-05,0.000160908505783,8.07221020435e-05,0.0303074885958,0.000368178503699,0.000160908505783,1.44817655205e-05,0.000160908505783,0.270668669031,0.490616762189,0.207285582025
960,0.0926288888796,0.0990740461557,0.020625522192,0.177945857394,0.15961361279,0.0959991767346,0.00729567173223,0.00698131421455,0.172787361954,0.0647990127253,0.00503101223627,0.0972185229924,20,1,2,20,0.000139766221229,1.25789599107e-05,0.000139766221229,1.00993880131e-05,0.000268940597061,0.000242558771561,0.000139766221229,1.25789599107e-05,0.000139766221229,0.279142524486,0.505976558139,0.213775095814
961,0.16191609799,0.108840001348,0.0670933268993,0.0204842990659,0.064574931503,0.0969610422429,0.0815106806145,0.0913309614862,0.0130159751701,0.00190200098732,0.25140742515,0.040963257542,20,1,2,20,2.60044766691e-05,2.34040290022e-06,2.60044766691e-05,3.50007941566e-05,0.000613774823749,0.000401908487785,2.60044766691e-05,2.34040290022e-06,2.60044766691e-05,0.27912755671,0.505949427397,0.213763633075
962,0.0476559163112,0.0121575329074,0.0327674247454,0.041203270259,0.0876894664605,0.086252777872,0.0348631109065,0.00165146500848,0.309817270438,0.125160499339,0.0577879537294,0.162993312023,20,1,2,20,4.37722532647e-05,3.93950279383e-06,4.37722532647e-05,0.00965412305736,0.00109550124125,0.000982406196855,4.37722532647e-05,3.93950279383e-06,4.37722532647e-05,0.276121811053,0.5005013641,0.211461826332
963,0.149968085927,0.114409026494,0.0713433731678,0.0170451441936,0.0059623343992,0.129956152079,0.00946548992265,0.0112699888076,0.237115297,0.101350806304,0.12465386119,0.027460440516,20,1,2,20,6.86746636532e-05,6.18071972878e-06,6.86746636532e-05,4.02794954498e-05,0.000395542453042,0.000228086223324,6.86746636532e-05,6.18071972878e-06,6.86746636532e-05,0.279185798479,0.506054997016,0.213808236239
964,0.230986327339,0.100647963068,0.121947849858,0.0577870074137,0.00947208359506,0.200086065803,0.045643339024,0.0143850558226,0.0147504943489,0.0958888669365,0.0626674786791,0.045737468113,20,1,2,20,0.000529057396661,4.76151656995e-05,0.000529057396661,0.00752781020795,0.00117274751754,0.00490003231806,0.000529057396661,4.76151656995e-05,0.000529057396661,0.275032846193,0.498527313775,0.21062779007
965,0.0973639855656,0.0223290827137,0.0198980908915,0.0137335462483,0.0100006692791,0.0694971007243,0.0379630567948,0.267773970468,0.300971833951,0.06172378976,0.0634150156018,0.0353298580017,20,1,2,20,0.000445553346445,4.009980118e-05,0.000445553346445,0.00156062281979,0.00220067731481,5.26447118197e-05,0.000445553346445,4.009980118e-05,0.000445553346445,0.213349709147,0.549015067148,0.23195886587
966,0.0300601712754,0.00399852724215,0.154544292164,0.0681243380897,0.0829999227142,0.0323504212376,0.0040890983582,0.121309650645,0.0923110781777,0.109893541587,0.211249345096,0.0890696134131,20,1,2,20,0.000139668796777,1.25701917099e-05,0.000139668796777,0.0079536518682,0.0103878367244,0.000158769029621,0.000139668796777,1.25701917099e-05,0.000139668796777,2.40706317041e-05,0.689554907681,0.291336948495
967,0.168862339816,0.00931023722187,0.0357524395825,0.0175214322281,0.00401573986637,0.142228134431,0.0255559305603,0.245870129494,0.203983377027,0.0740358565632,0.00255906197382,0.0703053212357,20,1,2,20,0.000450577030054,4.05519327048e-05,0.000450577030054,0.00835476662845,0.00285919107443,0.00968987502239,0.000450577030054,4.05519327048e-05,0.000450577030054,0.273083617223,0.494994121663,0.209135016403
968,0.0935443381716,0.412499251007,0.248934429448,0.0118844971175,0.0232279847936,0.00769855891197,0.00449224417018,0.0628571861359,0.00291909930262,0.0266213582161,0.0984525720068,0.00686848071883,20,1,2,20,0.00128329238625,0.000115496314762,0.00128329238625,0.0398825195085,0.017623552866,0.0026855322278,0.00128329238625,0.000115496314762,0.00128329238625,0.261131887505,0.47333029576,0.199982049958
969,0.140488973699,0.074191435078,0.0173584984867,0.0981642066537,0.0724311573667,0.0901465768533,0.0823835592238,0.0221017271504,0.245905282119,0.0155487406209,0.0688014756438,0.0724783671049,20,1,2,20,0.000149131360294,1.34218224264e-05,0.000149131360294,0.000249856327357,0.000767225214191,0.00537679293264,0.000149131360294,1.34218224264e-05,0.000149131360294,0.277490568457,0.502982205963,0.212509982019
970,0.0506915618103,0.0113489469416,0.0576454525722,0.201183250063,0.0270276905634,0.0825241489704,0.0707953458805,0.19238994307,0.0236590752622,0.170598784403,0.0200656675077,0.0920701329552,20,1,2,20,0.000176412810392,1.58771529353e-05,0.000176412810392,0.0318117279253,0.000935239080073,0.00661636199999,0.000176412810392,1.58771529353e-05,0.000176412810392,0.268245335611,0.486224203751,0.205429726085
971,0.0631996655473,0.0329283606053,0.260471045168,0.110092634988,0.0423038430311,0.0530021265736,0.00735533067125,0.138178885715,0.0462083446646,0.142014638422,0.0998529240853,0.00439220052887,20,1,2,20,3.43829308773e-05,3.09446377896e-06,3.43829308773e-05,2.18073404874e-05,0.000266514417186,2.15332334032e-05,3.43829308773e-05,3.09446377896e-06,3.43829308773e-05,0.279324795617,0.506306944633,0.213914684107
972,0.00287326810949,0.0272954326628,0.251134849506,0.262533477807,0.0163252118314,0.0280371647392,0.0585870792289,0.0440423009334,0.00482162794035,0.219300307962,0.0599641937476,0.0250850855321,20,1,2,20,0.094223219009,0.00848008971081,0.094223219009,0.047545278933,0.53634313359,0.0222304616402,0.094223219009,0.00848008971081,0.094223219009,7.27995347017e-06,1.4615413347e-05,6.17501213913e-06
973,0.00510000330475,0.152522233211,0.0887100878455,0.00284615765473,0.0680781648554,0.00990490734431,0.132263960993,0.0582860166482,0.401048939143,0.0560342621309,0.000364389477392,0.0248408773918,20,1,2,20,0.000518300721727,4.66470649554e-05,0.000518300721727,0.104556886919,0.0260857037794,0.0237408954592,0.000518300721727,4.66470649554e-05,0.000518300721727,0.235702763472,0.427238842427,0.180508410926
974,0.286282056766,0.0414303914499,0.0284387188598,0.0404808839959,0.0445768594295,0.0075243419362,0.03192946404,0.0336402589237,0.0958581821855,0.284216155198,0.042543448537,0.0630792386789,20,1,2,20,0.000165127565955,1.48614809359e-05,0.000165127565955,0.00113760386529,0.00256702259734,5.36650622183e-05,0.000165127565955,1.48614809359e-05,0.000165127565955,0.213612896679,0.549693201104,0.232245377466
975,0.0792416907872,0.103196359454,0.092972955143,0.0382068906249,0.0882943731488,0.0989241077821,0.086147912869,0.188205189942,0.0428537741653,0.0656481753872,0.0558591728201,0.060449397877,20,1,2,20,0.000379430721403,3.41487649262e-05,0.000379430721403,0.009047685115,0.000195205874128,0.0105345258456,0.000379430721403,3.41487649262e-05,0.000379430721403,0.273481437263,0.495715378198,0.209439747289
976,0.0436000750658,0.0899382691534,0.154106161003,0.085523402022,0.103216873897,0.0112783158572,0.0671990518097,0.0622562003767,0.2024023022,0.16915296287,0.0102528533066,0.00107353243937,20,1,2,20,0.00018632956187,1.67696605683e-05,0.00018632956187,0.000133025588474,0.000616885011801,0.000250930649389,0.00018632956187,1.67696605683e-05,0.00018632956187,0.278954208443,0.505635214579,0.21363087816
977,0.0315875432284,0.1374065879,0.0562027058891,0.135226705623,0.0138894609039,0.241459622928,0.108176939805,0.161195383497,0.0309398297269,0.0498505026767,0.00240045875598,0.0316642590663,20,1,2,20,0.00282333224009,0.000254099901608,0.00282333224009,0.0692885872468,0.00979778611123,0.00229439896487,0.00282333224009,0.000254099901608,0.00282333224009,0.253411609574,0.459336442418,0.194069646922
978,0.183747055984,0.109325986923,0.0255824281129,0.0673905208492,0.0586900934608,0.0390159822964,0.0062643510044,0.228804186636,0.0193175244383,0.0777423301698,0.113715084742,0.0704044553828,20,1,2,20,0.000427960355203,3.85164319683e-05,0.000427960355203,0.00320984230867,0.00468893911616,8.08254098708e-05,0.000427960355203,3.85164319683e-05,0.000427960355203,0.10278480737,0.62386412057,0.263582590941
979,0.27341660941,0.0860422917873,0.0126271402764,0.0488587574174,0.00426206948987,0.127740872236,0.0300482055738,0.0618990012814,0.0504937883643,0.021178346866,0.2640060612,0.0194268560968,20,1,2,20,4.5955635865e-05,4.13600722785e-06,4.5955635865e-05,0.000155202041659,0.000923310253676,6.65234414669e-06,4.5955635865e-05,4.13600722785e-06,4.5955635865e-05,0.279094615973,0.505889718685,0.213738406145
980,0.126724180722,0.0520704377999,0.139954184263,0.0550795251181,0.41429086421,0.000904604820868,0.0550302059728,0.0303617609383,0.0207841666386,0.0545340069774,0.0474019785918,0.00286408394678,20,1,2,20,0.000571262738715,5.14136464843e-05,0.000571262738715,1.9622405875e-05,0.00388347909108,0.00158512629371,0.000571262738715,5.14136464843e-05,0.000571262738715,0.277250558008,0.5025471606,0.212326175354
981,0.000470788505106,0.182644936408,0.174215390879,0.0239494334015,0.239211476733,0.0445443777102,0.0984242371268,0.00206514078042,0.0804097774609,0.0070481160899,0.0111180457493,0.135898279155,20,1,2,20,0.000279033809032,2.51130428128e-05,0.000279033809032,0.00027124009244,0.000265833069949,0.000353554980538,0.000279033809032,2.51130428128e-05,0.000279033809032,0.278876719143,0.505494756691,0.213571534702
982,0.0145596767938,0.0638151375679,0.128663630062,0.133173943593,0.0292055929734,0.298938371867,0.0049913287876,0.0648012719031,0.0777602886272,0.102687143906,0.0122682756138,0.0691353383066,20,1,2,20,0.00115959755839,0.000104363780255,0.00115959755839,0.0435738074423,0.00419629341177,0.000223439485883,0.00115959755839,0.000104363780255,0.00115959755839,0.203228272578,0.522974389658,0.22095667963
983,0.0498084670653,0.0848410540871,0.271751422289,0.0761216067762,0.0444604231826,0.238482766374,0.00978838180286,0.0730505207272,0.0567646697268,0.00591096960703,0.0215290090957,0.0674907092658,20,1,2,20,0.00107804633141,9.70241698265e-05,0.00107804633141,0.0259961978543,0.0137332126451,0.00134050981587,0.00107804633141,9.70241698265e-05,0.00107804633141,0.266715221184,0.483450702872,0.204257921963
984,0.00130626511678,0.140588451028,0.0792763400752,0.00803939520647,0.0694925588112,0.167775860528,0.0243729589661,0.265185231716,0.00605833756933,0.0188003396345,0.108718251602,0.110386009746,20,1,2,20,0.000860347286654,7.74312557989e-05,0.000860347286654,0.0338813359362,0.00274445875366,0.00743698021184,0.000860347286654,7.74312557989e-05,0.000860347286654,0.0988491814582,0.599994229864,0.253497562118
985,0.0978366898968,0.0530368809008,0.0463919876306,0.0846939629567,0.0305378200822,0.0358827741367,0.105665033304,0.0128561797141,0.026241309242,0.13777263811,0.19330459704,0.175780126986,20,1,2,20,0.00127709216243,0.000114938294618,0.00127709216243,0.00442057636684,0.000130880204674,0.00319673203908,0.00127709216243,0.000114938294618,0.00127709216243,2.42173935715e-05,0.693771071182,0.293118277575
986,0.214547497696,0.0339622707177,0.103799351274,0.145991083533,0.113328334654,0.0248726785919,0.194786228844,0.0194729346247,0.0480560110805,0.0267234477852,0.0520658133225,0.0223943478756,20,1,2,20,0.000830621522767,7.4755937049e-05,0.000830621522767,5.49780026595e-05,0.000216864028991,0.00239894314861,0.000830621522767,7.4755937049e-05,0.000830621522767,0.277734937774,0.503425152254,0.212697126827
987,0.102542701259,0.239866610789,0.0363727968635,0.128318186297,0.1118505288,0.0311246318503,0.0130214851626,0.165445989962,0.019293463465,0.0393815297846,0.027426201004,0.085355874764,20,1,2,20,0.000132918279261,1.19626451335e-05,0.000132918279261,0.000112337149003,0.0067840741359,8.52646155169e-05,0.000132918279261,1.19626451335e-05,0.000132918279261,0.27734524506,0.502718791306,0.212398689327
988,0.0923194484474,0.190046927966,0.143429160613,0.036986632055,0.0138849941772,0.0613362968633,0.0259269491479,0.077219838421,0.0445915118802,0.0600711290205,0.225647470833,0.0285396405755,20,1,2,20,0.00063124323204,5.68118908836e-05,0.00063124323204,0.0031353079762,0.00348573583994,0.00020364205567,0.00063124323204,5.68118908836e-05,0.00063124323204,0.102815263064,0.624057261409,0.263664192945
989,0.0745074066439,0.020383950678,0.359520884151,0.0818794558453,0.102930430813,0.0271418481808,0.0365830446951,0.050837259879,0.111425568734,0.0260432393342,0.0527441767746,0.0560027342704,20,1,2,20,0.00153192358202,0.000137873122382,0.00153192358202,0.00590412018445,0.0022903468629,0.00309133707163,0.00153192358202,0.000137873122382,0.00153192358202,0.101962717289,0.618873840435,0.261474197584
990,0.0297651800158,0.00637404066581,0.124083228427,0.251187685881,0.0589350327012,0.180604375293,0.128260472806,0.0417978166175,0.0188267299478,0.0154481592249,0.114097452529,0.0306198258917,20,1,2,20,8.13321401613e-05,7.31989261452e-06,8.13321401613e-05,6.14200626249e-05,0.00546051580838,3.08266697206e-05,8.13321401613e-05,7.31989261452e-06,8.13321401613e-05,0.277804815264,0.503551812899,0.21275064095
991,0.0219306405471,0.20933945193,0.00118981881349,0.098245873776,0.0370334878134,0.0562015907035,0.167644596134,0.0898510556186,0.043983298709,0.185356526188,0.0354877236128,0.0537359361545,20,1,2,20,3.17550711774e-05,2.85795640597e-06,3.17550711774e-05,0.0151347041686,0.00689445336982,3.93014573021e-05,3.17550711774e-05,2.85795640597e-06,3.17550711774e-05,0.273247307312,0.495291035146,0.209260462349
992,0.0259544397967,0.0456495627315,0.118847027145,0.0668017766781,0.0057888971654,0.0719338896812,0.00272058342055,0.0984201814449,0.0557475504391,0.31900568753,0.0569118133564,0.132218590611,20,1,2,20,2.50899761371e-06,2.25809785234e-07,2.50899761371e-06,7.45774516371e-06,0.000346484794874,6.41100161665e-06,2.50899761371e-06,2.25809785234e-07,2.50899761371e-06,0.279347915899,0.506348852688,0.213932390261
993,0.0669032912698,0.0418953617462,0.0398698492154,0.0119456442425,0.138384951097,0.0980346671851,0.138655636598,0.0357720126249,0.0795108633409,0.0769921707358,0.203258430548,0.068777121396,20,1,2,20,0.000167411494655,1.5067034519e-05,0.000167411494655,0.00901612096713,0.000357189848382,0.000677991210551,0.000167411494655,1.5067034519e-05,0.000167411494655,0.276447074766,0.50109092665,0.21171091651
994,0.000994247428026,0.0314463288097,0.185194789542,0.0241925107501,0.0339068603761,0.0114648525937,0.229653593357,0.0453067245595,0.0523347959114,0.0567952751772,0.304623511045,0.0240865104511,20,1,2,20,9.49390898511e-06,8.5445180866e-07,9.49390898511e-06,5.63583677703e-06,0.00033791409117,7.67534776601e-07,9.49390898511e-06,8.5445180866e-07,9.49390898511e-06,0.279344238079,0.506342186235,0.213929573684
995,0.00956824971828,0.0369940139624,0.289176362707,0.0696011180857,0.015224902081,0.0949467244123,0.0176344068773,0.131438233934,0.0214578762512,0.0808180860906,0.15502855368,0.0781114722002,20,1,2,20,4.24184396812e-05,3.8176595713e-06,4.24184396812e-05,2.51767253805e-05,0.000313316942572,1.61802373448e-05,4.24184396812e-05,3.8176595713e-06,4.24184396812e-05,0.279302884565,0.506267228437,0.213897904015
996,0.0335514843305,0.142420976015,0.0756055588185,0.159345406358,0.0835439514652,0.0856742676586,0.0372749476209,0.181297921077,0.14524978241,0.00179359716017,0.00260738777703,0.0516347193082,20,1,2,20,0.0185168714808,0.00166651843327,0.0185168714808,0.000428958493751,0.0145500870119,0.00108551694165,0.0185168714808,0.00166651843327,0.0185168714808,0.253332585276,0.459193201748,0.194009127739
997,0.194127965689,0.0468236773624,0.114347823309,0.115955504024,0.0589093585084,0.285350074118,0.0440433254827,0.0155919634904,0.0114869093067,0.0116081678331,0.0759038934415,0.0258513374342,20,1,2,20,0.000323763405504,2.91387064953e-05,0.000323763405504,0.146968546178,0.00610421648796,0.00190195532767,0.000323763405504,2.91387064953e-05,0.000323763405504,0.23576432989,0.427351578968,0.180556042114
998,0.0877090012639,0.261135173302,0.0889949470447,0.0290260455954,0.00109220626335,0.0714127785068,0.0552585905039,0.0566725283832,0.0633128218465,0.00515214243881,0.0688420566426,0.211391708209,20,1,2,20,0.001241646937,0.00011174822433,0.001241646937,0.00472806995304,0.00354054061408,0.000189756002125,0.001241646937,0.00011174822433,0.001241646937,2.42040079265e-05,0.693375989614,0.292951355612
999,0.0544029406388,0.291197407396,0.0664073603684,0.0356710018393,0.149462234277,0.00667370474671,0.117592295919,0.0226643999922,0.158945441996,0.0263637595026,0.00292258979243,0.0676968635319,20,1,2,20,0.000652870089024,5.87583080121e-05,0.000652870089024,0.00559937993676,0.0198420716086,0.00283395598374,0.000652870089024,5.87583080121e-05,0.000652870089024,0.270787319199,0.490831828682,0.207376447618
